  0.10011597	-4.8828124e-008
  0.09985657	-1.0986328e-007
 0.099392697	1.3427734e-007
 0.099050902	1.2207031e-008
 0.098574832	4.2724608e-008
 0.098284915	4.2724608e-008
 0.097808838	3.1738281e-007
 0.097363278	2.5634765e-007
 0.096936032	4.2724608e-008
 0.096606448	2.8686523e-007
 0.096221924	3.1738281e-007
 0.095831297	1.3427734e-007
 0.095562741	2.2583008e-007
 0.095098875	4.2724608e-008
 0.094760135	1.0375977e-007
 0.094323732	7.3242184e-008
 0.093911745	1.2207031e-008
 0.093460083	3.7841798e-007
 0.093133546	4.2724608e-008
 0.092813112	-4.8828124e-008
 0.092395023	-1.0986328e-007
 0.091937259	1.3427734e-007
 0.091574095	-1.0986328e-007
 0.091192625	1.3427734e-007
 0.090896606	-2.0141601e-007
  0.09040527	-1.7089843e-007
 0.090026855	-1.7089843e-007
 0.089660645	-1.0986328e-007
 0.089306638	-3.2348632e-007
 0.088812254	7.3242184e-008
 0.088586427	-2.9296876e-007
 0.088058472	-2.6245118e-007
 0.087695315	-1.4038086e-007
  0.08726196	-2.9296876e-007
 0.086947635	-2.9296876e-007
 0.086520389	-2.9296876e-007
 0.086129762	4.2724608e-008
 0.085601807	-3.2348632e-007
 0.085385129	-3.540039e-007
 0.084945679	-2.6245118e-007
 0.084652707	-2.0141601e-007
 0.084158324	-1.0986328e-007
 0.083773807	-1.4038086e-007
  0.08335571	-2.9296876e-007
 0.082925417	1.3427734e-007
 0.082489014	-2.0141601e-007
 0.082266234	-3.2348632e-007
 0.081777953	4.2724608e-008
 0.081539914	-1.7089843e-007
 0.081045531	-2.0141601e-007
 0.080618285	1.0375977e-007
 0.080191039	-2.319336e-007
  0.07982178	-2.319336e-007
 0.079504393	-1.7089843e-007
 0.079034425	-1.7089843e-007
 0.078775026	-1.8310548e-008
 0.078369141	-1.7089843e-007
 0.077911377	-1.4038086e-007
  0.07749939	-2.319336e-007
 0.077078246	-2.0141601e-007
 0.076696776	1.3427734e-007
 0.076394655	-2.6245118e-007
  0.07598877	-4.8828124e-008
 0.075662233	-1.7089843e-007
 0.075207517	-4.7607421e-007
 0.074752808	-4.4555665e-007
 0.074337766	-4.8828124e-008
  0.07402344	-3.8452148e-007
 0.073583983	-2.319336e-007
 0.073107913	-4.8828124e-008
 0.072924808	-2.9296876e-007
 0.072445676	-2.9296876e-007
 0.071951292	-3.8452148e-007
 0.071575925	-2.0141601e-007
  0.07131958	-4.1503907e-007
 0.070907593	-3.8452148e-007
 0.070474245	-4.1503907e-007
 0.070065305	-3.8452148e-007
 0.069775388	-3.8452148e-007
 0.069335938	-3.2348632e-007
 0.068899535	-4.4555665e-007
 0.068582155	-4.7607421e-007
 0.068215944	-4.1503907e-007
  0.06773071	-3.8452148e-007
 0.067340091	-2.0141601e-007
 0.066943362	-2.319336e-007
 0.066586301	-5.3710937e-007
 0.066195682	-5.0659179e-007
 0.065875247	-3.8452148e-007
 0.065438844	-4.1503907e-007
  0.06495361	-4.1503907e-007
 0.064602658	-1.7089843e-007
 0.064300537	-3.2348632e-007
 0.063854977	-4.8828124e-008
 0.063433841	-7.9345703e-008
 0.063110352	-3.2348632e-007
 0.062643431	4.0893553e-007
  0.06221924	2.5634765e-007
 0.061779786	-1.8310548e-008
   0.0614563	3.7841798e-007
 0.061096191	1.3427734e-007
 0.060812376	2.8686523e-007
 0.060400389	6.2255862e-007
 0.059890747	9.2773439e-007
 0.059500121	7.1411131e-007
 0.059091188	6.8359373e-007
 0.058819581	9.5825192e-007
   0.0583313	8.9721681e-007
  0.05793152	9.8876956e-007
 0.057546996	9.2773439e-007
 0.057147216	1.1718751e-006
 0.056872558	9.8876956e-007
 0.056460571	8.9721681e-007
 0.056112669	7.7514648e-007
 0.055654906	7.4462889e-007
 0.055166624	5.9204103e-007
 0.054803468	4.3945312e-007
 0.054501344	3.1738281e-007
 0.054150391	-4.8828124e-008
 0.053665161	-1.8310548e-008
 0.053390503	-1.7089843e-007
 0.052893065	-2.0141601e-007
 0.052609254	-2.6245118e-007
  0.05218811	-2.319336e-007
 0.051708985	-2.0141601e-007
  0.05142517	-2.9296876e-007
 0.050991822	-2.6245118e-007
 0.050503541	-1.0986328e-007
 0.050091553	-1.7089843e-007
 0.049856566	-1.4038086e-007
 0.049420167	-4.8828124e-008
 0.048983764	-1.8310548e-008
 0.048571777	1.0375977e-007
 0.048196413	-1.0986328e-007
 0.047781371	3.7841798e-007
 0.047546387	1.0375977e-007
 0.047042847	5.3100587e-007
 0.046673585	1.953125e-007
 0.046313476	5.0048828e-007
 0.045956422	6.8359373e-007
 0.045452882	1.0192871e-006
  0.04498291	6.8359373e-007
 0.044729613	1.2023926e-006
 0.044268798	1.2939453e-006
 0.043991089	1.2634277e-006
 0.043588258	1.1108399e-006
 0.043099977	1.2939453e-006
 0.042691041	1.2329101e-006
 0.042315673	1.3549804e-006
 0.042037964	1.1108399e-006
 0.041574098	6.8359373e-007
 0.041281126	8.3618164e-007
 0.040802002	5.6152345e-007
 0.040319823	6.2255862e-007
 0.039971925	4.3945312e-007
 0.039611816	7.3242184e-008
  0.03920288	3.1738281e-007
 0.038912963	-1.0986328e-007
 0.038504027	-2.6245118e-007
 0.038034059	-2.6245118e-007
 0.037765503	-3.8452148e-007
 0.037338257	-3.2348632e-007
 0.036877442	-3.540039e-007
 0.036566161	-3.540039e-007
 0.036050417	1.2207031e-008
 0.035769653	-7.9345703e-008
 0.035287477	3.7841798e-007
 0.034881592	2.8686523e-007
 0.034579467	1.0375977e-007
 0.034207154	4.0893553e-007
 0.033746339	3.7841798e-007
 0.033441164	9.5825192e-007
 0.032977294	1.0498047e-006
 0.032540895	1.1108399e-006
 0.032196045	1.3244629e-006
  0.03173523	1.3854981e-006
 0.031521607	1.3549804e-006
 0.031024169	1.6601563e-006
 0.030545045	1.2939453e-006
 0.030282592	1.1108399e-006
 0.029876709	8.0566406e-007
 0.029406738	6.2255862e-007
 0.029010009	3.479004e-007
 0.028652955	1.0375977e-007
 0.028311158	1.2207031e-008
 0.027935792	-7.9345703e-008
 0.027462769	-2.319336e-007
 0.027090454	-2.6245118e-007
  0.02669983	-2.319336e-007
 0.026339721	1.2207031e-008
 0.026052857	-2.9296876e-007
 0.025576781	-2.319336e-007
  0.02507019	-7.9345703e-008
 0.024694825	-1.7089843e-007
 0.024465943	3.1738281e-007
 0.024069214	1.1718751e-006
 0.023648072	1.9653321e-006
 0.023251344	2.8808595e-006
 0.022891235	4.13208e-006
 0.022467041	5.383301e-006
 0.022070313	6.2683107e-006
 0.021688843	7.3364258e-006
 0.021243285	8.0383297e-006
 0.020996094	9.1064458e-006
 0.020602416	9.8693845e-006
 0.020135498	1.0479736e-005
 0.019760132	1.0876465e-005
 0.019415284	1.1242676e-005
 0.018960571	1.1547851e-005
 0.018624878	1.1761475e-005
 0.018222045	1.1517334e-005
 0.017868042	1.1425781e-005
  0.01737671	1.0876465e-005
 0.017034912	1.0632324e-005
 0.016592408	9.6557615e-006
 0.016226197	9.2285154e-006
 0.015811156	8.4045414e-006
 0.015512085	6.8176269e-006
  0.01499939	5.7189941e-006
 0.014575195	3.8574217e-006
 0.014172363	2.3620605e-006
 0.013833618	1.0498047e-006
  0.01342163	7.3242184e-008
 0.013101196	-5.0659179e-007
 0.012713623	-7.9345703e-008
 0.012286377	3.1738281e-007
 0.011959839	9.5825192e-007
 0.011462403	2.6672362e-006
 0.011175537	5.4748534e-006
 0.010842895	8.7707522e-006
 0.010437012	1.1517334e-005
 0.010018921	1.4569092e-005
0.0095001217	1.7315673e-005
0.0091308597	2.1038819e-005
0.0088195801	2.3815917e-005
0.0083129881	2.7355956e-005
0.0080352779	3.0895997e-005
0.0077087404	3.4680175e-005
0.0071319579	3.7884522e-005
0.0068054199	4.2065429e-005
0.0065185549	4.5758057e-005
0.0060791015	4.9542236e-005
0.0055786134	5.3265379e-005
0.0053283693	5.7019042e-005
0.0048431396	6.0406495e-005
0.0045104981	6.3671876e-005
0.0040130615	6.6815184e-005
0.0036315918	6.9561771e-005
0.0032836914	7.1850583e-005
 0.002999878	7.4139403e-005
0.0025238036	7.6306154e-005
0.0022094727	7.7709963e-005
 0.001739502	7.9357909e-005
0.0013183594	8.0120852e-005
0.00097045902	8.0059814e-005
0.00053710939	8.2318118e-005
0.00015869141	8.2501218e-005
-0.00019836424	8.1951905e-005
-0.00051879883	8.1402584e-005
-0.0010650635	8.0883787e-005
-0.0013641358	7.9937745e-005
-0.0017852783	7.8564452e-005
-0.0020965575	7.6916505e-005
-0.0026092529	7.5115968e-005
-0.0029815673	7.304077e-005
-0.0032531738	7.1423339e-005
-0.0036315918	6.8524168e-005
-0.0040008547	6.6143795e-005
-0.0044433596	6.147461e-005
-0.0048370361	5.8270263e-005
-0.0052185059	5.6256104e-005
-0.0056488039	5.2044677e-005
-0.0059844973	4.7314454e-005
-0.0064056395	4.3560791e-005
-0.0068176268	4.029541e-005
-0.0072082519	3.5473633e-005
-0.0075439452	3.2269287e-005
-0.0080352779	2.8363038e-005
-0.0083557125	2.4182129e-005
-0.0088470457	2.0916748e-005
-0.0092285154	1.8414306e-005
-0.0096160891	1.4752197e-005
-0.0099456785	1.1486816e-005
-0.010375977	9.0759277e-006
-0.010714722	6.4514161e-006
-0.011074829	4.13208e-006
-0.011514282	1.2634277e-006
-0.011901855	-3.2348632e-007
-0.012322998	-3.2348632e-007
-0.012789917	-7.9345703e-008
-0.013143921	3.1738281e-007
-0.013522339	8.9721681e-007
-0.013943481	1.6906738e-006
 -0.01423645	3.3386229e-006
-0.014578247	4.9255373e-006
-0.015005494	6.5429685e-006
-0.015408325	7.672119e-006
-0.015734863	8.9843752e-006
-0.016134644	9.9304198e-006
-0.016598511	1.0845947e-005
-0.016949464	1.1364746e-005
 -0.01732788	1.1700439e-005
-0.017700195	1.2005616e-005
-0.018096924	1.206665e-005
-0.018560791	1.2127685e-005
 -0.01902771	1.1914062e-005
-0.019345094	1.1425781e-005
-0.019763183	1.1029053e-005
-0.020117188	1.0510254e-005
-0.020501709	1.0083008e-005
-0.020828247	9.1064458e-006
-0.021255493	8.2519527e-006
-0.021697998	7.4890136e-006
-0.022109985	6.4514161e-006
-0.022583008	6.1767578e-006
-0.022946168	3.8879393e-006
-0.023187255	2.9113769e-006
-0.023718262	1.8432618e-006
-0.024047852	1.2023926e-006
-0.024481202	3.479004e-007
-0.024801636	1.3427734e-007
-0.025192261	4.2724608e-008
-0.025646973	1.0375977e-007
-0.026037598	-1.0986328e-007
-0.026272584	-4.4555665e-007
-0.026712036	-2.319336e-007
-0.027188111	-2.6245118e-007
-0.027471924	-1.7089843e-007
-0.027957153	-2.0141601e-007
-0.028411865	3.1738281e-007
-0.028643798	7.3242184e-008
-0.029074097	5.9204103e-007
-0.029431153	7.1411131e-007
-0.029953003	8.0566406e-007
-0.030206298	9.2773439e-007
-0.030651856	1.0803222e-006
-0.031027222	1.1718751e-006
-0.031375121	1.2939453e-006
-0.031842042	1.4160156e-006
-0.032318115	1.1413574e-006
-0.032717895	1.0498047e-006
-0.033013918	8.0566406e-007
-0.033480834	7.4462889e-007
-0.033889771	3.7841798e-007
-0.034265138	4.2724608e-008
-0.034582518	7.3242184e-008
-0.035028078	-1.8310548e-008
-0.035311889	1.2207031e-008
-0.035736084	-2.0141601e-007
-0.036206055	1.2207031e-008
-0.036599733	-2.0141601e-007
-0.036968995	2.5634765e-007
-0.037298582	4.2724608e-008
-0.037713625	-2.0141601e-007
-0.038150024	-1.8310548e-008
-0.038397215	-2.6245118e-007
-0.038900755	-1.8310548e-008
-0.039334107	-2.6245118e-007
-0.039590456	-1.7089843e-007
-0.039987184	-2.0141601e-007
-0.040405273	-2.0141601e-007
-0.040890504	1.3427734e-007
-0.041293334	4.0893553e-007
-0.041531373	1.3427734e-007
 -0.04206543	3.479004e-007
-0.042416383	6.8359373e-007
 -0.04272766	5.3100587e-007
-0.043222047	4.699707e-007
-0.043475341	5.3100587e-007
-0.043859862	6.530762e-007
  -0.0443573	4.3945312e-007
-0.044689942	4.699707e-007
-0.045162965	3.479004e-007
-0.045498658	7.3242184e-008
-0.045962524	4.2724608e-008
-0.046301268	1.3427734e-007
-0.046615601	-7.9345703e-008
-0.047091674	1.6479493e-007
-0.047442626	-2.0141601e-007
-0.047875978	4.2724608e-008
-0.048181154	-3.2348632e-007
-0.048596192	-4.4555665e-007
-0.049053956	-4.4555665e-007
-0.049359132	-3.8452148e-007
-0.049856566	-2.6245118e-007
-0.050262451	-2.9296876e-007
-0.050643921	4.2724608e-008
-0.051037598	1.6479493e-007
-0.051278688	-1.0986328e-007
-0.051757813	1.6479493e-007
-0.052108765	1.2207031e-008
-0.052517701	2.5634765e-007
-0.052865602	1.6479493e-007
-0.053347778	2.8686523e-007
-0.053805541	7.4462889e-007
-0.054037474	4.699707e-007
-0.054449461	8.6669922e-007
-0.054885864	9.2773439e-007
-0.055267334	8.9721681e-007
-0.055703737	1.2329101e-006
-0.056118775	1.5686035e-006
-0.056527711	1.5075684e-006
-0.056909181	1.2329101e-006
-0.057275392	1.1413574e-006
 -0.05770874	1.1413574e-006
-0.057995606	1.1413574e-006
-0.058419801	1.0192871e-006
-0.058721922	6.8359373e-007
-0.059179686	7.1411131e-007
-0.059490968	5.9204103e-007
-0.060064696	1.953125e-007
-0.060437012	1.6479493e-007
-0.060647584	1.0375977e-007
-0.061126709	2.2583008e-007
-0.061593629	7.3242184e-008
-0.061846923	-1.0986328e-007
-0.062353514	-1.0986328e-007
 -0.06262207	-2.0141601e-007
-0.063073732	1.3427734e-007
-0.063461304	-2.319336e-007
-0.063870236	-2.6245118e-007
-0.064285278	-1.0986328e-007
-0.064593509	-2.0141601e-007
-0.064981081	-1.8310548e-008
-0.065371707	-1.0986328e-007
-0.065762326	1.2207031e-008
-0.066293336	1.953125e-007
-0.066598512	4.2724608e-008
 -0.06694641	4.2724608e-008
-0.067453004	1.2207031e-008
 -0.06769409	1.3427734e-007
 -0.06810303	-1.8310548e-008
-0.068554685	3.1738281e-007
 -0.06892395	1.3427734e-007
-0.069326781	-1.8310548e-008
-0.069726564	1.0375977e-007
-0.070077516	7.3242184e-008
-0.070581056	1.6479493e-007
-0.070803836	2.5634765e-007
-0.071209714	1.0375977e-007
-0.071643069	4.2724608e-008
-0.072027586	1.953125e-007
-0.072509766	5.3100587e-007
-0.072814941	7.3242184e-008
-0.073254392	7.3242184e-008
-0.073641971	4.3945312e-007
-0.074047849	1.3427734e-007
-0.074447632	4.3945312e-007
-0.074777223	-1.8310548e-008
 -0.07510376	7.3242184e-008
-0.075546265	-1.4038086e-007
 -0.07601013	-7.9345703e-008
 -0.07642822	-2.319336e-007
-0.076675415	-2.319336e-007
-0.077166751	-2.319336e-007
-0.077612303	-2.6245118e-007
-0.077865601	-3.2348632e-007
 -0.07828369	-4.7607421e-007
-0.078701779	-4.7607421e-007
 -0.07909546	-3.8452148e-007
-0.079531863	-3.2348632e-007
-0.079959109	-3.8452148e-007
-0.080209352	-4.4555665e-007
-0.080685422	-2.9296876e-007
-0.081048585	-4.1503907e-007
   -0.081427	-4.4555665e-007
-0.081851199	-3.540039e-007
-0.082177736	-3.2348632e-007
-0.082678221	-3.2348632e-007
-0.082913205	-2.6245118e-007
-0.083374023	-4.1503907e-007
-0.083746336	-3.8452148e-007
 -0.08423157	-3.2348632e-007
-0.084457397	-2.6245118e-007
-0.084909059	-3.540039e-007
-0.085357666	-3.540039e-007
-0.085760497	-3.8452148e-007
-0.086083986	-3.8452148e-007
-0.086471558	-2.9296876e-007
-0.086911008	-2.6245118e-007
-0.087252811	-2.9296876e-007
-0.087698363	-2.6245118e-007
-0.088031009	-1.7089843e-007
-0.088470459	-2.0141601e-007
-0.088888548	-7.9345703e-008
-0.089254759	-1.8310548e-008
-0.089666747	-3.2348632e-007
-0.090103149	4.2724608e-008
-0.090515137	-1.7089843e-007
-0.090750121	-2.319336e-007
-0.091210939	-1.8310548e-008
-0.091711424	-1.4038086e-007
-0.091909789	-2.319336e-007
-0.092404172	-3.2348632e-007
-0.092849731	-3.2348632e-007
-0.093106076	-2.6245118e-007
-0.093588255	4.2724608e-008
-0.094042972	-3.540039e-007
-0.094320677	-2.6245118e-007
-0.094744876	7.3242184e-008
-0.095043942	-2.9296876e-007
-0.095486447	-4.8828124e-008
-0.095883176	-1.7089843e-007
-0.096289061	-1.4038086e-007
-0.096664429	-3.540039e-007
-0.097009279	-2.9296876e-007
-0.097485349	-3.2348632e-007
-0.097875975	-1.0986328e-007
-0.098168947	-3.540039e-007
-0.098587036	-2.6245118e-007
-0.099047855	-2.6245118e-007
-0.099377438	-3.8452148e-007
-0.099523924	-2.9296876e-007
-0.099411011	-1.8310548e-008
 -0.09898071	-2.9296876e-007
-0.098565675	-2.6245118e-007
-0.098229982	-1.0986328e-007
-0.097781375	-2.319336e-007
-0.097439572	-1.7089843e-007
-0.096997067	-2.6245118e-007
-0.096719362	-7.9345703e-008
-0.096301273	-7.9345703e-008
-0.095812991	-3.2348632e-007
-0.095379636	-2.9296876e-007
-0.095104977	-4.1503907e-007
-0.094845578	-3.2348632e-007
-0.094357297	-3.540039e-007
-0.093994141	-3.540039e-007
-0.093545534	-2.319336e-007
-0.093084715	-1.4038086e-007
-0.092764281	-2.0141601e-007
-0.092404172	-2.6245118e-007
-0.092037961	-2.6245118e-007
-0.091598511	-2.0141601e-007
 -0.09116821	-1.4038086e-007
 -0.09088745	-2.6245118e-007
-0.090365604	-2.0141601e-007
-0.090090945	-4.8828124e-008
-0.089636229	-2.6245118e-007
-0.089215085	-2.6245118e-007
-0.088928223	-2.9296876e-007
-0.088552855	1.2207031e-008
-0.088018797	-7.9345703e-008
-0.087646484	-4.1503907e-007
-0.087228395	-2.6245118e-007
-0.086935423	-2.0141601e-007
-0.086474612	-2.6245118e-007
-0.086044312	-3.540039e-007
-0.085772708	1.2207031e-008
-0.085385129	-3.2348632e-007
-0.084896848	-2.9296876e-007
-0.084506229	-3.540039e-007
-0.084197998	-1.4038086e-007
-0.083718874	-2.6245118e-007
-0.083462521	-4.4555665e-007
-0.082983397	-3.8452148e-007
 -0.08265686	-2.0141601e-007
 -0.08221741	-3.8452148e-007
-0.081771851	-3.8452148e-007
 -0.08152771	-2.0141601e-007
-0.081030272	-2.6245118e-007
-0.080654904	-3.2348632e-007
 -0.08023987	-5.3710937e-007
-0.079943851	-2.319336e-007
-0.079443358	-3.8452148e-007
-0.079147339	-1.7089843e-007
-0.078683473	-3.8452148e-007
-0.078286745	-3.540039e-007
-0.077847287	-3.540039e-007
-0.077532962	-7.9345703e-008
-0.077090457	-2.0141601e-007
-0.076754764	-2.0141601e-007
 -0.07626953	-2.6245118e-007
-0.076086424	-3.2348632e-007
-0.075549319	-2.319336e-007
-0.075286865	-1.4038086e-007
-0.074810788	4.2724608e-008
-0.074383542	-1.0986328e-007
-0.074142456	-7.9345703e-008
-0.073672488	-4.8828124e-008
 -0.07324829	4.2724608e-008
-0.072851561	1.3427734e-007
-0.072482303	1.6479493e-007
-0.072061159	1.953125e-007
-0.071691893	5.0048828e-007
-0.071316525	4.699707e-007
-0.070849612	1.3427734e-007
-0.070495605	1.0375977e-007
-0.070169069	1.3427734e-007
-0.069833376	4.3945312e-007
-0.069281004	1.0375977e-007
-0.068887331	1.3427734e-007
-0.068539426	1.0375977e-007
-0.068185426	3.7841798e-007
-0.067739867	-1.8310548e-008
-0.067443848	1.953125e-007
-0.066979982	1.2207031e-008
-0.066607669	3.1738281e-007
-0.066180423	1.0375977e-007
-0.065792844	-1.4038086e-007
-0.065518185	-2.0141601e-007
-0.065075681	1.2207031e-008
-0.064715579	-1.0986328e-007
-0.064315796	-1.4038086e-007
-0.063784793	-1.0986328e-007
-0.063482665	-1.4038086e-007
-0.063110352	-1.8310548e-008
-0.062692262	-7.9345703e-008
-0.062283326	-1.7089843e-007
-0.061941527	-1.7089843e-007
-0.061520386	-1.0986328e-007
 -0.06114807	3.1738281e-007
-0.060772706	-1.4038086e-007
 -0.06036377	1.0375977e-007
-0.060028076	1.3427734e-007
-0.059622191	1.0375977e-007
-0.059265137	4.3945312e-007
-0.058847047	5.0048828e-007
-0.058407594	7.7514648e-007
-0.057958983	7.4462889e-007
-0.057614136	8.6669922e-007
-0.057150267	1.0498047e-006
-0.056933593	1.0803222e-006
-0.056442261	1.1718751e-006
-0.056103516	1.5991211e-006
-0.055654906	1.1108399e-006
-0.055221558	1.2329101e-006
 -0.05491028	1.2023926e-006
-0.054541014	1.2329101e-006
-0.054013062	8.6669922e-007
-0.053704835	5.9204103e-007
-0.053323366	6.8359373e-007
-0.053005982	3.7841798e-007
-0.052511595	4.0893553e-007
-0.052157592	2.5634765e-007
-0.051785279	2.2583008e-007
-0.051364135	4.2724608e-008
 -0.05102234	-1.4038086e-007
-0.050634764	1.0375977e-007
 -0.05013733	-1.8310548e-008
-0.049777221	-1.4038086e-007
-0.049456786	-4.1503907e-007
-0.049008179	-2.9296876e-007
-0.048678588	-2.0141601e-007
-0.048242189	-4.4555665e-007
-0.047827147	-3.2348632e-007
-0.047418214	-3.540039e-007
-0.047061156	-3.540039e-007
-0.046810914	-3.2348632e-007
-0.046340942	-3.2348632e-007
-0.045910645	-1.0986328e-007
-0.045458984	-7.9345703e-008
-0.045166016	4.2724608e-008
-0.044662476	3.479004e-007
-0.044366457	6.530762e-007
-0.043991089	2.8686523e-007
-0.043597411	2.8686523e-007
-0.043188475	5.6152345e-007
-0.042700194	5.6152345e-007
-0.042492677	5.9204103e-007
-0.041986085	5.3100587e-007
-0.041558839	3.479004e-007
-0.041342162	3.1738281e-007
-0.040863037	3.1738281e-007
-0.040396117	1.2207031e-008
-0.039990235	7.3242184e-008
-0.039587401	-1.0986328e-007
-0.039337158	-3.2348632e-007
-0.038931273	-3.540039e-007
-0.038446046	-1.7089843e-007
-0.038076781	-2.319336e-007
-0.037799072	1.6479493e-007
-0.037249755	-2.6245118e-007
-0.036895752	-4.8828124e-008
-0.036532592	1.3427734e-007
-0.036132813	-1.8310548e-008
-0.035742186	-4.8828124e-008
 -0.03531494	1.2207031e-008
-0.034948729	-4.8828124e-008
-0.034698486	-4.8828124e-008
-0.034240723	-4.8828124e-008
 -0.03380432	2.8686523e-007
-0.033367921	1.6479493e-007
-0.033114623	2.5634765e-007
-0.032543946	6.530762e-007
-0.032330323	6.530762e-007
-0.031915285	6.2255862e-007
-0.031497192	1.0803222e-006
-0.031051636	1.2634277e-006
-0.030697633	1.2634277e-006
-0.030236816	1.1413574e-006
-0.029858399	1.2939453e-006
-0.029531861	1.3549804e-006
-0.029107666	1.0498047e-006
-0.028756713	9.2773439e-007
-0.028286744	5.3100587e-007
-0.027938843	2.2583008e-007
-0.027597046	2.8686523e-007
-0.027096558	-7.9345703e-008
-0.026651001	-1.4038086e-007
-0.026461791	-7.9345703e-008
-0.026010131	1.953125e-007
-0.025552368	-2.9296876e-007
-0.025283813	-3.2348632e-007
-0.024884034	-3.2348632e-007
-0.024472047	-2.6245118e-007
-0.024087524	2.8686523e-007
-0.023596192	4.3945312e-007
-0.023291016	1.2634277e-006
-0.022891235	2.2094728e-006
 -0.02250061	3.1555176e-006
-0.022018433	3.9489746e-006
-0.021679688	5.3222657e-006
-0.021298219	6.2072754e-006
-0.020904541	7.2448729e-006
 -0.02043457	8.2824708e-006
-0.020101929	9.1064458e-006
-0.019708252	1.005249e-005
-0.019287109	1.0662842e-005
-0.018902589	1.1151123e-005
-0.018487548	1.1639404e-005
-0.018145751	1.194458e-005
-0.017700195	1.1975098e-005
-0.017352294	1.2188721e-005
-0.016906738	1.194458e-005
-0.016516114	1.1791993e-005
-0.016174316	1.1334228e-005
-0.015771484	1.0784912e-005
-0.015515137	9.8083492e-006
-0.015106201	8.8623046e-006
-0.014682007	7.8552248e-006
-0.014266968	6.3903808e-006
-0.013815308	5.383301e-006
-0.013415528	3.2775879e-006
-0.013000488	1.8737793e-006
-0.012628173	6.530762e-007
-0.012289429	1.0375977e-007
-0.011892701	4.2724608e-008
-0.011581421	1.3427734e-007
-0.011166382	-7.9345703e-008
-0.010775757	7.4462889e-007
-0.010412598	3.3691406e-006
  -0.0099823	5.9326171e-006
-0.0096588135	9.2590335e-006
-0.0091461185	1.2188721e-005
-0.0088531496	1.4904786e-005
-0.0083007813	1.7803955e-005
-0.007958984	2.1191407e-005
-0.0077026365	2.4639892e-005
-0.0071533201	2.8424072e-005
-0.0067810058	3.2025146e-005
-0.0063720704	3.5321045e-005
-0.0059692385	3.9349365e-005
-0.0056915283	4.295044e-005
-0.005319214	4.7070313e-005
-0.0048370361	5.0640869e-005
-0.0043945313	5.4272459e-005
-0.0040588379	5.7690431e-005
-0.0037994385	6.1108396e-005
-0.0032501221	6.4434811e-005
-0.0028747558	6.7211913e-005
-0.0024871826	7.0355221e-005
-0.0020935058	7.2979739e-005
-0.0017791748	7.4902346e-005
-0.0014556885	7.6733399e-005
-0.00088500977	7.862549e-005
-0.00048828125	8.0059814e-005
-0.00014343261	8.1036378e-005
0.00024108888	8.152466e-005
0.0005645752	8.1616214e-005
0.0010437012	8.1433107e-005
0.0013336182	8.1433107e-005
0.0018341064	  8.125e-005
  0.00211792	8.070068e-005
0.0025787354	7.9785154e-005
 0.002947998	7.8442383e-005
0.0033050538	7.6428223e-005
0.0037780763	7.4536132e-005
0.0041503906	7.2155759e-005
0.0044433596	6.9805908e-005
0.0049804687	6.6998291e-005
0.0052764891	6.3763429e-005
0.0057281493	6.0955812e-005
0.0060913088	5.8056641e-005
0.0063934326	5.4760741e-005
 0.006765747	5.1770021e-005
0.0071685789	4.6948244e-005
0.0077148438	4.2492677e-005
 0.007955933	3.8708495e-005
 0.008465576	3.4527588e-005
0.0087219235	3.0255127e-005
 0.009262085	2.7020264e-005
 0.009552002	2.3083496e-005
0.0099487305	1.9421386e-005
 0.010391235	1.6552734e-005
 0.010803223	1.5179443e-005
 0.011209106	1.2799072e-005
 0.011618042	9.0454105e-006
 0.011932373	5.9020995e-006
 0.012359619	3.5827636e-006
 0.012658691	1.0192871e-006
 0.013131713	2.8686523e-007
  0.01348877	-1.8310548e-008
 0.013763428	-4.1503907e-007
 0.014175415	-3.540039e-007
  0.01461792	5.3100587e-007
 0.015078736	2.1179198e-006
 0.015444946	3.5522462e-006
 0.015859986	5.078125e-006
 0.016256714	6.4819337e-006
 0.016595459	7.9162601e-006
 0.016976928	8.7402341e-006
 0.017370606	9.6252443e-006
 0.017758179	1.0418701e-005
 0.018167114	1.1029053e-005
 0.018615723	1.1181641e-005
 0.019036865	1.1303711e-005
  0.01933899	1.1669922e-005
 0.019754028	1.1334228e-005
 0.020135498	1.1242676e-005
 0.020526122	1.0693359e-005
 0.020852661	1.0113526e-005
  0.02137146	9.7167967e-006
 0.021713257	8.7707522e-006
 0.022045899	7.7941895e-006
 0.022488404	6.9702151e-006
  0.02281189	6.3903808e-006
 0.023165893	4.9255373e-006
 0.023626709	3.9489746e-006
 0.024005126	2.7282715e-006
 0.024456788	1.8127441e-006
  0.02484436	8.9721681e-007
 0.025305176	4.0893553e-007
 0.025576781	-2.6245118e-007
 0.026010131	-7.9345703e-008
  0.02633667	4.2724608e-008
 0.026782226	-2.0141601e-007
 0.027252197	-1.7089843e-007
 0.027642822	-3.2348632e-007
 0.027883912	1.0375977e-007
 0.028308105	-2.319336e-007
  0.02875061	-4.8828124e-008
 0.029003907	1.953125e-007
 0.029440308	-7.9345703e-008
 0.029812623	2.5634765e-007
 0.030194093	7.7514648e-007
 0.030688476	8.0566406e-007
 0.030950928	1.1108399e-006
 0.031353761	1.5075684e-006
 0.031823732	1.2939453e-006
 0.032315064	1.1718751e-006
 0.032559205	1.2939453e-006
 0.033087157	1.3244629e-006
 0.033319093	1.1108399e-006
 0.033834837	8.3618164e-007
 0.034173585	6.530762e-007
 0.034582518	4.699707e-007
 0.035040282	3.479004e-007
 0.035354614	1.953125e-007
 0.035693359	2.8686523e-007
 0.036056519	1.2207031e-008
 0.036584474	-1.0986328e-007
 0.036874391	-7.9345703e-008
 0.037322998	-2.0141601e-007
 0.037698366	-3.8452148e-007
 0.037979126	-7.9345703e-008
 0.038528442	-4.1503907e-007
 0.038928222	-3.2348632e-007
 0.039254762	-2.319336e-007
 0.039605714	-1.4038086e-007
 0.039974976	1.6479493e-007
 0.040335082	1.3427734e-007
 0.040850829	2.5634765e-007
 0.041079711	2.2583008e-007
 0.041519165	7.7514648e-007
 0.041952513	4.699707e-007
 0.042361449	6.8359373e-007
 0.042739868	1.2329101e-006
 0.043154906	1.0192871e-006
 0.043609619	9.8876956e-007
 0.043920897	1.2023926e-006
 0.044317625	1.1718751e-006
 0.044750977	1.2634277e-006
 0.045034789	8.6669922e-007
 0.045413207	9.2773439e-007
  0.04586792	1.3244629e-006
 0.046261597	7.1411131e-007
  0.04665222	6.2255862e-007
 0.047079466	3.7841798e-007
  0.04753723	1.953125e-007
 0.047744751	1.953125e-007
 0.048266601	1.2207031e-008
 0.048602294	5.0048828e-007
 0.049023438	4.2724608e-008
 0.049395751	-1.8310548e-008
 0.049844362	-4.8828124e-008
 0.050146483	2.2583008e-007
 0.050573729	-4.8828124e-008
 0.050909422	1.953125e-007
 0.051348876	-1.0986328e-007
  0.05164795	-1.4038086e-007
 0.052096557	-4.8828124e-008
 0.052563477	-2.0141601e-007
 0.052804567	-2.319336e-007
 0.053332519	-1.0986328e-007
 0.053707886	-2.0141601e-007
 0.054171752	-2.0141601e-007
  0.05454712	4.2724608e-008
 0.054800414	1.953125e-007
 0.055233765	5.6152345e-007
 0.055661011	4.699707e-007
 0.056137085	6.2255862e-007
 0.056460571	5.3100587e-007
 0.056820679	1.1413574e-006
 0.057272337	9.2773439e-007
 0.057516478	1.0192871e-006
 0.057977296	9.5825192e-007
 0.058468629	9.8876956e-007
 0.058779906	9.8876956e-007
 0.059033204	1.0192871e-006
  0.05956421	7.1411131e-007
 0.060031127	7.7514648e-007
 0.060400389	5.0048828e-007
 0.060711671	4.3945312e-007
 0.061019897	2.5634765e-007
 0.061517335	1.3427734e-007
 0.061840821	5.3100587e-007
 0.062231444	2.5634765e-007
 0.062628172	-1.8310548e-008
 0.063088991	-4.8828124e-008
 0.063375853	-4.8828124e-008
 0.063912965	-1.0986328e-007
 0.064334109	-1.4038086e-007
 0.064706422	-2.9296876e-007
 0.064929202	-3.540039e-007
 0.065374754	-2.0141601e-007
 0.065841675	-3.8452148e-007
 0.066131592	-1.8310548e-008
 0.066574097	-2.319336e-007
 0.067034915	-2.6245118e-007
 0.067358397	-4.1503907e-007
 0.067630008	-1.4038086e-007
 0.068154909	-4.7607421e-007
 0.068499759	-4.4555665e-007
 0.069009401	-4.7607421e-007
 0.069326781	-3.8452148e-007
  0.06975098	-2.9296876e-007
 0.070187375	-2.6245118e-007
 0.070465088	-4.1503907e-007
  0.07085266	-3.540039e-007
 0.071270749	-2.6245118e-007
 0.071728513	-4.7607421e-007
  0.07200928	-3.540039e-007
 0.072424315	-3.540039e-007
 0.072827145	-2.6245118e-007
 0.073217772	-3.8452148e-007
 0.073681638	-3.8452148e-007
 0.073883057	-3.540039e-007
 0.074462891	-3.8452148e-007
 0.074801639	-2.319336e-007
 0.075183108	-3.8452148e-007
 0.075552367	-3.540039e-007
 0.075927734	-2.0141601e-007
 0.076370239	-3.540039e-007
 0.076828003	-3.540039e-007
 0.077145383	-2.319336e-007
 0.077478029	1.2207031e-008
 0.077905275	-1.0986328e-007
 0.078390501	-2.319336e-007
 0.078756712	-1.7089843e-007
 0.078988649	-2.319336e-007
 0.079501346	-2.0141601e-007
  0.07989502	-1.7089843e-007
 0.080285646	-1.0986328e-007
 0.080606081	1.953125e-007
 0.080999754	-2.0141601e-007
 0.081362918	-1.4038086e-007
 0.081777953	-1.4038086e-007
 0.082092285	1.953125e-007
 0.082601927	-2.0141601e-007
 0.082937621	1.6479493e-007
 0.083377078	-2.0141601e-007
 0.083721921	-2.319336e-007
 0.084140018	-2.319336e-007
 0.084622189	-2.0141601e-007
 0.084951781	-2.6245118e-007
  0.08521118	-2.6245118e-007
 0.085791014	-2.6245118e-007
 0.086117551	-1.0986328e-007
 0.086474612	1.0375977e-007
   0.0868866	-3.2348632e-007
 0.087194823	-3.540039e-007
 0.087615967	-1.7089843e-007
 0.088076785	-2.6245118e-007
 0.088470459	-2.9296876e-007
 0.088903807	-1.7089843e-007
 0.089230344	-2.6245118e-007
 0.089495853	-2.6245118e-007
 0.090090945	-2.6245118e-007
 0.090414427	-1.7089843e-007
  0.09079285	1.3427734e-007
   0.0912323	-4.8828124e-008
 0.091564938	-1.4038086e-007
 0.091937259	-1.0986328e-007
 0.092330933	-1.8310548e-008
 0.092791751	-7.9345703e-008
 0.093234256	1.2207031e-008
 0.093463138	4.2724608e-008
 0.093966678	1.2207031e-008
 0.094183348	-4.8828124e-008
 0.094741821	1.6479493e-007
 0.095098875	1.0375977e-007
 0.095510863	7.3242184e-008
  0.09595032	1.6479493e-007
 0.096313477	-4.8828124e-008
 0.096594237	1.2207031e-008
 0.096969604	2.2583008e-007
 0.097500607	7.3242184e-008
  0.09777832	1.3427734e-007
 0.098181151	7.3242184e-008
 0.098608397	-4.8828124e-008
 0.098986819	-1.8310548e-008
 0.099459842	1.0375977e-007
 0.099874876	1.2207031e-008
