  0.10021118	7.7453615e-006
 0.099793091	7.1350096e-006
 0.099487916	7.5317384e-006
 0.099100344	7.6843262e-006
 0.098740235	7.7758787e-006
 0.098322146	7.8063968e-006
 0.097968139	8.3251953e-006
 0.097568363	8.3862305e-006
 0.097098388	8.9660643e-006
 0.096811526	8.9965824e-006
 0.096393436	9.0576168e-006
 0.095972292	9.2712398e-006
 0.095599979	9.4848629e-006
 0.095236816	9.6984859e-006
 0.094852298	9.7900393e-006
 0.094290771	9.942627e-006
 0.094080202	9.9731442e-006
 0.093613282	1.0003662e-005
  0.09326233	1.0247802e-005
 0.092865601	1.0095215e-005
 0.092490233	1.0095215e-005
 0.092023313	1.0064698e-005
 0.091712035	1.0034179e-005
 0.091223754	1.0095215e-005
 0.090778202	1.0186767e-005
 0.090408936	9.6069334e-006
 0.090015262	9.8510745e-006
 0.089560546	9.515381e-006
  0.08929199	9.2102055e-006
  0.08885254	9.2407226e-006
 0.088416137	9.0881349e-006
 0.088184208	8.691406e-006
 0.087683715	8.9050291e-006
 0.087219849	8.5693355e-006
  0.08692383	8.8745119e-006
 0.086670533	8.691406e-006
 0.086194456	8.8439938e-006
 0.085709229	9.3322751e-006
  0.08541321	9.4238285e-006
 0.085007325	9.8205564e-006
 0.084662475	1.0186767e-005
 0.084186405	1.0308838e-005
 0.083765261	1.1041259e-005
  0.08343567	1.1102295e-005
 0.083002321	1.1834717e-005
 0.082575075	1.2078857e-005
 0.082297362	1.2109375e-005
 0.081812136	1.281128e-005
 0.081561893	1.2506103e-005
 0.081027836	1.281128e-005
  0.08069519	1.3085937e-005
 0.080237426	1.3391113e-005
 0.079828493	1.329956e-005
 0.079440922	1.3238526e-005
 0.079190671	1.3208008e-005
 0.078735963	1.3208008e-005
  0.07832092	1.3421631e-005
 0.077908933	1.3146972e-005
 0.077640384	1.2994385e-005
 0.077213138	1.2719726e-005
 0.076849975	1.2506103e-005
 0.076413572	1.2261963e-005
 0.075934447	1.2078857e-005
 0.075565189	1.2078857e-005
 0.075147092	1.204834e-005
 0.074777834	1.192627e-005
  0.07454285	1.1560059e-005
 0.074030153	1.1529541e-005
 0.073749393	1.1590576e-005
 0.073206179	1.1773682e-005
  0.07278809	1.2139893e-005
 0.072479859	1.2414551e-005
 0.072116703	1.2750244e-005
 0.071759641	1.3116455e-005
 0.071301877	1.3665772e-005
 0.070996702	1.3970947e-005
 0.070612185	1.4337158e-005
 0.070084229	1.5130615e-005
 0.069815673	1.494751e-005
 0.069315188	1.583252e-005
 0.068961181	1.5863037e-005
 0.068527833	1.6015625e-005
 0.068128049	1.6595459e-005
 0.067865603	1.6503905e-005
 0.067459717	1.6473388e-005
 0.066965334	1.6503905e-005
 0.066690676	1.6564942e-005
 0.066248171	1.6656493e-005
 0.065762937	1.6870117e-005
  0.06537842	1.6625976e-005
 0.064978637	1.619873e-005
 0.064591065	1.6076659e-005
 0.064328611	1.5466308e-005
 0.063956298	1.5252685e-005
 0.063547365	1.5130615e-005
 0.063089602	1.4825439e-005
  0.06267456	1.4672852e-005
  0.06241516	1.4398193e-005
 0.061963502	1.4428711e-005
 0.061444703	1.4367676e-005
 0.061090697	1.4398193e-005
 0.060706176	1.4398193e-005
 0.060312498	1.4428711e-005
 0.060086671	1.4337158e-005
 0.059677735	1.4642334e-005
 0.059201661	1.5161133e-005
 0.058859862	1.5435791e-005
 0.058395997	1.619873e-005
 0.058066405	1.6259766e-005
 0.057651367	1.6961671e-005
 0.057318725	1.7297363e-005
 0.056818236	1.8090821e-005
 0.056445923	1.833496e-005
 0.056015626	1.8548584e-005
 0.055737916	1.8701172e-005
 0.055249635	1.9250489e-005
 0.054868165	1.9586181e-005
 0.054569092	1.9372559e-005
 0.054163206	1.9158935e-005
 0.053766478	1.9189452e-005
 0.053409424	1.9189452e-005
 0.052976076	1.8792725e-005
 0.052619018	1.8701172e-005
 0.052234497	1.8273926e-005
 0.051801149	1.7999268e-005
 0.051315919	1.7663575e-005
 0.050931398	1.7053222e-005
 0.050540771	1.6656493e-005
 0.050165404	1.6229247e-005
  0.04979004	1.5802001e-005
 0.049436036	1.5283204e-005
 0.048972167	1.5435791e-005
 0.048621215	1.5161133e-005
 0.048163451	1.4733887e-005
 0.047809448	1.4825439e-005
 0.047540892	1.5039062e-005
 0.047077026	1.5313721e-005
 0.046704713	1.5893555e-005
 0.046381224	1.6168213e-005
 0.046002809	1.6778564e-005
 0.045609131	1.732788e-005
 0.045154419	1.8304443e-005
 0.044827882	1.8823242e-005
 0.044379272	1.949463e-005
 0.044013061	2.0104981e-005
 0.043549195	2.1051026e-005
 0.043274537	2.1173095e-005
 0.042850342	2.1508789e-005
 0.042450562	2.1966553e-005
 0.042151488	2.1874999e-005
 0.041712034	2.2241211e-005
 0.041312255	2.2180177e-005
 0.040778197	2.199707e-005
 0.040473022	2.2058106e-005
 0.040036622	2.175293e-005
 0.039624635	2.1081543e-005
 0.039252318	2.1051026e-005
 0.038840331	2.0257568e-005
 0.038431395	1.9647217e-005
 0.038202513	1.897583e-005
 0.037647095	1.8457031e-005
 0.037262574	1.8151855e-005
 0.036905516	1.7358398e-005
  0.03647827	1.6687012e-005
 0.036090698	1.6503905e-005
  0.03571533	1.6137696e-005
 0.035291139	1.5771484e-005
 0.035062257	1.583252e-005
 0.034638062	1.6229247e-005
   0.0342688	1.6687012e-005
 0.033853758	1.7388917e-005
 0.033472288	1.8243409e-005
 0.033103026	1.9281006e-005
 0.032712404	2.0166015e-005
 0.032330934	2.1081543e-005
 0.031934205	2.211914e-005
 0.031543579	2.2973632e-005
 0.031152954	2.3858642e-005
 0.030725708	2.4468995e-005
  0.03032898	2.5231933e-005
 0.029974975	2.5811767e-005
 0.029593505	2.6300049e-005
 0.029117431	2.6391601e-005
 0.028839722	2.6483154e-005
 0.028427735	2.642212e-005
 0.028024903	2.6391601e-005
  0.02762207	2.5964355e-005
 0.027237549	2.5476074e-005
 0.026706543	2.5170899e-005
 0.026364746	2.3950195e-005
 0.025995484	2.3034669e-005
 0.025565185	2.1936035e-005
 0.025168456	2.1447753e-005
 0.024756469	2.0074463e-005
 0.024411621	1.9647217e-005
 0.024039306	1.8273926e-005
 0.023633422	1.6961671e-005
 0.023276366	1.6503905e-005
 0.022852173	1.5985108e-005
 0.022580566	1.5374755e-005
 0.022131957	1.5802001e-005
 0.021765746	1.6442871e-005
 0.021405639	1.7388917e-005
 0.020993652	1.9158935e-005
 0.020566406	2.0776368e-005
 0.020178832	2.2302245e-005
 0.019751586	2.3889161e-005
 0.019421997	2.5598145e-005
 0.019061889	2.7307129e-005
 0.018552246	2.9290772e-005
 0.018262329	3.0480956e-005
 0.017844237	3.1518553e-005
 0.017478026	3.2525633e-005
 0.017142333	3.3471679e-005
 0.016657105	3.3959961e-005
 0.016235963	3.3837892e-005
 0.015830077	3.4265136e-005
 0.015463867	3.3441163e-005
 0.015152588	3.3044435e-005
 0.014652099	3.2769774e-005
  0.01434082	3.1243897e-005
 0.013886108	3.0786134e-005
 0.013553467	2.8741455e-005
  0.01307434	2.5933838e-005
 0.012674561	2.3553466e-005
 0.012311401	2.1539307e-005
 0.011881104	1.9250489e-005
 0.011514893	1.6809083e-005
  0.01109375	1.4581299e-005
 0.010730591	1.2109375e-005
 0.010465087	1.0827636e-005
 0.010108032	1.3208008e-005
0.0096990969	1.732788e-005
0.0092810057	2.1447753e-005
0.0088476557	2.5872803e-005
 0.008460083	3.0938721e-005
0.0081121828	3.6737059e-005
0.0076635741	3.9880371e-005
0.0072882078	4.494629e-005
0.0067938231	4.9676513e-005
0.0065283203	5.5841065e-005
0.0060827634	6.0845949e-005
0.0057592774	6.6766355e-005
0.0054205321	7.1343995e-005
0.0050115967	7.6745608e-005
0.0045599365	8.1506347e-005
0.0041113282	8.5992433e-005
0.0038275146	9.0509035e-005
0.0033697509	9.4659423e-005
0.0029882812	9.8901364e-005
0.0025366209	0.00010183106
0.0022314452	0.00010491333
0.0018377685	0.00010759888
0.0014044188	0.00010985718
0.0010992431	0.00011089478
0.00060180656	0.00011269531
0.00026916497	0.00011309204
-0.00017639168	0.00011379395
-0.00049072271	0.00011342773
-0.00095153815	0.00011309204
-0.0013635255	0.00011245117
-0.001796875	0.00011199341
-0.002025757	0.00011153564
-0.0025506592	0.00010686646
-0.0028985597	0.00010534058
-0.0033746338	0.00010500488
-0.003600464	9.6887205e-005
-0.0040063476	9.5025636e-005
-0.0045068362	9.0173337e-005
-0.0048577883	8.3215331e-005
-0.0052789305	7.9858401e-005
-0.0055169677	7.2473144e-005
-0.0059442138	6.9055175e-005
-0.0063928221	5.8282472e-005
-0.0067193606	5.5932618e-005
-0.0071466067	4.7357178e-005
-0.0074639893	4.1314699e-005
-0.0079034427	3.6492918e-005
-0.0082879644	3.0389405e-005
-0.0088128662	2.5720215e-005
-0.0092065427	2.1569824e-005
-0.0096063232	1.7785644e-005
-0.0099938968	1.619873e-005
 -0.01039978	1.5863037e-005
-0.010604248	1.571045e-005
-0.011031494	1.6412354e-005
-0.011416016	1.7999268e-005
-0.011782227	1.9677735e-005
-0.012197265	2.1478272e-005
-0.012612305	2.3461915e-005
-0.013094483	2.5689696e-005
-0.013448486	2.7978516e-005
-0.013829956	3.0328369e-005
-0.014129029	3.1854248e-005
-0.014611206	3.3441163e-005
-0.015056763	3.4173583e-005
-0.015426026	3.536377e-005
-0.015691528	3.5546876e-005
-0.016149292	3.5577392e-005
-0.016533814	3.5394289e-005
-0.016939698	3.508911e-005
 -0.01734253	3.4875487e-005
-0.017781982	3.4143068e-005
-0.018221436	3.3258057e-005
-0.018581543	3.1854248e-005
 -0.01880127	3.0816649e-005
 -0.01927124	3.0419922e-005
-0.019646607	2.6574708e-005
-0.020162353	2.4255371e-005
-0.020467529	2.2882081e-005
-0.020894775	2.1356202e-005
 -0.02121521	2.0135498e-005
-0.021596679	1.9219971e-005
-0.022069702	1.8579101e-005
-0.022460327	1.8060302e-005
-0.022860108	1.7602539e-005
-0.023119507	1.7480468e-005
-0.023632202	1.7785644e-005
-0.023955688	1.8487548e-005
-0.024337158	1.9128418e-005
-0.024715576	2.0043944e-005
-0.025112305	2.098999e-005
-0.025582276	2.2058106e-005
-0.025835572	2.3187256e-005
-0.026326904	2.41333e-005
-0.026641235	2.5109863e-005
-0.027050171	2.5872803e-005
-0.027443849	2.6544189e-005
-0.027935181	2.6940917e-005
-0.028218994	2.7246093e-005
-0.028630981	2.7276612e-005
-0.028988037	2.7246093e-005
-0.029381715	2.6818847e-005
-0.029790649	2.6361084e-005
-0.030196533	2.5994874e-005
-0.030666504	2.5231933e-005
-0.031105958	2.4102783e-005
-0.031441651	2.3522949e-005
-0.031835329	2.2790528e-005
-0.032155763	2.1600341e-005
-0.032650147	2.0928956e-005
-0.032991942	1.9921876e-005
-0.033428345	1.9403076e-005
-0.033809815	1.8304443e-005
-0.034209594	1.7236329e-005
-0.034600221	1.6412354e-005
-0.034963381	1.6107178e-005
-0.035326537	1.5618896e-005
-0.035753783	1.5435791e-005
-0.036138307	1.5374755e-005
-0.036501464	1.571045e-005
-0.036895141	1.619873e-005
-0.037212525	1.6687012e-005
-0.037685547	1.7633056e-005
-0.038045656	1.7877197e-005
-0.038512573	1.8579101e-005
-0.038823854	1.9281006e-005
-0.039196167	1.9616698e-005
-0.039544068	2.0166015e-005
-0.039983522	2.0684814e-005
-0.040471803	2.0928956e-005
-0.040718995	2.0898438e-005
-0.041210327	2.1142578e-005
-0.041591797	2.1142578e-005
-0.042034302	2.0806885e-005
-0.042427979	2.0593261e-005
-0.042723998	2.0196534e-005
-0.043163452	2.0135498e-005
 -0.04357544	1.9708252e-005
-0.043929443	1.897583e-005
-0.044384155	1.8273926e-005
-0.044719849	1.7449951e-005
-0.045119628	1.6992188e-005
-0.045513306	1.6503905e-005
-0.045885619	1.5618896e-005
-0.046264037	1.494751e-005
-0.046672974	1.4672852e-005
-0.047020875	1.3635254e-005
-0.047387086	1.3085937e-005
-0.047771607	1.2719726e-005
-0.048256837	1.2689209e-005
-0.048537597	1.2445068e-005
-0.048977051	1.2414551e-005
-0.049331054	1.2872314e-005
 -0.04971863	1.3146972e-005
 -0.05022217	1.3543701e-005
-0.050597534	1.4093018e-005
-0.050972901	1.4520264e-005
-0.051403198	1.4794922e-005
-0.051659547	1.5008545e-005
 -0.05217224	1.5649413e-005
-0.052544557	1.6046142e-005
-0.052813109	1.5985108e-005
-0.053255614	1.6229247e-005
-0.053783569	1.6229247e-005
-0.054006349	1.6320801e-005
-0.054506835	1.6534425e-005
-0.054744873	1.6107178e-005
-0.055205688	1.6137696e-005
-0.055672608	1.6046142e-005
-0.055941161	1.5893555e-005
-0.056380615	1.5588379e-005
-0.056826171	1.5344238e-005
-0.057250366	1.4916992e-005
-0.057656251	1.4642334e-005
-0.057912599	1.4367676e-005
-0.058321532	1.3970947e-005
-0.058815919	1.3452149e-005
-0.059224855	1.2933349e-005
-0.059600219	1.2445068e-005
-0.059920654	1.1895752e-005
-0.060360108	1.1621094e-005
-0.060738526	1.1193848e-005
-0.061110839	1.1041259e-005
-0.061525878	1.0675049e-005
-0.061928712	1.0522461e-005
-0.062191162	1.0614013e-005
-0.062673338	1.1102295e-005
-0.062993772	1.1132813e-005
-0.063384399	1.1529541e-005
-0.063875735	1.2109375e-005
-0.064147338	1.2109375e-005
-0.064580686	1.2506103e-005
-0.064946897	1.3024903e-005
 -0.06544739	1.3452149e-005
-0.065810546	1.3604737e-005
-0.066137083	1.4001464e-005
-0.066573486	1.4215088e-005
-0.066991575	1.4306641e-005
-0.067247927	1.4459229e-005
-0.067723997	1.4703369e-005
-0.068105467	1.4642334e-005
 -0.06850525	1.4703369e-005
-0.068966061	1.4642334e-005
-0.069259033	1.4581299e-005
-0.069725953	1.4459229e-005
-0.070162356	1.4123535e-005
-0.070528567	1.4031983e-005
-0.070934445	1.3330078e-005
 -0.07128235	1.3787841e-005
-0.071682125	1.2963867e-005
-0.072078854	1.2719726e-005
-0.072518311	1.217041e-005
-0.072829589	1.1865234e-005
-0.073140867	1.1376953e-005
-0.073610842	1.1315918e-005
-0.074019775	1.0980225e-005
-0.074428707	1.0797119e-005
 -0.07486511	1.0308838e-005
-0.075093992	1.0278321e-005
-0.075588375	1.0491944e-005
-0.075960696	1.0522461e-005
-0.076311648	1.0644531e-005
-0.076748043	1.1071777e-005
-0.077120364	1.116333e-005
-0.077477418	1.1376953e-005
-0.077889405	1.1804199e-005
-0.078383788	1.1743164e-005
-0.078609616	1.2231445e-005
-0.079076536	1.2261963e-005
-0.079436645	1.2475586e-005
-0.079876095	1.2628174e-005
-0.080306396	1.2658691e-005
-0.080660403	1.2597656e-005
-0.081014402	1.2628174e-005
-0.081432492	1.305542e-005
-0.081786498	1.281128e-005
-0.082189329	1.2353516e-005
-0.082482301	1.2353516e-005
-0.082933962	1.229248e-005
-0.083342895	1.1956787e-005
-0.083837278	1.2322998e-005
-0.084179074	1.1834717e-005
-0.084496461	1.12854e-005
-0.084874876	1.1193848e-005
-0.085250244	1.0705567e-005
 -0.08576294	1.0705567e-005
-0.086147457	1.0430908e-005
 -0.08636719	1.0186767e-005
-0.086803585	9.7595212e-006
-0.087224729	9.7900393e-006
-0.087664187	9.8815917e-006
 -0.08797241	9.5764162e-006
-0.088308103	9.4848629e-006
-0.088823855	9.7900393e-006
-0.089278564	9.7900393e-006
-0.089592896	9.8815917e-006
-0.089919433	9.6984859e-006
-0.090429075	1.0125733e-005
 -0.09083496	1.0186767e-005
-0.091124877	1.040039e-005
-0.091552123	1.091919e-005
-0.091988526	1.1315918e-005
-0.092266232	1.1102295e-005
-0.092684329	1.1224365e-005
-0.093038328	1.1560059e-005
-0.093502194	1.1712646e-005
-0.093877561	1.1743164e-005
-0.094262086	1.1895752e-005
-0.094664916	1.204834e-005
-0.094985351	1.1804199e-005
-0.095491946	1.217041e-005
-0.095916137	1.217041e-005
-0.096318968	1.1987305e-005
 -0.09666992	1.1987305e-005
-0.096999511	1.1682129e-005
-0.097338259	1.1682129e-005
 -0.09783569	1.1682129e-005
-0.098259889	1.1346436e-005
-0.098601684	1.1590576e-005
-0.098922119	1.1346436e-005
-0.099358521	1.1376953e-005
 -0.09947449	1.1010742e-005
-0.099355467	1.0888672e-005
 -0.09899231	1.1254882e-005
-0.098513186	1.116333e-005
 -0.09818054	1.1437988e-005
-0.097780764	1.1468506e-005
   -0.097323	1.1560059e-005
-0.096999511	1.1804199e-005
-0.096572265	1.192627e-005
-0.096138917	1.1956787e-005
-0.095916137	1.1834717e-005
-0.095513307	1.1834717e-005
-0.095031127	1.1804199e-005
-0.094646603	1.2322998e-005
-0.094240725	1.204834e-005
-0.093865357	1.2017822e-005
-0.093462527	1.1895752e-005
-0.093068846	1.192627e-005
-0.092742309	1.1560059e-005
 -0.09226013	1.1102295e-005
-0.091991574	1.1468506e-005
  -0.0915979	1.1041259e-005
-0.091115721	1.0675049e-005
-0.090816647	1.0430908e-005
-0.090334475	1.0186767e-005
-0.089974366	1.0186767e-005
-0.089541018	9.729004e-006
-0.089199215	9.8510745e-006
-0.088808596	9.6679687e-006
-0.088518679	9.729004e-006
-0.088002928	9.4543457e-006
-0.087694705	9.5764162e-006
-0.087255247	9.5458981e-006
-0.086910397	9.729004e-006
 -0.08648926	1.0095215e-005
-0.086138308	1.0430908e-005
-0.085726321	1.0491944e-005
-0.085320435	1.0705567e-005
-0.084929809	1.1346436e-005
-0.084551394	1.0980225e-005
-0.084114991	1.1560059e-005
-0.083751827	1.1865234e-005
-0.083272703	1.1743164e-005
 -0.08293701	1.2200928e-005
-0.082543336	1.2200928e-005
-0.082207642	1.2200928e-005
-0.081807859	1.2689209e-005
-0.081429444	1.2536621e-005
-0.081060179	1.2567139e-005
-0.080599368	1.2506103e-005
-0.080297239	1.2780762e-005
-0.079830319	1.2628174e-005
-0.079393923	1.2353516e-005
 -0.07893005	1.2261963e-005
-0.078576051	1.2109375e-005
-0.078206785	1.1956787e-005
-0.077971801	1.1712646e-005
 -0.07754761	1.1621094e-005
-0.077053219	1.1437988e-005
-0.076629028	1.1102295e-005
-0.076284178	1.0888672e-005
-0.075969845	1.0858154e-005
-0.075496823	1.0705567e-005
-0.075118408	1.0644531e-005
-0.074694216	1.0491944e-005
 -0.07442566	1.1041259e-005
-0.074050292	1.0736084e-005
-0.073644407	1.1071777e-005
-0.073143922	1.1224365e-005
-0.072838746	1.1895752e-005
-0.072356567	1.1956787e-005
-0.072106324	1.2200928e-005
-0.071666867	1.3085937e-005
-0.071285397	1.3391113e-005
-0.070879519	1.3238526e-005
-0.070501097	1.3879395e-005
-0.070095211	1.40625e-005
-0.069722898	1.4611816e-005
-0.069341429	1.4520264e-005
-0.068920285	1.4825439e-005
-0.068581544	1.4733887e-005
-0.068135984	1.506958e-005
-0.067785032	1.5039062e-005
-0.067330323	1.4733887e-005
-0.066851199	1.4733887e-005
-0.066500247	1.4642334e-005
-0.066222534	1.4520264e-005
-0.065789185	1.418457e-005
 -0.06541992	1.4031983e-005
-0.065004885	1.4123535e-005
-0.064617306	1.329956e-005
-0.064199217	1.2597656e-005
-0.063851319	1.2658691e-005
-0.063479006	1.1804199e-005
-0.063076168	1.1651611e-005
-0.062655032	1.1376953e-005
-0.062307131	1.0858154e-005
-0.061843261	1.0614013e-005
-0.061531983	1.0797119e-005
-0.061016236	1.0308838e-005
-0.060698852	1.0552979e-005
-0.060286865	1.0827636e-005
-0.059935912	1.1529541e-005
 -0.05946289	1.1773682e-005
 -0.05918213	1.2506103e-005
-0.058751833	1.3024903e-005
-0.058376465	1.3482666e-005
-0.058019411	1.4001464e-005
-0.057650145	1.3909912e-005
-0.057192381	1.4611816e-005
-0.056719359	1.4703369e-005
-0.056368407	1.494751e-005
 -0.05595642	1.5374755e-005
-0.055626832	1.5344238e-005
-0.055184327	1.5527343e-005
-0.054927979	1.5618896e-005
 -0.05439087	1.571045e-005
-0.054024659	1.5802001e-005
-0.053695068	1.6107178e-005
-0.053280029	1.5802001e-005
-0.052892458	1.5924072e-005
-0.052425537	1.5374755e-005
-0.052071534	1.5313721e-005
-0.051726684	1.5100098e-005
-0.051271971	1.4520264e-005
-0.050875243	1.418457e-005
-0.050493773	1.4093018e-005
-0.050164185	1.3574218e-005
-0.049816284	1.3116455e-005
-0.049331054	1.2689209e-005
-0.048903808	1.2017822e-005
-0.048565064	1.1773682e-005
 -0.04814392	1.1437988e-005
-0.047756348	1.12854e-005
-0.047438964	1.12854e-005
  -0.0470636	1.204834e-005
-0.046654664	1.2506103e-005
-0.046328124	1.2963867e-005
-0.045916136	1.40625e-005
-0.045473631	1.4550781e-005
-0.045116577	1.506958e-005
-0.044716798	1.5985108e-005
 -0.04421936	1.6290283e-005
-0.043975219	1.6778564e-005
-0.043541871	1.784668e-005
 -0.04305359	1.821289e-005
-0.042641602	1.8762206e-005
-0.042287599	1.9006347e-005
-0.041970216	1.9525147e-005
-0.041451417	1.9799805e-005
-0.041155394	2.111206e-005
-0.040667113	2.1051026e-005
-0.040358886	2.0898438e-005
-0.039916381	2.062378e-005
-0.039647829	2.0379639e-005
-0.039183959	2.0349122e-005
-0.038753662	1.9738769e-005
-0.038341675	1.9036865e-005
-0.037996825	1.8762206e-005
-0.037575684	1.8182373e-005
-0.037258301	1.7663575e-005
  -0.0369104	1.7053222e-005
-0.036483154	1.6717529e-005
-0.036046755	1.5679932e-005
-0.035637818	1.5344238e-005
-0.035393678	1.5435791e-005
-0.034993898	1.5405274e-005
-0.034569703	1.5588379e-005
-0.034130249	1.6107178e-005
-0.033831175	1.6748047e-005
-0.033446655	1.7419434e-005
-0.032979738	1.8487548e-005
-0.032598268	1.9281006e-005
-0.032103881	2.0227051e-005
-0.031713258	2.1142578e-005
 -0.03131653	2.1936035e-005
-0.030935058	2.2912598e-005
-0.030541383	2.3736573e-005
-0.030153809	2.4499512e-005
-0.029760132	2.5415038e-005
-0.029433593	2.5933838e-005
-0.029003296	2.6635742e-005
 -0.02855774	2.6971435e-005
-0.028215943	2.7185059e-005
-0.027807007	2.7154541e-005
-0.027431641	2.7124024e-005
-0.027007446	2.6849366e-005
-0.026601562	2.6300049e-005
 -0.02619873	2.5811767e-005
-0.025856934	2.5415038e-005
-0.025475465	2.3858642e-005
-0.025097046	2.2882081e-005
-0.024654541	2.1844482e-005
-0.024328003	2.0959473e-005
-0.023931274	2.0196534e-005
-0.023653565	1.9586181e-005
-0.023235474	1.833496e-005
-0.022765502	1.7755126e-005
-0.022442017	1.7602539e-005
-0.022014771	1.732788e-005
-0.021557007	1.7663575e-005
-0.021279298	1.8243409e-005
-0.020852052	1.9250489e-005
-0.020473633	2.0349122e-005
 -0.02006775	2.1417236e-005
-0.019637451	2.3065186e-005
-0.019231567	2.4194336e-005
-0.018813476	2.6208496e-005
-0.018520508	2.8253175e-005
-0.018087158	2.9718018e-005
-0.017653808	3.133545e-005
-0.017266236	3.2891847e-005
 -0.01690918	3.3929442e-005
-0.016555175	3.47229e-005
-0.016152345	3.5180663e-005
-0.015715942	3.5638426e-005
-0.015386352	3.5760499e-005
-0.014995728	3.5485838e-005
-0.014660034	3.5394289e-005
-0.014211426	3.4692384e-005
-0.013796387	3.408203e-005
-0.013417969	3.3624267e-005
-0.013057861	3.1304931e-005
-0.012648926	2.9412842e-005
-0.012163697	2.6605225e-005
-0.011779175	2.3797607e-005
-0.011525879	2.2851562e-005
-0.011077271	2.0684814e-005
-0.010634766	1.9097901e-005
-0.010238037	1.6900634e-005
-0.0099664312	1.6168213e-005
-0.0094812009	1.5771484e-005
-0.0092340093	1.6076659e-005
-0.0087762456	1.7449951e-005
-0.0082971193	2.0410156e-005
-0.0078912359	2.4682617e-005
-0.0075769043	2.9809571e-005
-0.0071588135	3.4600831e-005
-0.0068170168	3.9086914e-005
-0.0064416504	4.4885255e-005
-0.0060388185	4.9768067e-005
-0.0055535887	5.5383302e-005
 -0.00513855	6.21582e-005
-0.004921875	6.7437744e-005
-0.0045281984	7.4365234e-005
-0.0040307618	7.9644778e-005
-0.0037347414	8.4558109e-005
-0.0031915284	8.8586428e-005
-0.0029229736	9.3530274e-005
-0.0025628663	9.7253418e-005
-0.0020349121	0.00010115967
-0.0016564942	0.00010424195
-0.0012841797	0.00010759888
-0.0010064698	0.00010958252
-0.00046020516	0.00011144409
-0.00011230477	0.00011239014
0.0002447509	0.0001131836
0.00068115228	0.0001135498
0.0010656738	0.00011327515
0.0014349364	0.0001126648
0.0018804931	0.00011214599
0.0022253417	0.00011171875
0.0026129149	0.00010939941
0.0030737305	0.00010747681
0.0033026123	0.00010723266
0.0037268065	0.00010463868
0.0042089843	9.7985838e-005
 0.004630127	9.6612552e-005
0.0049841306	9.182129e-005
0.0052557373	8.5687258e-005
0.0056860349	8.3856205e-005
0.0061651613	7.7325436e-005
 0.006506958	7.265625e-005
0.0069403076	6.600342e-005
0.0072180177	5.8404541e-005
0.0076757814	5.7031251e-005
0.0080053713	4.8547365e-005
0.0085089114	4.1528321e-005
0.0088018794	3.7774658e-005
0.0092840577	3.3959961e-005
0.0096807862	2.74292e-005
 0.010046997	2.2210694e-005
 0.010489502	1.8426514e-005
 0.010843506	1.5954591e-005
 0.011228027	1.329956e-005
 0.011490478	1.1346436e-005
  0.01194519	1.4306641e-005
 0.012335815	1.6259766e-005
 0.012766114	1.8792725e-005
 0.013095703	2.1356202e-005
 0.013526001	2.3248291e-005
 0.013919678	2.5292969e-005
 0.014368286	2.74292e-005
 0.014688721	2.9107667e-005
 0.015186157	3.0847168e-005
 0.015534057	3.206787e-005
 0.015927734	3.2952881e-005
 0.016257323	3.3502198e-005
 0.016715087	3.3593751e-005
 0.017035522	3.3563232e-005
 0.017346801	3.3532713e-005
 0.017792359	3.29834e-005
 0.018192139	3.270874e-005
  0.01866211	3.2250977e-005
  0.01892456	3.170166e-005
 0.019400634	2.9656981e-005
 0.019855347	2.791748e-005
 0.020236816	2.7459717e-005
   0.0205542	2.4560546e-005
 0.021045532	2.2027587e-005
 0.021436157	2.0379639e-005
 0.021735229	1.8945313e-005
 0.022049561	1.7816163e-005
 0.022464599	1.6595459e-005
 0.022986449	1.5893555e-005
 0.023288574	1.5618896e-005
 0.023551024	1.583252e-005
 0.023990478	1.6717529e-005
 0.024439087	1.7419434e-005
 0.024838867	1.8487548e-005
 0.025220336	1.9555664e-005
 0.025720825	2.0440673e-005
 0.026117554	2.1325684e-005
 0.026495971	2.2302245e-005
 0.026892699	2.3248291e-005
 0.027265014	2.4224853e-005
 0.027670898	2.4865723e-005
 0.027918091	2.5933838e-005
 0.028406372	2.6055908e-005
 0.028705444	2.6483154e-005
  0.02920288	2.6574708e-005
 0.029620972	2.6544189e-005
 0.029941406	2.6513671e-005
 0.030350342	2.5994874e-005
 0.030817261	2.5567628e-005
  0.03114685	2.5109863e-005
 0.031421509	2.4530029e-005
 0.031967774	2.364502e-005
 0.032282103	2.2424316e-005
 0.032727662	2.1569824e-005
 0.033121336	2.0593261e-005
 0.033475343	1.9769288e-005
  0.03382019	1.9189452e-005
 0.034180298	1.8395996e-005
  0.03456787	1.720581e-005
 0.035050049	1.6412354e-005
 0.035349119	1.6381837e-005
 0.035730589	1.5893555e-005
 0.036154784	1.6046142e-005
 0.036615599	1.5954591e-005
   0.0369635	1.6564942e-005
 0.037351076	1.7083741e-005
 0.037683714	1.7938233e-005
 0.038046874	1.8090821e-005
 0.038483277	1.9219971e-005
 0.038928833	1.9616698e-005
 0.039252318	2.0471191e-005
 0.039746705	2.0776368e-005
 0.040024415	2.1539307e-005
 0.040497437	2.1508789e-005
  0.04088806	2.199707e-005
  0.04123291	2.2271728e-005
 0.041647948	2.2058106e-005
 0.041950073	2.2546386e-005
 0.042456664	2.2180177e-005
 0.042853393	2.199707e-005
    0.043125	2.1508789e-005
 0.043634642	2.1264648e-005
 0.043994751	2.0898438e-005
 0.044364013	2.0257568e-005
 0.044727173	1.9586181e-005
 0.045136109	1.897583e-005
 0.045599975	1.821289e-005
 0.045993652	1.7633056e-005
 0.046390381	1.6961671e-005
 0.046689454	1.6534425e-005
 0.047064818	1.5924072e-005
 0.047473755	1.5527343e-005
 0.047891844	1.5313721e-005
 0.048285522	1.4764404e-005
 0.048599854	1.5039062e-005
   0.0490271	1.5039062e-005
 0.049417723	1.5252685e-005
 0.049759522	1.5496826e-005
  0.05019287	1.5863037e-005
 0.050559081	1.6229247e-005
 0.050995484	1.68396e-005
 0.051361695	1.7510987e-005
 0.051715698	1.7602539e-005
 0.052210081	1.8121338e-005
 0.052509155	1.833496e-005
 0.052884523	1.8792725e-005
 0.053415526	1.8945313e-005
 0.053745117	1.9403076e-005
 0.054132689	1.9403076e-005
 0.054517213	1.9433593e-005
 0.054929201	1.9281006e-005
  0.05522522	1.9281006e-005
 0.055740967	1.9097901e-005
  0.05607361	1.8823242e-005
 0.056510009	1.8609619e-005
 0.056906737	1.8121338e-005
  0.05720276	1.7785644e-005
 0.057703245	1.7236329e-005
 0.058066405	1.6717529e-005
 0.058411255	1.6351318e-005
 0.058774415	1.5954591e-005
 0.059207764	1.5527343e-005
 0.059555665	1.506958e-005
 0.059961546	1.4672852e-005
 0.060385741	1.4581299e-005
 0.060806885	1.418457e-005
  0.06116394	1.4031983e-005
 0.061469115	1.4031983e-005
 0.061948244	1.4337158e-005
 0.062308349	1.4428711e-005
 0.062677614	1.4428711e-005
 0.063040771	1.4672852e-005
 0.063556522	1.4916992e-005
  0.06384033	1.5161133e-005
 0.064246215	1.5802001e-005
 0.064755857	1.5802001e-005
 0.065024413	1.6381837e-005
 0.065402836	1.6412354e-005
 0.065903321	1.6473388e-005
 0.066214599	1.6625976e-005
 0.066535033	1.6809083e-005
 0.067041628	1.6656493e-005
 0.067413941	1.6564942e-005
 0.067780152	1.6564942e-005
 0.068262331	1.6320801e-005
 0.068634644	1.619873e-005
 0.068933718	1.6168213e-005
 0.069345705	1.5893555e-005
 0.069837034	1.519165e-005
 0.070212401	1.4825439e-005
 0.070615232	1.4550781e-005
   0.0709906	1.40625e-005
  0.07139343	1.3543701e-005
 0.071726076	1.3146972e-005
 0.072073974	1.3116455e-005
 0.072485961	1.2353516e-005
 0.072827756	1.2414551e-005
 0.073273316	1.2109375e-005
 0.073575437	1.204834e-005
 0.074027099	1.1895752e-005
 0.074411623	1.1651611e-005
 0.074817508	1.1682129e-005
 0.075180665	1.1987305e-005
 0.075543821	1.1773682e-005
 0.075998537	1.1987305e-005
 0.076331176	1.2200928e-005
 0.076828614	1.2231445e-005
 0.077185668	1.2719726e-005
 0.077542722	1.3024903e-005
 0.078003541	1.2933349e-005
 0.078397214	1.2963867e-005
 0.078696288	1.3360595e-005
 0.079120487	1.317749e-005
 0.079559937	1.3238526e-005
 0.079938352	1.3146972e-005
 0.080237426	1.329956e-005
 0.080689088	1.3330078e-005
  0.08110413	1.2841797e-005
  0.08144287	1.2841797e-005
  0.08186096	1.2353516e-005
 0.082343139	1.2261963e-005
 0.082660526	1.1834717e-005
 0.083002321	1.1804199e-005
 0.083365478	1.1529541e-005
 0.083814085	1.0888672e-005
 0.084174193	1.0675049e-005
 0.084552616	1.0034179e-005
 0.085016482	9.6679687e-006
 0.085391849	9.3017579e-006
 0.085858762	9.3627932e-006
 0.086203612	9.0270996e-006
 0.086524047	8.9965824e-006
 0.087000124	8.8439938e-006
 0.087317504	8.9050291e-006
 0.087766111	8.5693355e-006
 0.087970585	8.6303708e-006
 0.088553466	8.9355472e-006
 0.088947147	8.9660643e-006
 0.089380495	8.9965824e-006
 0.089624636	9.3627932e-006
 0.090079345	9.3322751e-006
 0.090396732	9.8205564e-006
 0.090808719	9.8815917e-006
 0.091254272	9.942627e-006
 0.091495365	1.0034179e-005
 0.091965333	1.0247802e-005
  0.09241394	1.0095215e-005
  0.09282288	1.0125733e-005
 0.093253173	1.0125733e-005
 0.093555301	9.9731442e-006
 0.094003908	9.9731442e-006
 0.094394535	9.8815917e-006
 0.094809569	9.729004e-006
 0.095096439	9.7595212e-006
 0.095538944	9.5458981e-006
 0.095871583	9.6069334e-006
 0.096323244	9.3017579e-006
 0.096655883	9.1186521e-006
 0.097153321	8.6608889e-006
  0.09741272	8.6608889e-006
 0.097882688	8.477783e-006
 0.098187864	7.9284664e-006
 0.098724976	7.7453615e-006
 0.098966062	7.6232909e-006
 0.099417724	7.4707032e-006
 0.099732056	7.1655272e-006
