-0.099545285	  -0.2049675
 -0.09944763	 -0.20478058
-0.099349976	 -0.20453262
-0.099252321	  -0.2043457
-0.099154666	 -0.20408249
-0.099060059	 -0.20386505
-0.098962404	 -0.20363617
-0.098864749	 -0.20341873
-0.098767087	 -0.20320129
-0.098666385	 -0.20294571
-0.098568723	 -0.20272064
-0.098472595	 -0.20249557
 -0.09837494	 -0.20230865
-0.098275758	 -0.20206833
-0.098178104	 -0.20184708
-0.098083496	 -0.20160675
-0.097985841	 -0.20138168
-0.097888187	  -0.2011528
-0.097790524	 -0.20093155
 -0.09769287	 -0.20072174
-0.097593687	 -0.20045471
-0.097496033	 -0.20024109
-0.097401425	 -0.20001984
-0.097299196	 -0.19978333
-0.097203061	 -0.19949722
-0.097106934	 -0.19923782
-0.097009279	 -0.19900894
-0.096911624	 -0.19876099
-0.096813962	 -0.19852066
-0.096716307	 -0.19830322
-0.096615598	  -0.1981163
-0.096517943	 -0.19784164
-0.096423343	 -0.19762802
-0.096327208	 -0.19741821
-0.096228026	 -0.19722366
-0.096130371	 -0.19693756
-0.096037291	 -0.19672394
-0.095938109	 -0.19654083
-0.095840454	 -0.19637299
-0.095738217	 -0.19616699
-0.095640562	 -0.19593811
-0.095547482	 -0.19570923
 -0.09544678	  -0.1954689
-0.095349118	 -0.19515991
-0.095254518	 -0.19491196
-0.095153809	 -0.19468307
-0.095057681	 -0.19448853
-0.094958499	  -0.1942482
-0.094863892	 -0.19400024
-0.094763182	 -0.19376755
-0.094667055	 -0.19355392
  -0.0945694	 -0.19335175
-0.094471738	 -0.19308472
-0.094372556	 -0.19287109
-0.094279483	 -0.19267654
-0.094180301	 -0.19242859
-0.094079591	 -0.19218826
-0.093984984	  -0.1919899
-0.093885802	 -0.19174194
-0.093789674	 -0.19151306
 -0.09369202	 -0.19128036
 -0.09359131	 -0.19103241
-0.093496703	  -0.1907692
 -0.09339752	 -0.19055939
-0.093301393	 -0.19030762
-0.093203738	 -0.19006729
-0.093106076	 -0.18980789
-0.093008421	 -0.18959045
-0.092910767	 -0.18937683
-0.092813112	 -0.18914032
-0.092715457	 -0.18888855
-0.092617795	  -0.1886673
 -0.09252014	 -0.18836212
-0.092419431	 -0.18811798
-0.092324831	 -0.18789673
-0.092228696	 -0.18766785
-0.092132568	 -0.18742752
-0.092034914	 -0.18721008
-0.091937259	 -0.18697357
-0.091836549	 -0.18675613
-0.091738895	 -0.18650818
-0.091638185	 -0.18629837
-0.091543578	 -0.18608475
-0.091442868	  -0.1858902
-0.091349795	  -0.1856575
-0.091252133	 -0.18542099
-0.091152951	 -0.18519592
-0.091055296	 -0.18496704
-0.090957642	 -0.18471146
-0.090863034	 -0.18447876
-0.090765379	 -0.18423462
-0.090667725	 -0.18395233
 -0.09057007	 -0.18366241
-0.090470888	  -0.1834259
-0.090373233	 -0.18318176
-0.090277098	 -0.18294525
-0.090176389	 -0.18268585
-0.090080261	  -0.1824646
-0.089984134	 -0.18226624
-0.089883424	 -0.18200684
-0.089788817	 -0.18177795
-0.089691162	 -0.18154144
-0.089593507	  -0.1812973
-0.089495853	 -0.18106842
 -0.08939819	 -0.18084717
-0.089300536	 -0.18059921
-0.089202881	 -0.18034363
-0.089105226	    -0.18013
-0.089009091	 -0.17989349
-0.088908389	 -0.17964172
-0.088809207	 -0.17940903
-0.088713072	 -0.17918015
-0.088616945	  -0.1789093
 -0.08851929	  -0.1786499
-0.088421628	 -0.17840576
-0.088323973	 -0.17814636
-0.088226318	 -0.17789459
-0.088131711	 -0.17761612
-0.088032529	 -0.17736435
-0.087934874	 -0.17713928
-0.087835692	 -0.17685318
-0.087738037	 -0.17660904
-0.087640382	 -0.17635345
-0.087539673	 -0.17611694
-0.087446593	 -0.17588425
-0.087348938	 -0.17565155
-0.087252811	 -0.17538834
-0.087152101	  -0.1751442
-0.087054446	  -0.1749115
-0.086956784	 -0.17466736
-0.086859129	 -0.17438889
-0.086763002	 -0.17415619
 -0.08666382	 -0.17386246
-0.086566165	  -0.1736412
-0.086471558	 -0.17339325
-0.086373903	 -0.17314529
-0.086273193	  -0.1728096
-0.086177066	 -0.17262268
-0.086079404	 -0.17237854
-0.085981749	 -0.17214203
-0.085882567	 -0.17191315
-0.085786439	 -0.17161179
-0.085688785	 -0.17136765
 -0.08559265	 -0.17111588
 -0.08549194	 -0.17082977
 -0.08539734	 -0.17059326
-0.085299686	 -0.17037582
-0.085202023	 -0.17011261
-0.085101321	 -0.16986084
-0.085006714	 -0.16960526
-0.084906004	 -0.16935349
-0.084812924	 -0.16909409
-0.084713742	 -0.16883087
 -0.08461456	 -0.16859055
-0.084515378	 -0.16833115
-0.084420778	 -0.16812134
-0.084321596	 -0.16777802
-0.084225461	  -0.1675148
-0.084129333	 -0.16721725
-0.084030151	 -0.16696167
-0.083932497	 -0.16677475
-0.083836362	 -0.16646194
-0.083734132	 -0.16625214
-0.083639525	 -0.16585922
-0.083543397	 -0.16563034
-0.083444215	 -0.16547394
-0.083348081	 -0.16522598
-0.083250426	 -0.16474533
-0.083149716	 -0.16445541
-0.083053589	 -0.16447449
-0.082955934	 -0.16421127
-0.082859799	 -0.16396332
-0.082760617	 -0.16370392
-0.082662962	 -0.16342926
-0.082565308	  -0.1631546
  -0.0824707	 -0.16288757
-0.082369998	 -0.16263962
-0.082272336	 -0.16247559
-0.082174681	 -0.16220474
-0.082078554	  -0.1619339
-0.081979372	 -0.16164398
-0.081883237	 -0.16137695
-0.081787109	 -0.16108704
-0.081689455	 -0.16085052
  -0.0815918	 -0.16048813
 -0.08149109	 -0.16020966
-0.081394956	 -0.15995407
-0.081298828	 -0.15972137
-0.081199646	 -0.15946198
-0.081097409	 -0.15922928
-0.081005856	 -0.15898132
-0.080906674	 -0.15872955
-0.080810547	 -0.15849304
-0.080712892	 -0.15828705
-0.080615237	 -0.15802765
-0.080517575	 -0.15773773
-0.080421448	 -0.15742111
-0.080322266	  -0.1571579
-0.080224611	 -0.15689087
-0.080126956	  -0.1566391
-0.080026247	 -0.15632629
-0.079930112	 -0.15606308
 -0.07983093	 -0.15579224
-0.079737857	 -0.15477371
-0.079634093	 -0.15462494
 -0.07954254	 -0.15433884
-0.079441831	 -0.15351868
 -0.07934723	 -0.15355682
-0.079248048	 -0.15313339
-0.079148866	  -0.1536026
-0.079051211	 -0.15335083
-0.078955077	 -0.15313721
-0.078857422	 -0.15291214
 -0.07875824	 -0.15271378
-0.078663632	 -0.15172958
-0.078565978	 -0.15195465
-0.078468323	 -0.15056229
-0.078370668	 -0.14939499
-0.078269958	 -0.14910507
-0.078173831	 -0.14915848
-0.078076169	 -0.14890671
-0.077978514	   -0.149086
-0.077883914	 -0.14764404
-0.077783205	 -0.14693069
 -0.07768555	 -0.14599228
-0.077586368	 -0.14678192
-0.077493288	 -0.14498138
-0.077394105	 -0.14489365
-0.077296451	 -0.14472961
-0.077195741	 -0.14434433
-0.077102661	 -0.14416885
-0.077001952	 -0.14293289
-0.076907352	 -0.14157486
-0.076809689	 -0.13972855
-0.076713562	 -0.14107513
 -0.07660675	 -0.14088821
-0.076510623	 -0.14080811
 -0.07641907	 -0.13921738
-0.076319888	 -0.13808823
-0.076219179	 -0.13822174
-0.076126099	 -0.13805008
-0.076028444	  -0.1377449
-0.075930789	 -0.13777924
-0.075833127	 -0.13634491
-0.075735472	 -0.13528824
 -0.07563629	 -0.13678741
-0.075538635	 -0.13528442
-0.075442508	 -0.13357925
-0.075346373	 -0.13318634
-0.075247191	 -0.13117981
-0.075149536	 -0.13301468
-0.075051881	 -0.13167191
-0.074954227	 -0.12778091
-0.074856564	 -0.12679672
-0.074760437	 -0.12894821
  -0.0746582	   -0.123806
-0.074562073	 -0.12604141
-0.074467465	 -0.12575531
-0.074368283	 -0.12969971
-0.074270628	 -0.12830734
-0.074176028	 -0.12538528
-0.074076846	 -0.12546921
-0.073980711	 -0.12586594
-0.073883057	 -0.12747192
-0.073783875	 -0.12678528
-0.073681638	 -0.12654495
-0.073588565	 -0.12625885
-0.073489383	 -0.12711334
-0.073391721	 -0.12752151
-0.073292539	 -0.12869263
-0.073200986	 -0.12696075
-0.073100284	 -0.12569046
-0.073004149	  -0.1251297
-0.072903439	 -0.12641144
-0.072808839	 -0.12475204
-0.072709657	 -0.12490845
-0.072612002	 -0.12495422
 -0.07251282	 -0.12524414
-0.072418213	 -0.12445068
-0.072317503	 -0.12384033
-0.072224423	 -0.12362671
-0.072128296	 -0.11834717
-0.072030641	  -0.1180191
-0.071929932	  -0.1230011
-0.071833804	 -0.12105179
-0.071731567	 -0.11728287
 -0.07163696	 -0.11521912
-0.071539305	 -0.11364746
 -0.07144165	 -0.11384201
-0.071340941	 -0.11179352
-0.071249388	 -0.11078262
-0.071150206	 -0.10972977
-0.071052551	 -0.10795212
-0.070954897	 -0.10562134
-0.070857242	 -0.10320663
 -0.07075806	 -0.10068893
-0.070660397	-0.099140167
-0.070562743	-0.097682953
-0.070465088	-0.096031189
-0.070367433	-0.093967438
-0.070272826	 -0.09015274
-0.070173644	 -0.08556366
-0.070074461	-0.083789825
-0.069979861	-0.081752777
-0.069882199	-0.081199646
-0.069781497	-0.079669952
 -0.06968689	-0.077796936
-0.069587708	-0.076148987
 -0.06949158	-0.075267792
-0.069392398	-0.074169159
-0.069294736	-0.073131561
-0.069200136	-0.072231293
-0.069097899	-0.071647644
-0.069003299	-0.070079803
-0.068905637	-0.069782257
-0.068803407	-0.068035126
-0.068705752	-0.067577362
-0.068609618	 -0.06703186
-0.068516538	-0.066917419
-0.068417355	-0.066482544
-0.068322755	-0.066028595
-0.068222046	-0.065540314
-0.068124391	-0.064037323
-0.068026736	-0.063682556
-0.067930602	-0.062538147
-0.067829892	-0.062858582
 -0.06773071	-0.062656403
-0.067634583	-0.062320709
-0.067538455	-0.061782837
-0.067437746	 -0.06098175
-0.067346193	-0.059734344
-0.067245483	-0.058773041
-0.067147829	-0.058521271
-0.067050174	-0.058109283
-0.066952512	-0.058361053
 -0.06685181	-0.057247162
-0.066754147	-0.056949615
-0.066659547	-0.057338715
-0.066560365	-0.056907654
 -0.06646423	-0.055294037
 -0.06636963	-0.055179596
-0.066268921	-0.055187225
-0.066171266	-0.055095673
-0.066076659	-0.054950714
-0.065977477	-0.054454803
-0.065878294	-0.054191589
 -0.06578064	-0.052974701
-0.065682985	-0.052669525
 -0.06558533	-0.052581787
-0.065487668	-0.052059174
-0.065394595	-0.051795959
-0.065293886	-0.052429199
-0.065196231	-0.051315308
-0.065097049	-0.051273346
-0.065002441	-0.051223755
-0.064903259	-0.050640106
 -0.06480255	-0.050437927
-0.064703368	-0.050445557
-0.064611815	-0.049938202
-0.064511105	-0.049480438
-0.064414978	 -0.04889679
-0.064318851	-0.048103333
-0.064221188	-0.048171997
-0.064126588	-0.048049927
-0.064027406	-0.047870636
-0.063925169	-0.047271729
-0.063829042	-0.046813965
-0.063732907	-0.046615601
-0.063632205	 -0.04637146
-0.063534543	-0.045967102
 -0.06344299	-0.045879364
-0.063339233	-0.045509338
-0.063246153	-0.045417786
-0.063145444	-0.044822693
-0.063049316	-0.044212341
-0.062951662	-0.043861389
-0.062854007	-0.042869568
-0.062753297	-0.042705536
-0.062657163	-0.042739868
 -0.06255798	-0.042079926
-0.062461853	-0.041942596
-0.062365722	-0.041954041
-0.062269591	-0.041931152
-0.062170409	-0.041870117
-0.062075805	-0.041980743
-0.061975099	-0.041740417
 -0.06187439	-0.040935516
-0.061779786	-0.040283203
-0.061685182	 -0.03968811
-0.061584473	-0.039676666
-0.061488342	-0.039649963
-0.061393738	-0.039726257
-0.061293028	-0.039894104
-0.061195374	-0.040103912
-0.061099242	-0.040351868
-0.060997009	-0.040168762
-0.060900878	-0.039394379
-0.060801696	-0.038993835
 -0.06070862	-0.038570404
-0.060606383	-0.038486481
 -0.06051483	-0.038284302
-0.060412597	-0.038173676
-0.060316466	-0.037940979
-0.060221862	 -0.03786087
 -0.06012268	-0.037582397
-0.060020447	-0.037254333
-0.059927367	-0.037242889
-0.059829712	 -0.03704834
 -0.05973053	-0.036888123
-0.059632875	-0.036693573
-0.059536744	-0.036430359
-0.059436034	-0.036102295
-0.059341431	-0.035793304
  -0.0592453	-0.035423279
-0.059147645	-0.035106659
-0.059043884	-0.035079956
-0.058949281	-0.034942627
-0.058851622	-0.034721375
 -0.05875244	-0.034496307
-0.058654785	-0.034408569
-0.058563232	-0.034114838
-0.058462523	-0.033824921
-0.058366396	-0.033737183
-0.058267213	-0.033779144
-0.058172606	-0.033729553
  -0.0580719	-0.033576965
-0.057975769	-0.033485413
 -0.05787506	-0.033309937
-0.057777405	-0.033309937
 -0.05767975	-0.033226013
-0.057582092	-0.033191681
 -0.05748596	-0.033039093
-0.057389833	-0.032775879
-0.057289124	 -0.03263092
-0.057196043	-0.032409668
-0.057095338	-0.032123566
-0.056997679	 -0.03188324
-0.056903075	-0.031768799
 -0.05680237	-0.031673431
-0.056704711	-0.031593323
-0.056607056	-0.031494141
-0.056510925	-0.031097412
-0.056413271	-0.030830383
-0.056317139	-0.030731201
-0.056219481	 -0.03055954
-0.056118775	-0.030326843
-0.056021117	-0.030204773
-0.055921935	-0.030044556
-0.055825807	-0.029842377
-0.055726625	-0.029518127
-0.055632018	-0.029361725
 -0.05553589	-0.029117584
-0.055438232	-0.028972626
 -0.05533905	-0.028842926
-0.055244446	-0.028648376
-0.055142213	-0.028518677
-0.055044554	-0.028461456
-0.054945372	-0.028434753
-0.054852296	-0.028236389
-0.054751586	-0.028114319
-0.054656982	-0.027923584
-0.054559328	-0.027824402
-0.054461669	-0.027633667
-0.054362487	-0.027439117
-0.054266356	-0.027320862
 -0.05416565	-0.027206421
-0.054069519	-0.027000427
-0.053970337	-0.026851654
-0.053875733	-0.026702881
-0.053776551	-0.026535034
 -0.05368042	-0.026363373
-0.053582765	-0.026195526
-0.053485107	-0.026039124
-0.053387452	-0.025909424
-0.053289793	-0.025794983
-0.053193666	-0.025634766
-0.053092957	-0.025508881
-0.052996825	-0.025360107
-0.052899171	-0.025222778
-0.052801512	-0.025074005
-0.052703857	 -0.02495575
-0.052604675	-0.024810791
-0.052508544	-0.024658203
-0.052410889	-0.024539948
-0.052313231	-0.024402618
-0.052214049	-0.024181366
-0.052120972	-0.024051666
-0.052023314	-0.023944855
-0.051922608	 -0.02381897
 -0.05182495	-0.023639679
-0.051728822	-0.023506165
 -0.05162964	-0.023216248
-0.051531982	-0.023109436
  -0.0514328	-0.023189545
-0.051336668	-0.023010254
-0.051239014	-0.022880554
-0.051139832	-0.022743225
-0.051045228	-0.022613525
-0.050949097	-0.022483826
-0.050849915	 -0.02230072
-0.050756834	-0.022136688
-0.050653078	-0.022014618
 -0.05055847	-0.021869659
-0.050459288	-0.021747589
-0.050357055	 -0.02161026
-0.050262451	-0.021461487
-0.050167847	-0.021347046
-0.050071716	-0.021224976
-0.049972534	-0.021152496
-0.049876403	-0.021068573
-0.049775697	-0.020908356
-0.049679566	-0.020771027
-0.049581908	-0.020652771
-0.049482726	-0.020530701
-0.049386598	-0.020439148
 -0.04928894	-0.020298004
-0.049191285	-0.020175934
-0.049093626	-0.020038605
-0.048997499	-0.019886017
 -0.04889679	-0.019760132
-0.048802186	-0.019695282
-0.048701476	-0.019607544
-0.048602294	-0.019493103
-0.048509218	-0.019371033
-0.048410036	-0.019233704
-0.048312377	-0.019077301
-0.048217773	-0.018959045
-0.048118591	-0.018848419
-0.048020937	-0.018722534
-0.047921754	-0.018596649
-0.047827147	-0.018451691
-0.047727965	-0.018302917
-0.047628783	-0.018161774
-0.047528077	-0.018054962
-0.047436524	-0.017971039
-0.047335815	 -0.01789093
-0.047241211	-0.017791748
-0.047143556	-0.017677307
-0.047045898	-0.017539978
-0.046946716	-0.017402649
-0.046847533	-0.017295837
 -0.04675293	-0.017185211
-0.046653748	-0.017074585
-0.046557616	-0.016967773
-0.046459962	-0.016834259
-0.046357729	-0.016708374
-0.046264648	-0.016586304
-0.046166994	-0.016494751
-0.046067812	-0.016414642
-0.045968629	-0.016330719
-0.045874022	-0.016216278
-0.045776367	-0.016098022
-0.045677185	-0.015975952
-0.045578003	-0.015880585
-0.045483399	-0.015777588
-0.045385741	-0.015678406
-0.045288086	-0.015556335
-0.045191955	-0.015426636
-0.045091249	 -0.01531601
-0.044995118	-0.015216827
-0.044894408	 -0.01512146
-0.044799805	-0.015029907
-0.044705201	-0.014942169
-0.044604491	-0.014873505
-0.044506837	-0.014774323
-0.044407655	-0.014652252
-0.044314574	-0.014526367
-0.044215392	-0.014450073
 -0.04411621	-0.014328003
-0.044020079	-0.014240265
-0.043920897	-0.014125824
-0.043821715	-0.013999939
-0.043725587	-0.013885498
 -0.04363098	-0.013805389
-0.043531798	-0.013729095
-0.043431092	-0.013629913
-0.043336488	-0.013549805
-0.043237306	-0.013462067
-0.043139648	-0.013336182
-0.043040466	 -0.01322937
-0.042947389	-0.013141632
-0.042849731	-0.013050079
-0.042749025	-0.012962341
-0.042651366	 -0.01285553
-0.042552184	-0.012744904
 -0.04245453	-0.012619019
-0.042362977	-0.012527466
-0.042263795	-0.012443542
-0.042163085	-0.012378693
-0.042066954	-0.012306213
-0.041970827	-0.012214661
-0.041870117	-0.012123108
-0.041777037	-0.012023926
-0.041674804	-0.011924744
-0.041577149	-0.011833191
-0.041479491	-0.011753082
-0.041386414	-0.011642456
-0.041285705	-0.011547089
-0.041189574	-0.011451721
-0.041091919	 -0.01134491
-0.040994264	-0.011260986
-0.040896606	-0.011184692
-0.040797424	-0.011127472
-0.040701292	-0.011051178
-0.040605165	 -0.01096344
-0.040504456	-0.010860443
-0.040411375	-0.010787964
 -0.04031067	-0.010681152
-0.040213011	-0.010601044
-0.040115356	-0.010498047
-0.040019225	-0.010410309
-0.039920043	-0.010307312
-0.039822388	-0.010215759
-0.039721679	-0.010116577
-0.039628603	-0.010047913
-0.039526366	-0.0099830627
-0.039431762	-0.0099258423
-0.039334107	-0.0098495483
-0.039236449	-0.0097732544
-0.039138794	-0.0096817017
-0.039041139	-0.0095977783
-0.038941957	-0.0095100403
-0.038844299	-0.0094261169
-0.038746644	-0.0093536377
-0.038650513	-0.0092544556
-0.038552858	-0.0091629028
 -0.03845825	-0.0090675354
-0.038359068	-0.0089874268
-0.038261414	-0.0089263916
-0.038162231	-0.0088653564
-0.038067628	-0.0088043213
-0.037969969	-0.0087242126
-0.037869263	-0.0086402893
-0.037771605	-0.0085525513
-0.037675478	-0.0084762573
-0.037579346	-0.0084075928
-0.037481688	-0.0083236694
-0.037385561	-0.0082550049
-0.037286378	-0.0081672668
 -0.03718872	-0.0080718994
-0.037089538	-0.0079994202
-0.036990356	-0.0079269409
-0.036895752	-0.0078659058
 -0.03679657	-0.0078048706
 -0.03670349	-0.0077438354
-0.036601257	-0.0076599121
 -0.03650818	-0.0075912476
-0.036408998	-0.0075073242
-0.036308289	-0.007434845
-0.036215208	-0.0073623657
-0.036116026	-0.0072975159
-0.036013793	-0.0072250366
-0.035919189	-0.0071296692
-0.035821535	-0.0070495605
-0.035723876	-0.0069770813
-0.035624694	-0.0069351196
 -0.03553009	-0.0068740845
-0.035430908	-0.0068092346
-0.035334777	-0.0067520142
-0.035238646	-0.0066757202
-0.035140991	-0.0066070557
-0.035040282	-0.0065307617
-0.034942627	-0.0064697266
-0.034844972	-0.0064086914
-0.034750365	-0.0063400269
-0.034649659	-0.0062561035
-0.034555055	-0.0061721802
-0.034455873	-0.0061073303
-0.034359742	-0.0060462952
-0.034262083	-0.0060043335
-0.034161378	-0.005947113
-0.034063719	-0.0058898926
-0.033969115	-0.005821228
 -0.03386841	-0.0057411194
-0.033776857	-0.0056800842
 -0.03367462	-0.0056152344
-0.033580016	-0.005569458
-0.033480834	-0.0054931641
-0.033381652	-0.0054206848
 -0.03328247	-0.005355835
-0.033187866	-0.005279541
-0.033087157	-0.0052185059
-0.032989502	-0.0051651001
-0.032894898	-0.0051231384
 -0.03279724	-0.0050735474
-0.032699585	-0.0050048828
 -0.03260193	-0.004940033
-0.032504272	-0.0048866272
-0.032406617	-0.0048294067
-0.032307435	-0.0047683716
-0.032212831	-0.0047111511
-0.032110594	-0.0046310425
-0.032014467	-0.0045776367
-0.031918336	-0.0044975281
-0.031823732	-0.0044441223
-0.031719971	-0.0043792725
-0.031626891	-0.0043449402
-0.031527709	-0.0042953491
-0.031431578	-0.0042533875
-0.031330872	-0.004196167
-0.031234741	-0.0041313171
-0.031134034	-0.0040740967
-0.031042481	-0.0040206909
-0.030941773	-0.0039596558
-0.030845642	 -0.00390625
-0.030744934	-0.0038337708
-0.030648803	-0.0037765503
-0.030552674	-0.0037117004
-0.030456543	-0.0036697388
-0.030352782	-0.0036125183
-0.030258179	-0.003578186
-0.030158997	-0.0035324097
-0.030062865	-0.0034942627
-0.029962158	-0.0034332275
-0.029870605	-0.0033760071
-0.029772948	-0.0033226013
-0.029672241	-0.0032653809
-0.029577637	-0.0032157898
-0.029476929	-0.0031547546
-0.029377747	-0.0031051636
-0.029281616	-0.003074646
-0.029180909	-0.003036499
-0.029086303	-0.002986908
-0.028990174	-0.0029373169
-0.028892517	-0.0028915405
-0.028793335	-0.0028457642
-0.028698731	-0.0027809143
-0.028601075	-0.002746582
-0.028501892	-0.0026931763
 -0.02840271	-0.0026435852
-0.028303528	-0.0025901794
-0.028207397	-0.0025405884
 -0.02810974	-0.0024986267
-0.028015137	-0.0024642944
-0.027915955	-0.0024337769
-0.027819823	-0.0023880005
-0.027722169	-0.0023498535
-0.027627563	-0.0022964478
-0.027526855	-0.0022468567
-0.027426148	-0.0022163391
-0.027326966	-0.0021743774
 -0.02723236	-0.0021324158
-0.027136231	-0.0020828247
-0.027038574	-0.0020370483
-0.026940918	-0.001991272
-0.026841735	-0.0019454956
-0.026747132	-0.0019187927
-0.026649475	-0.0018806458
-0.026547242	-0.0018463135
-0.026451111	-0.0018081665
-0.026350403	-0.0017623901
-0.026255798	-0.0017318726
-0.026156615	-0.0016937256
-0.026063537	-0.0016517639
-0.025964355	-0.0016174316
-0.025869751	-0.0015830994
-0.025769044	-0.001537323
-0.025672913	-0.0014915466
-0.025572205	-0.0014648438
-0.025476074	-0.0014266968
-0.025376892	-0.0013961792
-0.025283813	-0.0013694763
 -0.02518158	  -0.0013237
  -0.0250885	-0.0012969971
-0.024986267	-0.0012626648
-0.024893189	-0.0012359619
-0.024794007	-0.0012130737
 -0.02469635	-0.0011634827
-0.024595642	-0.0011405945
-0.024499511	-0.0011100769
-0.024401855	-0.0010681152
-0.024305725	-0.0010375977
-0.024206543	-0.0010070801
-0.024111938	-0.00098419189
-0.024014283	-0.00094604492
-0.023916626	-0.00093078613
-0.023817444	-0.00090789795
-0.023721313	-0.00086975098
-0.023622131	-0.00084686279
-0.023526002	-0.00081634521
 -0.02342682	-0.00080108643
-0.023330688	-0.00077438354
-0.023233032	-0.00074768066
-0.023135375	-0.00071716309
 -0.02303772	-0.00067901611
-0.022940064	-0.00066757202
-0.022842407	-0.00064086914
-0.022747803	-0.00062942505
-0.022645568	-0.00060272217
-0.022550965	-0.00058746338
 -0.02244873	-0.0005645752
-0.022354126	-0.00053405762
-0.022254944	-0.00052642822
-0.022158813	-0.00049591064
-0.022059631	-0.00048065186
-0.021963501	-0.00045776367
-0.021865845	-0.00043487549
-0.021766663	-0.0004196167
-0.021669006	-0.00040435791
-0.021572877	-0.00037384033
-0.021476746	-0.00036621094
-0.021377563	-0.00035095215
 -0.02128296	-0.00032806396
 -0.02118225	-0.00033187866
-0.021087646	-0.00030136108
-0.020986939	-0.00028991699
-0.020892333	-0.0002822876
-0.020791626	-0.00025939941
-0.020697022	-0.00024795532
-0.020596314	-0.00022888184
-0.020498658	-0.00022125244
-0.020402526	-0.00020599365
-0.020306397	-0.00019836426
-0.020207215	-0.00018310547
-0.020111084	-0.00017929077
-0.020013427	-0.00016403198
-0.019915771	-0.00015640259
-0.019815063	-0.0001373291
-0.019718934	-0.0001411438
-0.019622803	-0.0001335144
-0.019525146	-0.00012969971
-0.019425964	-0.00011444092
-0.019332886	-0.00010681152
-0.019232178	-9.9182129e-005
 -0.01913147	-9.1552734e-005
-0.019035339	-9.1552734e-005
-0.018940736	-8.392334e-005
-0.018838501	-8.392334e-005
-0.018742371	-8.0108643e-005
-0.018643189	-6.8664551e-005
-0.018548584	-6.8664551e-005
-0.018447876	-6.4849854e-005
-0.018354798	-5.3405762e-005
-0.018255616	-6.1035156e-005
-0.018157959	-6.1035156e-005
-0.018057251	-5.3405762e-005
 -0.01796112	-5.3405762e-005
-0.017861938	-5.3405762e-005
-0.017767334	-4.196167e-005
-0.017668152	-4.196167e-005
-0.017570496	-4.196167e-005
-0.017474364	-3.8146973e-005
-0.017378235	-3.8146973e-005
-0.017280579	-4.5776367e-005
-0.017181396	-4.196167e-005
-0.017085265	-3.4332275e-005
-0.016989136	-3.8146973e-005
-0.016888428	-3.8146973e-005
-0.016790772	-2.6702881e-005
-0.016693115	-3.0517578e-005
-0.016596984	-2.2888184e-005
-0.016496276	-2.6702881e-005
-0.016404724	-2.6702881e-005
-0.016304016	-3.0517578e-005
-0.016204834	-2.2888184e-005
-0.016107177	-3.0517578e-005
-0.016009521	-3.0517578e-005
-0.015911866	-2.2888184e-005
-0.015812684	-3.0517578e-005
-0.015716553	-2.6702881e-005
-0.015618896	-2.2888184e-005
-0.015519714	-2.2888184e-005
-0.015426636	-2.6702881e-005
-0.015328979	-3.0517578e-005
-0.015229797	-3.0517578e-005
-0.015130615	-2.6702881e-005
-0.015036011	-2.2888184e-005
-0.014933777	-1.5258789e-005
 -0.01483612	-2.2888184e-005
-0.014738465	-3.0517578e-005
-0.014645386	-2.2888184e-005
-0.014543151	-1.9073486e-005
-0.014450073	-1.9073486e-005
-0.014349366	-2.2888184e-005
-0.014256286	-1.9073486e-005
-0.014157104	-2.6702881e-005
-0.014056397	-2.2888184e-005
-0.013960266	-2.2888184e-005
-0.013861084	-2.2888184e-005
 -0.01376648	-2.6702881e-005
-0.013668823	-2.6702881e-005
-0.013568115	-3.4332275e-005
-0.013475036	-3.0517578e-005
-0.013372803	-2.2888184e-005
-0.013278198	-2.6702881e-005
-0.013180542	-2.6702881e-005
-0.013084412	-2.6702881e-005
-0.012985229	-3.0517578e-005
-0.012886047	-2.2888184e-005
-0.012789917	-3.0517578e-005
-0.012692261	-2.2888184e-005
-0.012591553	-1.9073486e-005
-0.012496948	-2.2888184e-005
-0.012399292	-2.2888184e-005
-0.012301636	-3.4332275e-005
-0.012202454	-2.2888184e-005
-0.012106324	-3.4332275e-005
-0.012005615	-2.2888184e-005
-0.011909485	-1.9073486e-005
-0.011813355	-3.0517578e-005
 -0.01171875	-2.2888184e-005
-0.011616516	-3.0517578e-005
-0.011523438	-2.2888184e-005
-0.011422729	-2.6702881e-005
-0.011328125	-2.6702881e-005
-0.011227417	-2.2888184e-005
-0.011132812	-2.6702881e-005
-0.011032104	-2.2888184e-005
  -0.0109375	-3.0517578e-005
-0.010838318	-3.0517578e-005
-0.010742188	-2.6702881e-005
 -0.01064148	-2.6702881e-005
-0.010548401	-3.0517578e-005
-0.010452271	-3.0517578e-005
-0.010351563	-3.0517578e-005
-0.010256958	-2.2888184e-005
-0.010159302	-2.2888184e-005
-0.010058594	-2.6702881e-005
-0.0099578854	-3.0517578e-005
-0.0098602297	-3.0517578e-005
-0.0097640995	-2.2888184e-005
-0.0096649174	-2.2888184e-005
-0.0095703127	-2.2888184e-005
-0.0094741825	-2.2888184e-005
-0.0093780514	-3.0517578e-005
-0.0092742918	-2.2888184e-005
-0.0091796871	-1.9073486e-005
-0.009080505	-2.6702881e-005
-0.0089859013	-2.2888184e-005
-0.0088851927	-2.2888184e-005
-0.0087890625	-2.2888184e-005
-0.0086883549	-3.0517578e-005
-0.0085968021	-2.2888184e-005
 -0.00849762	-2.6702881e-005
-0.0083999634	-3.0517578e-005
-0.0082992557	-2.6702881e-005
-0.0082031246	-3.0517578e-005
-0.008102417	-3.0517578e-005
-0.0080078123	-3.4332275e-005
-0.0079101566	-3.0517578e-005
-0.0078140255	-3.0517578e-005
-0.0077163698	-2.6702881e-005
-0.0076202392	-3.0517578e-005
-0.007522583	-3.4332275e-005
-0.0074249269	-3.0517578e-005
-0.0073272707	-2.6702881e-005
-0.0072280886	-2.2888184e-005
-0.0071304319	-3.0517578e-005
-0.0070312498	-2.6702881e-005
-0.0069351196	-2.6702881e-005
-0.0068374635	-2.2888184e-005
-0.0067413328	-2.6702881e-005
-0.0066436767	-2.6702881e-005
-0.0065460205	-2.2888184e-005
-0.0064483644	-2.6702881e-005
-0.0063491822	-2.2888184e-005
-0.0062561035	-2.6702881e-005
-0.0061523439	-2.2888184e-005
-0.0060577393	-2.2888184e-005
-0.0059570312	-3.0517578e-005
-0.005859375	-3.0517578e-005
-0.0057647703	-2.2888184e-005
-0.0056671142	-1.9073486e-005
-0.0055648806	-3.0517578e-005
-0.0054733278	-3.0517578e-005
-0.0053741457	-2.6702881e-005
-0.0052764891	-2.6702881e-005
-0.0051757814	-2.6702881e-005
-0.0050811768	-2.2888184e-005
-0.0049835206	-2.2888184e-005
-0.0048858644	-3.0517578e-005
-0.0047882078	-2.6702881e-005
-0.0046905517	-2.6702881e-005
-0.0045898436	-2.2888184e-005
-0.0044952394	-2.6702881e-005
-0.0044006347	-2.2888184e-005
-0.0042984011	-3.0517578e-005
-0.0041992189	-2.2888184e-005
-0.0041046143	-2.6702881e-005
-0.0040084841	-2.6702881e-005
-0.003907776	-2.2888184e-005
-0.0038085938	-3.0517578e-005
-0.0037139892	-2.2888184e-005
-0.003614807	-3.0517578e-005
-0.0035186769	-1.9073486e-005
-0.0034179688	-2.2888184e-005
 -0.00332489	-1.5258789e-005
-0.0032257079	-3.0517578e-005
-0.0031280518	-3.0517578e-005
-0.0030319213	-2.2888184e-005
-0.0029342652	-2.2888184e-005
-0.0028381348	-2.2888184e-005
-0.0027404786	-3.0517578e-005
-0.0026397705	-3.0517578e-005
-0.0025421144	-1.9073486e-005
-0.002444458	-2.2888184e-005
-0.0023498535	-1.9073486e-005
-0.0022491454	-3.0517578e-005
-0.0021560669	-2.6702881e-005
-0.0020568848	-1.9073486e-005
-0.0019592284	-3.8146973e-005
-0.0018585206	-2.2888184e-005
-0.001763916	-3.0517578e-005
-0.0016647339	-2.6702881e-005
-0.0015686036	-3.0517578e-005
-0.0014694214	-3.4332275e-005
-0.001373291	-2.2888184e-005
-0.001272583	-3.0517578e-005
-0.0011779785	-2.6702881e-005
-0.0010772705	-3.0517578e-005
-0.00098266604	-2.6702881e-005
-0.00088500977	-1.5258789e-005
-0.00078887941	-3.0517578e-005
-0.00068664551	-3.0517578e-005
-0.00059051515	-3.0517578e-005
-0.00049133302	-2.2888184e-005
-0.00039672852	-2.6702881e-005
-0.0002960205	-2.6702881e-005
-0.00020141601	-2.6702881e-005
-0.00010223388	-2.2888184e-005
-6.1035157e-006	-1.9073486e-005
9.1552734e-005	-3.8146973e-005
0.00018615722	-2.2888184e-005
0.00028686522	-2.2888184e-005
0.00038146973	-2.6702881e-005
0.00048217774	-2.2888184e-005
0.00057678221	-2.6702881e-005
0.00067443849	-1.9073486e-005
0.0007720947	-2.2888184e-005
0.00087280275	-3.0517578e-005
0.00096740725	-3.0517578e-005
0.0010681152	-2.2888184e-005
0.0011627197	-2.2888184e-005
0.0012619018	-3.0517578e-005
0.0013580322	-2.6702881e-005
0.0014587402	-3.0517578e-005
0.0015548706	-3.8146973e-005
0.0016540528	-2.2888184e-005
0.0017486572	-2.6702881e-005
0.0018493652	-2.2888184e-005
0.0019439697	-2.2888184e-005
 0.002041626	-2.2888184e-005
0.0021362305	-3.0517578e-005
0.0022384643	-2.6702881e-005
0.0023361207	-3.0517578e-005
0.0024353028	-3.0517578e-005
0.0025299073	-2.6702881e-005
0.0026306151	-2.6702881e-005
0.0027236938	-3.0517578e-005
 0.002822876	-3.8146973e-005
0.0029205321	-2.2888184e-005
0.0030181885	-2.2888184e-005
 0.003112793	-2.2888184e-005
0.0032150268	-2.2888184e-005
0.0033111572	-2.2888184e-005
0.0034088134	-1.9073486e-005
0.0035064698	-2.2888184e-005
0.0036071776	-3.0517578e-005
0.0036987304	-2.6702881e-005
0.0037994385	-2.2888184e-005
0.0038970946	-3.0517578e-005
0.0039947508	-3.0517578e-005
0.0040893555	-3.0517578e-005
0.0041915895	-3.0517578e-005
0.0042846678	-3.0517578e-005
0.0043838499	-2.6702881e-005
 0.004484558	-2.6702881e-005
0.0045806887	-2.6702881e-005
0.0046752929	-2.2888184e-005
 0.004772949	-1.9073486e-005
0.0048736571	-2.2888184e-005
0.0049682618	-2.2888184e-005
 0.005065918	-2.2888184e-005
0.0051666261	-3.0517578e-005
0.0052627563	-3.0517578e-005
0.0053619384	-3.0517578e-005
0.0054611205	-2.2888184e-005
0.0055572512	-3.4332275e-005
0.0056549073	-2.2888184e-005
0.0057495115	-1.5258789e-005
0.0058471682	-2.2888184e-005
0.0059448243	-1.5258789e-005
0.0060424805	-2.2888184e-005
0.0061431886	-3.0517578e-005
0.0062377928	-3.0517578e-005
0.0063385009	-3.0517578e-005
0.0064346315	-2.6702881e-005
0.0065338137	-2.6702881e-005
0.0066268919	-2.2888184e-005
 0.006726074	-3.4332275e-005
0.0068237307	-2.2888184e-005
0.0069198608	-2.6702881e-005
 0.007015991	-2.6702881e-005
0.0071182251	-2.2888184e-005
0.0072143553	-2.2888184e-005
0.0073135374	-3.0517578e-005
0.0074096681	-2.2888184e-005
0.0075103762	-3.0517578e-005
0.0076019289	-1.9073486e-005
0.0077026365	-3.0517578e-005
0.0077987672	-3.0517578e-005
0.0078979488	-2.2888184e-005
0.0079956055	-2.6702881e-005
0.0080963131	-2.2888184e-005
0.0081878658	-2.6702881e-005
0.0082916263	-2.6702881e-005
0.0083847046	-1.9073486e-005
0.0084838867	-2.2888184e-005
0.0085800169	-2.2888184e-005
 0.008679199	-2.6702881e-005
0.0087738037	-2.2888184e-005
0.0088760378	-3.0517578e-005
 0.008969116	-2.2888184e-005
0.0090713501	-3.4332275e-005
0.0091674803	-2.2888184e-005
0.0092636105	-2.6702881e-005
0.0093597416	-2.2888184e-005
0.0094573973	-2.6702881e-005
0.0095550539	-2.2888184e-005
 0.009654236	-2.2888184e-005
0.0097534182	-2.2888184e-005
0.0098510738	-3.8146973e-005
 0.009944153	-2.2888184e-005
 0.010046387	-3.0517578e-005
 0.010142517	-3.0517578e-005
 0.010241699	-2.2888184e-005
 0.010339355	-3.0517578e-005
 0.010437012	-3.0517578e-005
 0.010531616	-1.5258789e-005
 0.010632324	-3.0517578e-005
 0.010729981	-2.2888184e-005
 0.010827636	-2.6702881e-005
 0.010920716	-2.2888184e-005
  0.01102295	-3.0517578e-005
  0.01111908	-2.2888184e-005
  0.01121521	-2.6702881e-005
 0.011312867	-2.2888184e-005
   0.0114151	-3.0517578e-005
 0.011508179	-2.2888184e-005
 0.011608887	-2.6702881e-005
 0.011703491	-2.2888184e-005
 0.011802673	-2.2888184e-005
 0.011898804	-3.0517578e-005
 0.011997986	-2.2888184e-005
 0.012094116	-2.2888184e-005
 0.012194824	-1.9073486e-005
  0.01229248	-2.2888184e-005
 0.012390137	-3.0517578e-005
 0.012481689	-1.9073486e-005
 0.012579346	-2.6702881e-005
 0.012678528	-2.2888184e-005
  0.01277771	-3.0517578e-005
 0.012872314	-1.5258789e-005
 0.012974548	-3.0517578e-005
 0.013072205	-2.6702881e-005
 0.013166809	-1.5258789e-005
  0.01326294	-3.4332275e-005
 0.013363647	-1.9073486e-005
 0.013458252	-2.2888184e-005
 0.013555909	-2.6702881e-005
 0.013653564	-2.2888184e-005
 0.013751221	-3.0517578e-005
 0.013848877	-2.2888184e-005
 0.013949585	-2.2888184e-005
  0.01404419	-2.2888184e-005
 0.014143372	-1.5258789e-005
  0.01424408	-2.2888184e-005
 0.014343262	-2.6702881e-005
 0.014437866	-1.9073486e-005
 0.014537049	-1.5258789e-005
 0.014633179	-2.2888184e-005
 0.014727783	-3.4332275e-005
 0.014826966	-3.0517578e-005
 0.014926148	-2.6702881e-005
 0.015023803	-3.0517578e-005
 0.015118408	-3.0517578e-005
  0.01521759	-3.4332275e-005
 0.015318299	-1.9073486e-005
 0.015411377	-3.4332275e-005
 0.015509034	-2.2888184e-005
 0.015608216	-3.0517578e-005
 0.015707398	-2.6702881e-005
 0.015802002	-2.6702881e-005
 0.015902709	-2.2888184e-005
 0.015997315	-3.0517578e-005
 0.016094971	-2.6702881e-005
 0.016192626	-1.9073486e-005
 0.016293336	-3.0517578e-005
 0.016384888	-2.6702881e-005
 0.016488647	-1.5258789e-005
 0.016583253	-1.5258789e-005
 0.016680907	-2.2888184e-005
 0.016777039	-1.9073486e-005
 0.016876221	-1.5258789e-005
 0.016975403	-1.5258789e-005
 0.017073059	-1.5258789e-005
 0.017169189	-1.1444092e-005
 0.017266845	-2.2888184e-005
 0.017362976	-1.1444092e-005
 0.017459106	-1.1444092e-005
 0.017558288	-1.1444092e-005
  0.01765747	-1.1444092e-005
 0.017752076	-1.1444092e-005
 0.017852783	-1.5258789e-005
  0.01795044	-7.6293945e-006
 0.018048096	-3.8146973e-006
   0.0181427	-7.6293945e-006
 0.018243408	-7.6293945e-006
 0.018339539	           0
 0.018440247	7.6293945e-006
 0.018536378	1.5258789e-005
 0.018634032	3.8146973e-006
 0.018730164	7.6293945e-006
 0.018829346	7.6293945e-006
 0.018927002	1.5258789e-005
 0.019026184	1.9073486e-005
 0.019120788	3.0517578e-005
 0.019223023	3.4332275e-005
 0.019316101	3.8146973e-005
 0.019415284	4.5776367e-005
  0.01951294	4.5776367e-005
 0.019610595	4.5776367e-005
 0.019708252	4.9591064e-005
 0.019807434	4.5776367e-005
 0.019903565	6.1035156e-005
 0.020001221	6.8664551e-005
 0.020097351	6.8664551e-005
 0.020196533	8.0108643e-005
 0.020292664	9.1552734e-005
 0.020393372	9.1552734e-005
 0.020487975	0.00010299683
 0.020587157	0.00012207031
  0.02067871	0.00012588501
 0.020782471	0.00012969971
 0.020877074	0.0001449585
 0.020974731	0.00015258789
 0.021073913	0.00016784668
 0.021173095	0.00016784668
 0.021266174	0.00018310547
 0.021365356	0.00020217896
 0.021463012	0.00020599365
 0.021562194	0.00022125244
 0.021658326	0.00023651123
 0.021755982	0.00025939941
 0.021853637	0.00027084351
 0.021948243	0.00028610229
  0.02204895	0.00030517578
 0.022146607	0.00031280518
 0.022242736	0.00033187866
 0.022343446	0.00035095215
 0.022439575	0.00036621094
 0.022535706	0.00038146973
 0.022634888	0.00040435791
  0.02273407	 0.000415802
 0.022828674	0.00043487549
 0.022926331	0.00046920776
 0.023023987	0.00048065186
  0.02312622	0.00050735474
 0.023220826	0.00052261353
 0.023318481	0.00054168701
 0.023416137	0.00056838989
 0.023515319	0.00059890747
 0.023609925	0.00061035156
 0.023709107	0.00062561035
 0.023803711	0.00065994263
 0.023902893	0.00067520142
  0.02400055	0.0006980896
 0.024098206	0.00073242188
  0.02419281	0.00076293945
 0.024293518	0.00077819824
   0.0243927	0.00081634521
 0.024490356	0.00085449219
 0.024586488	0.00087356567
  0.02468567	0.00089645386
 0.024781799	0.00093460083
 0.024879456	0.00095367432
 0.024977112	0.00099182129
 0.025076294	0.0010261536
 0.025169373	0.0010375977
 0.025271606	0.0010757446
 0.025366211	0.0011138916
 0.025463868	0.0011444092
 0.025564576	0.0011825562
 0.025657654	0.0012130737
 0.025756836	0.0012512207
 0.025856018	0.0012893677
 0.025950622	0.0013160706
 0.026052857	0.0013504028
 0.026147461	0.0013885498
 0.026248168	0.0014266968
 0.026342774	0.0014572144
 0.026441956	0.0014877319
  0.02653656	0.0015258789
 0.026635742	0.0015563965
 0.026731873	0.0015907288
 0.026828002	0.0016365051
 0.026927184	0.0016784668
 0.027026366	0.0017280579
 0.027122498	0.0017623901
  0.02722168	0.0018005371
 0.027320862	0.0018386841
 0.027416993	0.0018768311
 0.027511597	 0.001914978
 0.027612304	0.0019607544
  0.02770691	0.0020065308
 0.027804565	0.0020332336
 0.027902221	0.0020751953
 0.027999878	0.0021133423
 0.028097535	 0.002155304
 0.028198242	 0.002204895
 0.028297424	0.0022583008
 0.028393555	0.0023117065
  0.02849121	0.0023574829
 0.028585816	0.0023918152
  0.02868042	0.0024414063
 0.028781127	0.0024757385
 0.028880309	0.0025253296
 0.028979491	0.0025672913
 0.029074097	0.0026168823
 0.029174805	0.0026473999
 0.029270936	0.0026931763
 0.029368591	0.0027389526
 0.029464722	0.0027885437
 0.029562378	0.0028457642
 0.029660035	0.0029029846
 0.029760743	0.0029602051
 0.029856872	0.0029983521
 0.029954528	0.0030517578
  0.03005066	0.0031051636
 0.030146789	0.0031509399
 0.030245971	0.0032119751
 0.030345153	0.0032577515
 0.030441284	0.0032997131
 0.030540466	0.0033416748
 0.030636597	0.0033874512
  0.03073578	0.0034408569
 0.030830383	0.0035057068
 0.030929565	0.0035667419
 0.031024169	0.0036239624
 0.031124879	0.0036773682
 0.031222533	0.0037307739
 0.031321716	0.0037841797
 0.031417847	0.0038299561
 0.031515501	0.0039024353
 0.031611633	0.0039558411
 0.031712342	0.0039901733
 0.031808473	0.0040473938
 0.031906128	0.0041007996
 0.032003783	0.0041503906
 0.032104492	0.0042114258
 0.032202147	0.0042877197
 0.032298278	0.0043487549
 0.032391358	0.0044174194
 0.032493591	0.0044784546
 0.032585144	0.0045204163
 0.032684326	0.0045814514
 0.032783508	 0.004650116
  0.03288269	0.0047035217
 0.032977294	0.0047531128
 0.033078004	0.0048141479
 0.033175658	0.0048561096
  0.03327179	0.0049209595
 0.033367921	0.0049705505
 0.033468626	0.0050582886
 0.033564758	0.0051231384
 0.033660889	0.0051994324
 0.033761598	0.0052719116
 0.033856202	0.0053100586
 0.033953857	0.0053749084
 0.034057617	0.0054473877
  0.03414917	0.0055122375
 0.034249879	0.0055732727
 0.034347534	0.0056343079
 0.034445189	0.0056838989
 0.034542847	0.0057487488
 0.034637451	0.0058097839
 0.034735106	0.0058822632
 0.034834288	0.0059661865
 0.034930419	0.0060386658
 0.035028078	 0.006111145
 0.035128783	0.0061798096
 0.035223387	0.0062408447
 0.035322569	0.0063095093
   0.0354187	0.0063781738
 0.035516359	0.0064506531
 0.035614014	0.0065116882
 0.035713196	0.0065765381
 0.035809327	0.0066413879
 0.035905458	0.0066871643
  0.03600464	0.0067672729
 0.036102295	0.0068435669
 0.036201477	0.0069351196
 0.036296081	0.0070114136
 0.036395263	0.0070877075
 0.036489867	0.0071640015
 0.036587525	0.0072250366
 0.036688231	0.0072898865
 0.036785889	0.0073699951
 0.036883544	0.0074501038
 0.036981203	0.0075187683
 0.037078857	0.0075721741
 0.037176512	0.0076370239
 0.037272643	0.0076980591
 0.037368774	0.0077857971
 0.037464906	0.0078773499
 0.037564088	0.0079689026
 0.037660219	0.0080490112
 0.037759401	0.0081367493
 0.037860107	0.0082054138
 0.037959289	0.0082740784
  0.03805542	0.0083465576
 0.038153075	 0.008430481
 0.038249206	0.0085105896
 0.038348388	0.0085830688
 0.038439941	0.0086479187
  0.03854065	0.0087089539
 0.038638305	0.0087890625
 0.038737487	0.0088806152
 0.038833618	0.0089683533
 0.038931273	0.0090637207
 0.039030455	0.0091590881
 0.039129637	0.0092391968
 0.039224245	0.0093154907
 0.039321899	  0.00938797
 0.039418031	0.0094795227
 0.039515685	0.0095596313
 0.039616395	0.0096435547
 0.039712526	0.0097007751
 0.039810181	0.0097923279
 0.039907835	0.0098648071
 0.040008545	0.0099563599
 0.040103149	 0.010059357
 0.040200807	 0.010162354
 0.040298462	 0.010246277
 0.040394593	  0.01033783
 0.040492248	 0.010417938
  0.04059143	 0.010498047
 0.040689088	   0.0105896
 0.040786743	 0.010677338
 0.040884398	 0.010761261
 0.040982056	 0.010837555
 0.041079711	 0.010910034
 0.041174315	 0.010990143
 0.041275024	  0.01108551
 0.041369628	 0.011188507
  0.04146881	 0.011291504
 0.041566469	 0.011394501
 0.041662596	 0.011486053
 0.041763306	 0.011581421
  0.04186096	 0.011669159
 0.041958619	 0.011760712
 0.042053223	 0.011856079
 0.042150877	 0.011917114
 0.042251587	 0.012004852
 0.042346191	 0.012107849
   0.0424469	 0.012218475
 0.042543031	 0.012336731
 0.042640686	 0.012432098
 0.042736817	 0.012519836
 0.042837523	 0.012611389
 0.042930603	 0.012706757
 0.043031313	 0.012805939
  0.04312744	 0.012901306
 0.043225098	 0.012996674
  0.04332123	 0.013084412
 0.043423463	 0.013168335
 0.043518066	 0.013252258
 0.043618776	 0.013370514
 0.043714903	 0.013473511
 0.043811034	  0.01360321
 0.043908693	 0.013717651
 0.044006348	 0.013813019
 0.044102479	 0.013912201
 0.044201661	 0.014003754
 0.044296265	 0.014110565
 0.044398498	 0.014209747
 0.044494629	 0.014312744
 0.044592284	 0.014408112
 0.044689942	 0.014492035
 0.044787597	 0.014587402
 0.044882201	 0.014698029
 0.044984438	  0.01480484
 0.045080565	 0.014923096
 0.045178223	 0.015060425
 0.045272827	  0.01517868
 0.045373537	 0.015285492
  0.04546814	 0.015380859
 0.045568846	 0.015487671
 0.045666505	 0.015590668
 0.045764159	 0.015708923
 0.045860291	 0.015823364
 0.045956422	 0.015911102
 0.046057127	  0.01599884
  0.04615631	 0.016101837
 0.046250917	 0.016212463
 0.046348572	 0.016342163
 0.046447754	 0.016475677
 0.046545409	 0.016609192
 0.046640016	 0.016716003
 0.046743773	 0.016838074
 0.046833802	 0.016944885
 0.046936035	 0.017059326
 0.047030639	 0.017173767
 0.047131348	 0.017288208
 0.047222901	 0.017383575
 0.047326662	 0.017494202
 0.047424316	 0.017593384
 0.047520448	 0.017696381
  0.04761963	 0.017829895
 0.047715761	 0.017963409
 0.047811888	 0.018093109
 0.047909547	 0.018234253
 0.048007201	 0.018348694
 0.048106384	 0.018451691
 0.048202515	 0.018550873
 0.048301697	 0.018669128
 0.048397828	 0.018810272
 0.048495483	 0.018932343
 0.048593141	 0.019016266
 0.048692323	 0.019123077
 0.048788451	 0.019233704
 0.048883058	 0.019351959
 0.048983764	 0.019493103
 0.049082946	 0.019645691
 0.049174499	 0.019794464
 0.049279787	 0.019916534
 0.049375914	  0.02003479
 0.049473573	  0.02015686
 0.049569704	 0.020271301
 0.049667358	 0.020393372
 0.049765013	 0.020507813
 0.049865723	 0.020599365
 0.049960326	 0.020683289
 0.050057985	 0.020755768
 0.050152589	 0.020858765
 0.050254822	 0.021007538
 0.050354004	 0.021133423
 0.050451659	 0.021232605
 0.050546266	 0.021335602
 0.050645448	 0.021469116
 0.050738525	 0.021533966
 0.050837707	 0.021617889
 0.050935365	 0.021743774
 0.051034547	 0.021827698
 0.051132202	 0.021953583
 0.051229857	 0.022010803
 0.051327515	 0.022129059
  0.05142517	 0.022239685
 0.051519774	 0.022323608
 0.051622011	 0.022418976
 0.051713564	  0.02256012
 0.051812746	 0.022758484
   0.0519104	  0.02280426
 0.052008055	  0.02293396
 0.052102663	 0.023044586
 0.052206419	 0.023132324
 0.052302551	 0.023277283
 0.052398682	 0.023433685
 0.052499391	 0.023551941
 0.052595519	 0.023616791
  0.05269165	  0.02374649
 0.052786253	 0.023864746
  0.05288849	 0.023986816
 0.052984618	 0.024154663
 0.053082276	 0.024288177
 0.053182982	 0.024421692
 0.053279113	 0.024562836
 0.053378295	 0.024703979
 0.053474426	 0.024810791
 0.053573608	 0.024932861
 0.053665161	 0.025058746
 0.053765871	 0.025211334
 0.053863525	 0.025398254
 0.053962708	 0.025413513
 0.054055788	 0.025512695
 0.054159544	 0.025669098
 0.054254152	 0.025875092
 0.054351807	 0.025989532
 0.054450989	 0.026119232
 0.054548644	 0.026298523
 0.054641724	 0.026409149
 0.054742433	 0.026550293
 0.054838561	 0.026515961
 0.054936219	 0.026702881
  0.05503235	 0.026805878
 0.055134583	 0.027076721
 0.055229187	 0.027187347
 0.055328369	 0.027309418
   0.0554245	 0.027397156
 0.055523682	 0.027481079
 0.055618286	 0.027694702
 0.055715941	 0.027832031
 0.055813599	 0.028091431
 0.055911254	 0.028182983
 0.056007385	 0.028320313
 0.056112669	 0.028457642
 0.056207277	 0.028453827
 0.056301881	 0.028511047
 0.056401063	 0.028762817
 0.056500245	 0.029033661
 0.056593321	 0.029167175
 0.056695558	 0.029144287
 0.056790162	 0.029251099
 0.056890868	 0.029384613
 0.056985475	 0.029666901
 0.057089232	 0.029857635
 0.057183839	 0.030105591
 0.057281494	 0.030357361
 0.057376098	  0.03037262
 0.057478331	  0.03055954
 0.057571411	 0.030727386
 0.057669066	 0.030853271
 0.057766724	 0.030906677
 0.057864379	 0.030944824
  0.05796051	 0.031097412
 0.058059692	 0.031322479
 0.058157347	 0.031448364
 0.058256529	 0.031490326
  0.05835266	 0.031593323
 0.058450319	 0.031997681
 0.058544923	 0.032264709
 0.058647156	 0.032249451
 0.058743287	 0.032569885
 0.058843993	 0.032844543
 0.058935545	 0.032974243
 0.059037782	 0.033153534
 0.059135437	  0.03345108
 0.059231568	 0.033550262
 0.059332274	 0.033630371
 0.059428405	 0.033630371
 0.059521485	 0.033843994
 0.059620667	 0.034175873
 0.059716798	 0.034526825
 0.059817504	 0.034473419
 0.059912108	  0.03440094
  0.06001129	 0.034549713
 0.060110472	 0.034946442
 0.060209654	 0.035045624
 0.060304262	 0.034996033
 0.060403444	 0.034950256
 0.060498048	 0.035205841
 0.060598753	 0.036018372
 0.060694885	 0.036380768
 0.060794067	 0.036323547
 0.060887147	 0.036540985
  0.06098938	 0.036449432
 0.061083984	  0.03691864
 0.061183166	 0.037471771
 0.061282348	 0.037311554
 0.061383057	 0.037654877
  0.06147461	 0.037712097
 0.061572265	 0.038127899
 0.061669923	 0.037754059
 0.061770629	 0.037166595
 0.061865233	 0.037548065
 0.061964415	 0.038105011
 0.062065125	 0.038455963
 0.062161256	 0.039276123
  0.06225891	 0.039382935
 0.062355042	 0.039649963
 0.062451173	 0.039482117
 0.062550351	 0.039272308
 0.062646486	 0.039588928
 0.062742613	 0.040245056
 0.062840268	 0.040653229
  0.06293945	 0.041000366
 0.063037112	  0.04145813
 0.063134767	 0.041404724
 0.063235477	 0.041610718
 0.063333131	 0.041648865
 0.063424684	 0.041748047
 0.063525394	 0.042140961
 0.063619994	 0.042190552
 0.063719176	 0.042011261
 0.063815311	 0.042030334
 0.063919067	 0.042499542
 0.064013675	 0.043254852
  0.06411133	 0.043952942
 0.064208984	 0.043941498
 0.064309694	  0.04384613
 0.064402774	 0.043800354
 0.064501956	 0.043979645
 0.064598083	 0.044425964
 0.064697266	 0.044967651
  0.06479492	 0.045070648
 0.064894103	 0.045024872
 0.064990237	 0.045467377
 0.065087892	  0.04529953
 0.065185547	 0.045692444
 0.065286256	 0.045227051
 0.065377809	 0.044933319
 0.065475464	 0.045951843
 0.065573119	 0.046463013
 0.065670773	 0.047454834
 0.065766908	 0.047451019
 0.065869138	 0.047721863
   0.0659668	  0.04737854
 0.066062927	 0.047077179
 0.066159055	 0.047569275
 0.066258237	 0.047538757
 0.066354372	 0.048595428
 0.066453554	 0.049365997
 0.066549681	 0.049213409
 0.066647336	  0.04876709
 0.066741943	 0.049835205
 0.066842653	 0.049999237
  0.06693878	 0.050262451
 0.067034915	 0.050182343
 0.067135617	  0.05039978
 0.067234799	 0.050830841
 0.067329407	 0.051490784
 0.067431644	 0.052936554
 0.067524716	 0.053600311
 0.067626953	 0.053672791
 0.067721561	 0.053142548
 0.067819215	 0.054164886
 0.067918397	 0.053165436
 0.068014525	  0.05406189
  0.06811218	 0.054607391
 0.068209842	 0.054702759
 0.068304442	 0.055175781
 0.068405151	 0.055187225
 0.068504333	 0.055141449
 0.068598941	 0.055854797
 0.068693541	 0.056438446
 0.068797305	 0.056278229
 0.068893433	 0.056922913
 0.068991087	 0.056545258
 0.069085695	 0.058197021
 0.069186404	 0.059494019
 0.069284059	 0.060871124
 0.069381714	 0.062232971
 0.069479369	  0.06142807
 0.069577023	 0.061702728
 0.069673158	 0.062042236
 0.069770813	 0.063964844
  0.06986694	 0.064983368
  0.06996765	 0.065326691
 0.070062257	 0.067165375
 0.070162967	  0.06754303
 0.070260622	  0.06785965
 0.070356749	 0.068481445
 0.070455931	 0.067993164
 0.070550539	 0.067848206
 0.070648193	 0.070449829
 0.070748903	 0.070732117
 0.070846558	 0.068386078
 0.070941165	 0.065921783
  0.07103882	  0.06621933
 0.071139529	 0.068099976
 0.071231082	  0.06937027
 0.071336366	 0.070755005
 0.071429446	 0.069332123
 0.071528628	 0.068088531
 0.071621701	 0.070140839
 0.071725465	 0.070301056
  0.07182312	 0.071403503
 0.071917728	 0.073246002
  0.07201843	 0.073562622
 0.072113037	  0.07541275
 0.072210692	 0.077693939
 0.072311401	 0.078155518
 0.072409056	 0.078014374
 0.072500609	  0.08455658
 0.072598264	 0.085155487
 0.072702028	 0.081195831
 0.072793581	 0.081630707
  0.07289429	 0.084068298
 0.072991945	 0.086380005
 0.073091127	 0.090156555
 0.073184207	 0.093460083
 0.073286436	 0.093662262
 0.073384091	 0.094116211
 0.073480226	 0.094348907
 0.073577881	 0.093009949
 0.073675536	 0.094047546
 0.073770143	 0.099498749
 0.073867798	  0.10408783
 0.073968507	  0.10617828
 0.074066162	  0.10810471
  0.07416077	  0.10968399
 0.074261472	  0.10882568
 0.074359134	   0.1155014
 0.074453734	  0.11840439
 0.074554443	  0.11044693
 0.074652098	  0.11288834
 0.074748233	   0.1151886
 0.074847415	  0.11604691
  0.07494507	  0.11715317
 0.075042725	  0.11804199
 0.075137332	  0.11715698
 0.075238034	  0.11722565
 0.075334169	  0.12063217
 0.075430296	  0.12071991
 0.075523376	  0.12318039
 0.075625613	  0.12456131
 0.075723268	  0.12639236
  0.07582245	  0.12488556
 0.075920105	   0.1271286
  0.07601776	  0.12730408
 0.076112367	  0.12652588
 0.076213077	  0.12796783
 0.076310731	  0.12958908
 0.076406859	   0.1291275
 0.076506041	  0.13127136
 0.076602176	  0.12921143
 0.076698303	  0.13089371
 0.076794431	  0.13066101
 0.076893613	  0.13785553
  0.07699585	  0.13844299
 0.077087402	  0.13835907
 0.077188112	  0.13844299
 0.077285767	  0.14072418
 0.077383421	  0.13728333
 0.077482603	  0.13883972
 0.077580258	  0.13814163
 0.077674866	  0.13322449
 0.077774048	  0.13607025
  0.07787323	  0.13737106
 0.077969357	  0.13687515
  0.07805939	  0.13521576
 0.078164674	  0.13631821
 0.078260802	  0.13732147
 0.078361511	  0.13529968
 0.078451537	    0.138237
 0.078555301	  0.13873291
 0.078649901	  0.14417648
 0.078749083	  0.14483261
 0.078846738	  0.14205551
  0.07894592	  0.14578629
 0.079042055	  0.14347458
 0.079138182	  0.14693069
 0.079237364	  0.14554977
 0.079335019	  0.14826584
 0.079431154	  0.14874649
 0.079528809	  0.14733887
 0.079624936	  0.14946365
 0.079724118	  0.14859009
   0.0798233	  0.15013885
 0.079922482	  0.14866638
  0.08001709	  0.14984512
 0.080113217	  0.15219879
 0.080212399	  0.15393448
 0.080310062	  0.15396881
 0.080406189	   0.1534996
 0.080508426	  0.15376663
 0.080603026	  0.15240479
 0.080699161	  0.15638733
 0.080796815	  0.15398407
 0.080895998	  0.15556717
 0.080992125	  0.15705872
 0.081092834	  0.15773773
 0.081187442	  0.15799713
 0.081286624	   0.1588974
 0.081379697	  0.15911865
 0.081481934	  0.15927124
 0.081579588	  0.15970993
 0.081677243	  0.16012573
 0.081774905	  0.16029739
  0.08187256	  0.16049194
  0.08196716	  0.16114426
 0.082069397	  0.16150284
 0.082164004	  0.16169739
 0.082263187	  0.16186523
 0.082360841	  0.16198349
 0.082461551	  0.16220093
 0.082556151	  0.16252899
 0.082653806	  0.16287231
 0.082751468	  0.16313553
  0.08285065	  0.16328812
 0.082946777	  0.16357803
 0.083045959	   0.1639328
 0.083142087	  0.16424179
 0.083239749	  0.16459656
 0.083340451	  0.16496658
 0.083436586	   0.1652298
 0.083531186	  0.16542435
 0.083627321	  0.16564941
 0.083724976	  0.16596222
 0.083825685	  0.16622925
  0.08392334	  0.16651917
 0.084019467	  0.16673279
 0.084115602	  0.16703796
 0.084216312	  0.16733932
 0.084310912	  0.16757202
 0.084413148	  0.16788864
 0.084509276	  0.16824722
 0.084602356	  0.16847229
 0.084701538	   0.1688118
 0.084799193	  0.16910172
 0.084896848	  0.16937256
 0.084997557	  0.16960907
 0.085092165	  0.16988754
 0.085192874	  0.17004776
 0.085284427	  0.17030716
 0.085388184	  0.17053986
 0.085484311	  0.17080688
 0.085583493	  0.17094803
 0.085676573	  0.17120743
 0.085777283	  0.17155457
  0.08587189	  0.17181015
  0.08597412	  0.17204666
 0.086068727	  0.17230988
 0.086166382	  0.17256165
 0.086260989	  0.17282486
 0.086363219	  0.17305756
 0.086456299	  0.17330933
 0.086557008	   0.1735611
 0.086657718	  0.17387772
 0.086755373	  0.17414474
 0.086846925	    0.174366
 0.086947635	  0.17461395
 0.087046817	  0.17488861
 0.087142944	   0.1751709
 0.087240599	  0.17534256
 0.087341309	  0.17562103
 0.087432861	   0.1758461
 0.087530516	   0.1760788
 0.087631226	  0.17631531
 0.087727353	  0.17658615
 0.087825015	  0.17678833
 0.087927245	  0.17704773
 0.088020325	  0.17727661
 0.088119507	  0.17750931
 0.088214114	   0.1776886
 0.088316344	  0.17795181
 0.088409424	  0.17823029
 0.088508606	  0.17845917
 0.088604733	  0.17867279
 0.088705443	  0.17892075
  0.08880005	  0.17920685
  0.08890076	  0.17943573
 0.088998415	  0.17969894
 0.089093015	  0.17995453
 0.089190677	  0.18016815
 0.089289859	  0.18043137
 0.089385986	  0.18067551
 0.089483641	  0.18087769
 0.089582823	  0.18114853
 0.089683533	  0.18137741
  0.08977814	  0.18160248
 0.089877322	  0.18187332
 0.089974977	  0.18214798
 0.090072632	  0.18242645
 0.090167239	   0.1825943
 0.090264894	    0.182827
 0.090362549	  0.18302536
 0.090454102	  0.18327332
 0.090560913	  0.18354034
 0.090658568	  0.18375778
 0.090754703	  0.18399048
 0.090853885	  0.18430328
  0.09095154	  0.18448257
  0.09104614	  0.18473053
 0.091143802	  0.18498611
 0.091238402	  0.18521881
 0.091339111	  0.18546677
 0.091436766	  0.18576813
 0.091535948	  0.18597031
 0.091632083	  0.18622971
 0.091729738	  0.18647003
  0.09182892	   0.1867218
 0.091926575	  0.18685913
 0.092021182	  0.18709564
 0.092120364	   0.1873703
 0.092218019	  0.18760681
 0.092312619	  0.18785095
 0.092410281	  0.18806839
 0.092509463	  0.18836975
 0.092607118	  0.18860626
 0.092709348	  0.18883514
 0.092803955	   0.1890831
 0.092900082	  0.18930817
 0.092999265	  0.18952942
 0.093096927	  0.18980026
 0.093191527	  0.19000244
 0.093290709	  0.19024277
 0.093386844	  0.19044495
 0.093486026	  0.19067383
 0.093582153	  0.19088745
 0.093682863	  0.19109344
  0.09377899	  0.19131088
 0.093878172	  0.19159317
  0.09397278	  0.19178772
 0.094071962	   0.1920433
 0.094168089	    0.192276
 0.094265744	  0.19245148
 0.094363406	  0.19271469
 0.094464108	  0.19294739
 0.094561771	  0.19318771
 0.094657898	   0.1934433
 0.094754025	  0.19369125
 0.094854735	  0.19394302
 0.094949342	  0.19420242
 0.095048524	  0.19445419
 0.095144652	  0.19473267
 0.095242307	  0.19495392
 0.095341489	   0.1951561
 0.095439151	  0.19536591
 0.095536806	  0.19563293
 0.095632933	  0.19586945
 0.095730588	  0.19610596
 0.095831297	  0.19632721
 0.095925905	   0.1966095
  0.09602356	  0.19680786
 0.096119687	  0.19703674
 0.096218869	    0.197258
 0.096316531	  0.19752502
 0.096414186	  0.19769669
 0.096513368	  0.19790268
 0.096611023	  0.19811249
  0.09670715	  0.19837952
  0.09680786	  0.19861221
 0.096899413	  0.19882584
 0.097001649	  0.19898987
  0.09709473	  0.19927597
 0.097195432	  0.19949341
 0.097290039	  0.19975281
 0.097389221	  0.20000458
 0.097488403	   0.2002449
 0.097584531	  0.20048141
 0.097683713	  0.20068741
 0.097781375	  0.20088959
  0.09787903	  0.20111084
 0.097970583	  0.20131683
 0.098071292	  0.20156479
 0.098171994	  0.20178986
 0.098266602	  0.20200729
 0.098367311	  0.20224762
 0.098461911	  0.20249939
 0.098562621	  0.20272064
 0.098660275	  0.20296478
 0.098759457	  0.20318604
 0.098854065	  0.20342255
  0.09895172	  0.20365143
 0.099050902	  0.20385742
 0.099148557	   0.2040596
 0.099240109	  0.20427322
 0.099343874	  0.20449829
 0.099441528	  0.20468903
 0.099539183	  0.20492554
 0.099635318	   0.2051506
   0.0997345	  0.20539856
   0.0998291	  0.20563889
  0.09992981	  0.20587921
 0.099996947	  0.20609283
 0.099996947	  0.20628357
 0.099996947	  0.20652771
