-0.099542238	 -0.20543289
-0.099444583	 -0.20523453
-0.099351503	 -0.20500946
-0.099253848	 -0.20480728
-0.099154666	 -0.20458984
-0.099058531	 -0.20438385
-0.098960876	 -0.20415497
-0.098863222	 -0.20393372
 -0.09876404	 -0.20372009
-0.098667905	 -0.20349884
-0.098567203	 -0.20326233
-0.098474123	 -0.20303345
-0.098373413	 -0.20279312
-0.098278806	  -0.2025795
-0.098178104	 -0.20235062
-0.098083496	 -0.20213699
-0.097982787	 -0.20189667
-0.097886659	 -0.20166779
-0.097787477	 -0.20146561
-0.097695924	 -0.20121765
 -0.09759216	 -0.20100403
 -0.09749756	 -0.20079041
-0.097396851	 -0.20053864
-0.097300723	  -0.2003479
-0.097203061	  -0.2000885
-0.097106934	 -0.19987488
-0.097007751	 -0.19965744
-0.096914671	 -0.19944763
-0.096812442	 -0.19924545
-0.096716307	 -0.19899368
-0.096615598	 -0.19878387
-0.096520998	 -0.19857025
-0.096421815	 -0.19833374
-0.096325681	 -0.19810867
-0.096224979	 -0.19789124
-0.096133426	 -0.19766998
-0.096032716	 -0.19743347
-0.095933534	 -0.19721985
-0.095838927	 -0.19697952
-0.095741272	  -0.1967659
-0.095640562	 -0.19652939
-0.095545962	 -0.19631195
  -0.0954483	 -0.19607925
-0.095352173	 -0.19585419
-0.095251463	 -0.19561768
-0.095156863	 -0.19540024
-0.095056154	 -0.19516754
-0.094961546	 -0.19493484
-0.094860837	 -0.19471359
-0.094766237	 -0.19446945
-0.094665527	  -0.1942215
  -0.0945694	 -0.19396973
-0.094471738	 -0.19371796
 -0.09437561	 -0.19348907
-0.094274901	 -0.19327164
-0.094183348	 -0.19303894
-0.094079591	 -0.19281769
-0.093983456	 -0.19256973
-0.093884274	 -0.19230652
-0.093791202	 -0.19208145
-0.093688965	 -0.19182968
-0.093592837	 -0.19158554
-0.093495175	 -0.19134903
-0.093399048	 -0.19115067
-0.093298338	 -0.19090271
-0.093203738	 -0.19067001
-0.093106076	  -0.1904335
-0.093008421	 -0.19021225
-0.092906192	 -0.18999481
-0.092813112	 -0.18978882
-0.092712402	 -0.18951035
-0.092614748	 -0.18929291
 -0.09252014	 -0.18904495
-0.092424013	 -0.18883133
-0.092323303	   -0.188591
-0.092230223	 -0.18836975
-0.092127994	 -0.18813705
-0.092031859	 -0.18791199
-0.091934204	 -0.18769073
-0.091839597	 -0.18743134
 -0.09173584	 -0.18719101
-0.091639712	 -0.18693542
-0.091543578	 -0.18671417
-0.091445923	 -0.18648529
-0.091345213	  -0.1862793
-0.091252133	 -0.18605804
-0.091152951	 -0.18585205
-0.091058351	 -0.18564606
-0.090954587	 -0.18537903
-0.090863034	 -0.18514252
-0.090759277	 -0.18491745
-0.090666197	 -0.18468857
-0.090567015	 -0.18444824
-0.090472415	 -0.18421555
-0.090370178	 -0.18396378
-0.090277098	 -0.18374634
-0.090176389	 -0.18349075
-0.090078734	 -0.18326187
-0.089982606	  -0.1830368
-0.089883424	 -0.18284607
 -0.08978577	 -0.18260574
-0.089691162	 -0.18237305
-0.089590453	 -0.18213654
-0.089495853	 -0.18190384
-0.089393616	   -0.181633
 -0.08930359	 -0.18141937
-0.089201353	 -0.18117523
-0.089105226	 -0.18095398
-0.089009091	 -0.18066406
-0.088912964	 -0.18044662
 -0.08880768	 -0.18019485
-0.088711545	 -0.17998505
 -0.08861389	 -0.17976379
-0.088516235	 -0.17953491
-0.088418581	 -0.17929077
-0.088323973	  -0.1790657
-0.088227846	 -0.17883301
-0.088131711	 -0.17858887
-0.088031009	 -0.17835236
-0.087933347	 -0.17810059
-0.087834165	 -0.17785645
-0.087738037	 -0.17762756
-0.087638855	 -0.17739487
-0.087545775	 -0.17715836
-0.087442018	 -0.17691803
-0.087350465	 -0.17668915
-0.087249756	 -0.17643738
-0.087155148	 -0.17619705
-0.087055966	 -0.17594528
-0.086956784	 -0.17570114
-0.086856082	 -0.17546463
-0.086761475	 -0.17516327
 -0.08666382	 -0.17493057
-0.086564638	 -0.17469406
-0.086468503	 -0.17444992
-0.086373903	 -0.17420578
-0.086274721	 -0.17398453
-0.086174011	 -0.17372894
-0.086077884	 -0.17349625
-0.085984804	 -0.17320633
 -0.08587952	 -0.17292404
-0.085783385	 -0.17261887
-0.085688785	 -0.17240524
 -0.08559265	 -0.17215729
-0.085488893	 -0.17194748
 -0.08539734	 -0.17169189
-0.085299686	 -0.17149734
-0.085202023	 -0.17123413
-0.085104369	 -0.17102051
-0.085009769	 -0.17075348
-0.084906004	 -0.17049026
 -0.08480835	 -0.17029572
-0.084710695	 -0.17001343
-0.084616087	 -0.16975403
-0.084518433	 -0.16953278
-0.084423825	 -0.16934967
-0.084323123	 -0.16907501
-0.084225461	 -0.16881943
-0.084127806	  -0.1685257
-0.084033206	 -0.16828156
-0.083930969	 -0.16804504
-0.083834842	 -0.16782761
 -0.08373718	 -0.16752243
-0.083639525	 -0.16728973
-0.083538815	 -0.16705704
-0.083444215	 -0.16679001
-0.083345033	 -0.16656494
-0.083251953	 -0.16627121
-0.083151244	 -0.16603088
-0.083053589	 -0.16577911
-0.082952879	 -0.16553497
-0.082859799	 -0.16530228
-0.082760617	 -0.16501999
 -0.08266449	 -0.16478348
-0.082565308	 -0.16457367
  -0.0824707	 -0.16422272
-0.082369998	 -0.16399384
-0.082272336	 -0.16374969
-0.082171634	  -0.1635437
-0.082083128	 -0.16328812
-0.081977844	 -0.16307449
-0.081881717	 -0.16284561
-0.081785582	 -0.16259003
  -0.0816864	 -0.16234589
 -0.08158569	 -0.16210175
-0.081494138	 -0.16183853
 -0.08139801	 -0.16158676
-0.081298828	 -0.16135025
-0.081198119	 -0.16109848
-0.081106566	 -0.16090393
-0.081002809	 -0.16069412
-0.080906674	 -0.16045761
-0.080807492	 -0.16019821
-0.080712892	   -0.159935
-0.080612183	  -0.1596756
-0.080519103	 -0.15943909
 -0.08041992	 -0.15917587
-0.080319211	 -0.15893173
-0.080223083	 -0.15867615
-0.080126956	 -0.15841293
-0.080027774	 -0.15813446
-0.079928592	 -0.15787506
 -0.07983093	 -0.15758896
-0.079737857	 -0.15727997
 -0.07963562	 -0.15691376
-0.079544067	 -0.15670776
-0.079443358	 -0.15649414
-0.079345703	 -0.15618134
-0.079248048	  -0.1558876
-0.079148866	  -0.1552887
-0.079049684	 -0.15527725
-0.078955077	 -0.15509033
-0.078855895	 -0.15478516
-0.078756712	  -0.1544838
-0.078660585	 -0.15413666
-0.078567505	  -0.1539917
-0.078466795	 -0.15359497
-0.078370668	  -0.1533165
-0.078271486	 -0.15311813
-0.078178406	 -0.15290451
-0.078073122	 -0.15257645
-0.077976987	 -0.15237045
-0.077879332	 -0.15210724
-0.077783205	 -0.15184784
 -0.07768707	 -0.15159988
-0.077590942	 -0.15130234
-0.077493288	 -0.15097046
-0.077395633	 -0.15044022
-0.077293396	 -0.15045547
-0.077198789	 -0.15016556
-0.077099606	 -0.14994431
-0.077003479	 -0.14899826
-0.076905824	 -0.14876175
-0.076806642	 -0.14818954
-0.076708987	 -0.14791107
 -0.07661438	 -0.14789581
 -0.07651367	 -0.14776993
-0.076417543	 -0.14709473
-0.076318361	  -0.1468544
-0.076225281	 -0.14681244
-0.076124571	 -0.14644241
-0.076026917	 -0.14610291
-0.075930789	 -0.14547348
-0.075833127	 -0.14452362
-0.075732425	 -0.14492035
-0.075634763	 -0.14583588
 -0.07554169	 -0.14549255
-0.075444028	  -0.1432457
-0.075343326	  -0.1451683
-0.075242616	 -0.14481735
-0.075149536	 -0.14324951
-0.075047299	 -0.14345551
-0.074957274	 -0.14221191
-0.074856564	 -0.14209366
-0.074761964	 -0.14207458
-0.074661255	 -0.14051819
-0.074568175	 -0.13785172
-0.074465945	 -0.13814926
-0.074371338	  -0.1386795
-0.074269101	  -0.1387825
-0.074172974	 -0.13916016
-0.074076846	 -0.13942337
-0.073980711	 -0.13879776
-0.073878482	 -0.13630295
-0.073782347	 -0.13664627
-0.073684692	 -0.13600922
 -0.07358551	 -0.13538742
-0.073490903	 -0.13638687
-0.073393248	 -0.13519669
-0.073295593	 -0.13399506
-0.073199466	 -0.13407898
-0.073101804	 -0.13453293
-0.073001102	 -0.13409805
-0.072906494	 -0.13189697
-0.072807312	 -0.13109207
 -0.07270813	 -0.12969208
-0.072613522	 -0.12918091
 -0.07251282	 -0.12936401
-0.072415158	 -0.13011551
-0.072320558	 -0.12937927
-0.072221376	  -0.1277504
-0.072123721	  -0.1282692
-0.072027586	 -0.12633514
-0.071931459	 -0.12487793
 -0.07183075	 -0.12643814
-0.071737669	 -0.12586212
 -0.07163696	  -0.1257782
-0.071536258	 -0.12602997
 -0.07144165	 -0.12366104
-0.071340941	 -0.12345886
-0.071243286	 -0.12347794
-0.071148679	 -0.12337112
-0.071054079	 -0.12327957
-0.070956424	 -0.12426376
-0.070855714	 -0.12279129
-0.070761107	 -0.12271118
-0.070660397	 -0.12209702
-0.070561215	 -0.12168503
-0.070465088	 -0.11952972
 -0.07037048	 -0.12004471
-0.070269778	 -0.12069321
-0.070170596	 -0.12247086
-0.070075989	 -0.12469864
-0.069976807	 -0.12319946
-0.069882199	 -0.12353516
-0.069783017	 -0.12295914
 -0.06968689	 -0.12197876
-0.069589235	  -0.1202507
-0.069490053	 -0.12011337
-0.069392398	 -0.11866379
-0.069293216	 -0.11651611
-0.069195554	 -0.11614609
-0.069099426	 -0.11406708
-0.069001772	 -0.11260605
-0.068905637	  -0.1114006
-0.068806455	 -0.11081314
-0.068710327	 -0.10946655
-0.068611145	 -0.10902786
-0.068515018	 -0.10695648
-0.068414308	 -0.10569763
-0.068316653	 -0.10332108
-0.068217471	 -0.10075378
-0.068122864	 -0.10306549
-0.068026736	 -0.10174179
-0.067922972	 -0.10033035
-0.067831419	-0.098842621
-0.067732237	-0.099040985
-0.067633055	-0.097290039
  -0.0675354	-0.095703125
-0.067439273	-0.093547821
-0.067340091	-0.092578888
-0.067242429	-0.092102051
-0.067147829	-0.089885712
-0.067050174	-0.088562012
-0.066954039	-0.086971283
-0.066854857	-0.086029053
-0.066757202	-0.084407806
-0.066654965	-0.082714081
-0.066561893	 -0.08095932
 -0.06646423	 -0.07926178
-0.066365048	-0.078212738
-0.066267394	-0.077507019
-0.066171266	-0.076450348
-0.066073611	-0.075576782
-0.065975949	-0.074996948
-0.065881349	-0.073272705
-0.065779112	-0.073020935
-0.065681458	-0.072067261
 -0.06558533	-0.071300507
-0.065487668	-0.070224762
-0.065385439	-0.070251465
-0.065290831	-0.068855286
-0.065194704	-0.068416595
-0.065097049	-0.067520142
-0.064997867	-0.067028046
-0.064901732	-0.065929413
 -0.06480255	-0.065822601
-0.064706422	-0.065757751
-0.064611815	-0.064605713
 -0.06451416	-0.064407349
-0.064414978	-0.064472198
-0.064315796	 -0.06337738
-0.064221188	-0.063339233
-0.064118959	-0.062381744
-0.064021304	-0.062129974
-0.063925169	-0.061534882
-0.063829042	-0.061286926
-0.063731387	-0.060462952
-0.063635252	-0.059741974
 -0.06353607	-0.059345245
-0.063438416	-0.058563232
-0.063340761	-0.057601929
-0.063243106	-0.058071136
-0.063146971	-0.057289124
-0.063047789	-0.056987762
-0.062951662	-0.056892395
-0.062857054	-0.056373596
-0.062753297	-0.055942535
 -0.06265869	-0.055812836
-0.062559508	  -0.0545578
 -0.06246338	-0.053543091
-0.062364198	-0.053066254
-0.062268067	-0.052944183
-0.062170409	-0.052417755
-0.062072754	-0.052074432
 -0.06197815	-0.051357269
-0.061877441	-0.051010132
-0.061782837	-0.051006317
-0.061679076	-0.050762177
-0.061582945	-0.050369263
-0.061485291	-0.050086975
-0.061389159	-0.049976349
-0.061294556	-0.049633026
-0.061193846	-0.049488068
-0.061096191	-0.049396515
 -0.06100006	-0.048706055
-0.060900878	-0.048400879
-0.060803223	-0.048431396
-0.060704041	-0.048400879
-0.060610961	-0.047691345
-0.060508728	-0.046878815
-0.060409546	-0.046615601
-0.060316466	-0.046195984
-0.060218811	-0.046142578
-0.060119629	-0.045188904
-0.060025025	-0.044975281
-0.059927367	-0.044643402
-0.059828185	-0.044319153
-0.059729002	-0.043926239
-0.059632875	-0.043586731
-0.059536744	-0.043254852
-0.059439085	-0.042610168
-0.059341431	-0.042373657
-0.059243776	-0.042137146
-0.059146117	-0.042236328
-0.059048463	 -0.04176712
-0.058947753	 -0.04176712
-0.058851622	-0.041751862
 -0.05875244	-0.041488647
-0.058656313	-0.041427612
-0.058560181	-0.041152954
-0.058462523	-0.041107178
-0.058364868	-0.041004181
-0.058265686	 -0.04082489
-0.058169555	-0.040615082
  -0.0580719	-0.039981842
-0.057977296	-0.039627075
-0.057876587	-0.039241791
-0.057778932	-0.038825989
-0.057678223	-0.038791656
-0.057583619	-0.038612366
 -0.05748596	-0.038581848
-0.057389833	-0.038825989
-0.057293702	-0.038230896
-0.057191469	-0.038391113
-0.057096861	-0.038196564
-0.056997679	-0.038146973
-0.056900024	-0.037910461
-0.056800842	-0.037914276
-0.056704711	-0.037563324
-0.056607056	-0.037380219
-0.056510925	-0.036876678
-0.056414794	-0.036693573
-0.056314088	-0.036590576
 -0.05621643	-0.036800385
-0.056121826	-0.036777496
-0.056022644	-0.036655426
-0.055921935	-0.036464691
-0.055822752	-0.036151886
-0.055728149	 -0.03584671
-0.055628967	-0.035591125
-0.055532835	-0.035442352
-0.055436708	-0.035404205
 -0.05533905	-0.035312653
-0.055241395	-0.035022736
-0.055145264	-0.034591675
-0.055049133	-0.034297943
-0.054943848	-0.034141541
-0.054852296	-0.034000397
-0.054753114	-0.033843994
-0.054656982	 -0.03377533
  -0.0545578	   -0.033638
-0.054458618	-0.033508301
-0.054364014	-0.033317566
-0.054261781	-0.033092499
-0.054167174	-0.032913208
-0.054069519	 -0.03276062
-0.053973388	-0.032466888
-0.053874206	-0.032207489
-0.053775024	-0.031795502
-0.053678893	-0.031578064
-0.053582765	-0.031539917
-0.053483583	-0.031375885
-0.053385925	-0.031215668
 -0.05328827	-0.031051636
-0.053190611	-0.030902863
-0.053094484	-0.030879974
-0.052993774	-0.030654907
-0.052900694	-0.030475616
 -0.05280304	-0.030269623
-0.052705385	-0.030200958
-0.052604675	-0.030082703
-0.052508544	-0.029994965
-0.052407838	-0.029918671
-0.052313231	-0.029815674
-0.052212525	-0.029659271
-0.052117921	-0.029510498
-0.052014161	-0.029327393
-0.051924132	-0.029182434
 -0.05182495	-0.029033661
-0.051725768	-0.028842926
 -0.05162964	-0.028594971
-0.051531982	-0.028373718
  -0.0514328	-0.028076172
-0.051338196	-0.027915955
-0.051239014	-0.027744293
-0.051142883	-0.027591705
  -0.0510437	-0.027423859
-0.050949097	-0.027210236
-0.050851442	-0.026924133
 -0.05075226	-0.026607513
-0.050653078	-0.026531219
-0.050556947	-0.026439667
-0.050459288	 -0.02627182
-0.050360106	-0.026107788
-0.050260924	-0.025917053
-0.050167847	  -0.0258255
-0.050067138	-0.025730133
-0.049972534	-0.025676727
-0.049874879	-0.025585175
-0.049777221	-0.025485992
-0.049676515	-0.025318146
-0.049581908	-0.025146484
-0.049481202	-0.024993896
-0.049385071	-0.024913788
-0.049287416	-0.024749756
-0.049188234	-0.024570465
-0.049093626	-0.024383545
-0.048999023	 -0.02419281
-0.048898317	-0.024116516
-0.048800658	-0.023963928
-0.048699953	-0.023925781
-0.048605345	-0.023887634
 -0.04850769	-0.023715973
-0.048408508	-0.023555756
-0.048312377	-0.023406982
-0.048216246	-0.023239136
-0.048114013	-0.023086548
 -0.04802246	-0.022972107
-0.047923278	-0.022834778
-0.047824096	-0.022720337
-0.047726441	-0.022556305
-0.047631837	-0.022384644
-0.047531128	-0.022224426
-0.047431946	-0.022090912
-0.047334291	-0.021957397
-0.047239684	-0.021884918
 -0.04713745	-0.021755219
-0.047042847	-0.021617889
-0.046948243	-0.021503448
-0.046849061	-0.021324158
-0.046749879	-0.021179199
-0.046656799	 -0.02104187
-0.046554565	-0.020904541
-0.046456911	-0.020797729
-0.046359252	 -0.02066803
-0.046264648	-0.020477295
-0.046162415	 -0.02035141
-0.046069335	-0.020206451
 -0.04597168	 -0.02003479
-0.045874022	-0.019927979
-0.045776367	-0.019866943
-0.045675658	-0.019748688
 -0.04557953	-0.019607544
-0.045483399	-0.019451141
 -0.04538269	-0.019313812
-0.045288086	-0.019226074
-0.045188904	-0.019100189
  -0.0450943	-0.018966675
-0.044998169	-0.018787384
-0.044897459	 -0.01865387
-0.044802856	-0.018539429
 -0.04470215	-0.018440247
 -0.04460144	-0.018333435
 -0.04450836	-0.018241882
-0.044407655	-0.018119812
-0.044311523	-0.017990112
-0.044210814	-0.017860413
-0.044117738	-0.017707825
-0.044020079	-0.017578125
-0.043920897	-0.017459869
 -0.04382477	-0.017360687
-0.043725587	-0.017246246
-0.043624878	-0.017097473
-0.043528747	-0.016967773
-0.043429565	-0.016857147
-0.043333434	-0.016769409
-0.043234251	-0.016658783
-0.043142699	-0.016536713
-0.043041993	-0.016437531
-0.042944334	-0.016326904
 -0.04284668	-0.016201019
-0.042750549	-0.016098022
-0.042651366	-0.016002655
-0.042553712	-0.015895844
-0.042459108	-0.015762329
-0.042361449	-0.015621185
-0.042260744	-0.015487671
-0.042164613	-0.015350342
-0.042068481	 -0.01525116
-0.041967772	-0.015174866
-0.041871645	-0.015090942
-0.041775513	 -0.01499939
-0.041671753	-0.014900208
-0.041578673	-0.014781952
-0.041479491	-0.014633179
-0.041381836	-0.014533997
-0.041285705	-0.014427185
-0.041189574	-0.014335632
-0.041091919	-0.014228821
-0.040991209	-0.014087677
-0.040893555	-0.013965607
-0.040798951	-0.013870239
-0.040698241	-0.013774872
-0.040603638	-0.013683319
-0.040502928	 -0.01360321
-0.040405273	-0.013500214
-0.040309142	-0.013404846
-0.040213011	-0.013286591
-0.040112305	-0.013191223
-0.040017702	-0.013092041
-0.039920043	-0.012992859
-0.039819337	-0.012886047
-0.039721679	-0.012767792
-0.039625548	-0.012641907
-0.039526366	-0.012535095
-0.039430238	-0.012439728
-0.039331056	-0.012367249
-0.039239503	-0.012290955
-0.039141845	-0.012191772
-0.039041139	 -0.01210022
-0.038945008	-0.012001038
 -0.03884735	-0.011901855
-0.038748167	-0.011810303
-0.038650513	-0.011711121
-0.038551331	-0.011619568
-0.038455199	-0.011516571
-0.038356017	-0.011398315
-0.038262941	-0.011302948
-0.038163759	 -0.01121521
-0.038064577	-0.011131287
-0.037966918	-0.011058807
-0.037872314	-0.010990143
-0.037770081	-0.010890961
-0.037672423	-0.010803223
-0.037576295	-0.010707855
-0.037478637	-0.010616302
-0.037380982	-0.010532379
-0.037286378	-0.010440826
-0.037190247	-0.010349274
-0.037091065	-0.010242462
-0.036993407	-0.010147095
-0.036895752	-0.010040283
 -0.03679657	-0.0099563599
-0.036700439	-0.0098724365
-0.036599733	-0.0098190308
-0.036505125	-0.0097351074
 -0.03640442	-0.0096588135
-0.036312867	-0.0095748901
-0.036209106	-0.0094680786
-0.036112975	-0.0093841553
-0.036019899	-0.0093040466
-0.035919189	-0.0092124939
 -0.03581848	-0.0091247559
-0.035723876	-0.0090255737
-0.035624694	-0.0089263916
-0.035527039	-0.0088348389
-0.035427857	-0.0087661743
-0.035333253	-0.0086975098
-0.035238646	-0.0086326599
-0.035134889	-0.0085639954
-0.035038758	-0.008480072
-0.034945678	-0.008392334
-0.034848023	-0.0083084106
-0.034747314	-0.0082244873
-0.034651183	-0.0081558228
-0.034555055	-0.0080680847
-0.034454346	-0.0079689026
-0.034359742	-0.0078887939
 -0.03426056	-0.0077896118
-0.034161378	-0.0077209473
-0.034063719	-0.0076446533
-0.033969115	-0.007598877
 -0.03386841	-0.0075378418
-0.033769228	-0.0074577332
-0.033673096	-0.0073776245
-0.033576965	 -0.00730896
-0.033477783	-0.007232666
-0.033381652	-0.007144928
-0.033285521	-0.0070915222
-0.033186339	-0.007019043
-0.033087157	-0.0069274902
-0.032992553	-0.0068283081
-0.032891847	-0.0067596436
-0.032794189	-0.0066871643
-0.032698058	-0.0066413879
 -0.03260193	-0.0065689087
-0.032502748	-0.0065002441
 -0.03240509	-0.0064430237
-0.032305907	-0.0063552856
-0.032209776	-0.0062866211
-0.032115173	-0.0062179565
 -0.03201599	-0.0061416626
-0.031915285	-0.006072998
-0.031819154	-0.0059967041
-0.031719971	-0.0059051514
-0.031625368	-0.0058364868
-0.031523131	-0.0057754517
-0.031430054	-0.0056915283
-0.031332396	-0.0056533813
-0.031234741	-0.0055885315
-0.031137085	-0.005531311
-0.031042481	-0.0054588318
 -0.03093872	-0.0053939819
-0.030842591	-0.0053253174
-0.030743409	-0.0052566528
-0.030648803	-0.0052032471
-0.030548096	-0.0051345825
-0.030456543	-0.0050544739
-0.030355835	-0.0049781799
-0.030258179	-0.004901886
-0.030160522	-0.0048370361
-0.030062865	-0.0047950745
-0.029965211	-0.0047454834
-0.029867554	-0.0046844482
-0.029769897	-0.0046272278
-0.029672241	-0.0045700073
-0.029570008	-0.0045013428
-0.029478455	-0.0044403076
-0.029380798	-0.0043640137
-0.029281616	-0.0043029785
 -0.02918396	-0.004234314
 -0.02908783	-0.0041923523
-0.028988648	-0.0041427612
-0.028887939	-0.0040893555
-0.028793335	-0.0040283203
-0.028695678	-0.0039596558
-0.028598022	-0.0039024353
-0.028500367	-0.0038528442
-0.028405761	-0.0037994385
-0.028305054	-0.0037460327
-0.028208923	-0.0036811829
-0.028112793	-0.0036087036
-0.028012086	-0.0035552979
-0.027914429	-0.0034866333
-0.027819823	-0.0034446716
-0.027720641	 -0.00340271
-0.027624512	-0.0033416748
-0.027523804	-0.0033073425
-0.027429199	-0.0032463074
-0.027328491	-0.0031929016
-0.027230835	-0.0031280518
-0.027136231	-0.0030784607
-0.027038574	-0.003036499
-0.026939392	-0.0029830933
-0.026844788	-0.0029144287
-0.026745606	-0.0028686523
-0.026644897	-0.0028076172
-0.026550293	-0.0027503967
-0.026452636	-0.0027160645
-0.026353454	-0.0026779175
-0.026255798	-0.0026435852
-0.026158143	-0.0025863647
-0.026058961	-0.0025215149
 -0.02596283	-0.0024871826
-0.025869751	-0.0024414063
-0.025765991	-0.0023956299
-0.025671387	-0.0023422241
 -0.02557373	-0.0022964478
-0.025476074	-0.002243042
-0.025376892	-0.0021934509
-0.025283813	-0.0021476746
-0.025183106	-0.0021057129
-0.025083924	-0.0020675659
-0.024989318	-0.0020332336
-0.024893189	-0.0019989014
-0.024794007	-0.0019569397
-0.024694825	-0.0019035339
-0.024598693	-0.0018615723
-0.024502564	-0.0018196106
-0.024403382	-0.0017852783
  -0.0243042	-0.0017356873
-0.024206543	-0.001701355
-0.024110412	-0.0016517639
-0.024012756	-0.0016021729
-0.023918152	-0.0015716553
 -0.02381897	-0.0015335083
-0.023719788	-0.0015029907
-0.023623656	-0.0014724731
-0.023526002	-0.0014381409
-0.023425292	-0.0013961792
-0.023330688	-0.0013542175
-0.023229981	-0.0013160706
 -0.02313385	-0.0012893677
-0.023036193	-0.0012550354
-0.022940064	-0.0012168884
-0.022839356	-0.0011787415
-0.022744751	-0.0011444092
-0.022645568	-0.0011062622
-0.022549439	-0.0010681152
-0.022451783	-0.0010452271
-0.022351075	-0.0010147095
-0.022253418	-0.00098800659
-0.022158813	-0.00095748901
-0.022061158	-0.00092315674
-0.021963501	-0.00089645386
-0.021865845	-0.00087356567
-0.021769714	-0.0008430481
-0.021669006	-0.00080871582
-0.021574402	-0.00078582764
 -0.02147522	-0.00075149536
-0.021377563	-0.00072479248
-0.021279907	-0.00069046021
 -0.02118225	-0.00066375732
-0.021084595	-0.00064849854
-0.020986939	-0.00063323975
-0.020889282	-0.00060653687
-0.020788575	-0.00058746338
-0.020695496	-0.0005531311
 -0.02059784	-0.00052642822
-0.020498658	-0.00051498413
-0.020401001	-0.00049591064
-0.020306397	-0.00045776367
-0.020205688	-0.00044631958
-0.020108033	-0.00042724609
-0.020013427	-0.00040054321
-0.019914245	-0.00038146973
-0.019815063	-0.00036621094
-0.019720459	-0.00034332275
-0.019622803	-0.00032806396
-0.019523621	-0.00032043457
-0.019425964	-0.00029754639
-0.019326782	-0.00028610229
-0.019232178	-0.00027084351
 -0.01913147	-0.00025939941
-0.019036865	-0.00023651123
-0.018936157	-0.00024414063
-0.018844604	-0.00021743774
-0.018742371	-0.00020217896
-0.018643189	-0.00018692017
-0.018545533	-0.00017547607
-0.018447876	-0.00016021729
-0.018350219	-0.00016021729
-0.018249512	-0.00015640259
-0.018156433	-0.0001449585
-0.018060302	-0.0001373291
-0.017962646	-0.00011825562
-0.017864991	-0.00011444092
-0.017767334	-0.00011444092
-0.017669678	-0.00010299683
-0.017572021	-0.00010299683
-0.017472839	-0.00010299683
 -0.01737671	-9.1552734e-005
-0.017277528	-8.392334e-005
-0.017181396	-7.2479248e-005
-0.017085265	-6.8664551e-005
-0.016986083	-7.2479248e-005
-0.016888428	-6.8664551e-005
-0.016792297	-6.4849854e-005
-0.016693115	-6.1035156e-005
-0.016593933	-5.7220459e-005
-0.016496276	-4.9591064e-005
-0.016397094	-5.7220459e-005
-0.016299438	-4.5776367e-005
-0.016204834	-4.196167e-005
-0.016107177	-4.5776367e-005
-0.016011048	-3.8146973e-005
-0.015911866	-3.8146973e-005
-0.015814209	-3.8146973e-005
-0.015716553	-3.8146973e-005
-0.015620423	-3.4332275e-005
-0.015522766	-3.4332275e-005
-0.015426636	-2.6702881e-005
-0.015325928	-3.0517578e-005
 -0.01522522	-2.2888184e-005
-0.015132141	-2.6702881e-005
-0.015032959	-3.4332275e-005
-0.014935303	-2.6702881e-005
-0.014837647	-3.0517578e-005
 -0.01473999	-2.2888184e-005
-0.014640808	-2.6702881e-005
 -0.01454773	-2.2888184e-005
-0.014447021	-3.0517578e-005
-0.014349366	-2.2888184e-005
-0.014251709	-2.6702881e-005
-0.014154052	-2.2888184e-005
-0.014057922	-2.2888184e-005
 -0.01395874	-2.2888184e-005
-0.013861084	-2.6702881e-005
 -0.01376648	-2.6702881e-005
-0.013664246	-2.2888184e-005
-0.013568115	-2.2888184e-005
-0.013471985	-2.6702881e-005
-0.013375854	-2.2888184e-005
-0.013275146	-3.0517578e-005
-0.013180542	-2.2888184e-005
-0.013082886	-2.6702881e-005
-0.012982178	-3.4332275e-005
-0.012884522	-3.0517578e-005
-0.012789917	-3.0517578e-005
-0.012689209	-1.9073486e-005
-0.012593078	-3.0517578e-005
-0.012495423	-2.6702881e-005
-0.012399292	-3.4332275e-005
-0.012301636	-2.2888184e-005
-0.012203979	-2.6702881e-005
-0.012106324	-3.0517578e-005
-0.012008667	-2.2888184e-005
-0.011912537	-1.9073486e-005
-0.011816407	-2.2888184e-005
-0.011714173	-3.0517578e-005
-0.011618042	-1.9073486e-005
-0.011523438	-3.8146973e-005
-0.011421204	-3.0517578e-005
-0.011328125	-2.2888184e-005
-0.011225891	-7.6293945e-006
-0.011129761	-2.6702881e-005
-0.011035156	-3.0517578e-005
-0.010935974	-1.5258789e-005
 -0.01083374	-3.0517578e-005
-0.010739136	-2.2888184e-005
 -0.01064148	-2.6702881e-005
-0.010545349	-3.0517578e-005
-0.010446167	-2.6702881e-005
-0.010351563	-2.2888184e-005
-0.010252381	-2.2888184e-005
-0.010153199	-2.6702881e-005
-0.010055542	-2.6702881e-005
-0.0099609373	-3.4332275e-005
-0.0098602297	-3.0517578e-005
-0.0097610475	-3.0517578e-005
-0.0096664429	-3.0517578e-005
-0.0095672607	-2.2888184e-005
-0.0094696041	-3.0517578e-005
-0.0093750004	-1.9073486e-005
-0.0092788693	-2.2888184e-005
-0.0091812136	-1.5258789e-005
-0.0090820314	-2.6702881e-005
-0.0089843748	-3.0517578e-005
-0.0088836672	-2.2888184e-005
-0.0087860106	-3.0517578e-005
-0.0086898804	-2.6702881e-005
-0.0085922237	-1.9073486e-005
-0.0084930416	-2.6702881e-005
-0.0084014889	-2.6702881e-005
-0.0083007813	-2.2888184e-005
-0.0082031246	-3.0517578e-005
-0.0081054689	-2.2888184e-005
-0.0080108643	-2.2888184e-005
-0.0079101566	-2.2888184e-005
-0.0078140255	-2.6702881e-005
-0.0077148438	-2.2888184e-005
-0.0076171877	-2.2888184e-005
-0.0075195311	-1.9073486e-005
-0.0074218749	-2.2888184e-005
-0.0073242188	-2.2888184e-005
 -0.00723114	-3.0517578e-005
-0.0071319579	-2.2888184e-005
-0.0070343018	-1.9073486e-005
-0.0069320677	-2.2888184e-005
-0.0068359375	-3.4332275e-005
-0.0067382813	-1.5258789e-005
-0.0066406252	-2.2888184e-005
-0.0065444945	-1.9073486e-005
-0.0064483644	-1.5258789e-005
-0.0063491822	-2.6702881e-005
-0.0062500001	-2.6702881e-005
-0.0061523439	-3.8146973e-005
-0.0060577393	-1.9073486e-005
-0.0059555052	-3.4332275e-005
-0.005859375	-3.0517578e-005
-0.0057617188	-1.9073486e-005
-0.0056671142	-2.2888184e-005
-0.0055664061	-2.2888184e-005
-0.0054687499	-2.6702881e-005
-0.0053726197	-3.0517578e-005
-0.0052749636	-2.6702881e-005
-0.0051757814	-1.9073486e-005
-0.0050811768	-1.9073486e-005
-0.0049835206	-2.2888184e-005
-0.0048858644	-3.4332275e-005
-0.0047866823	-2.6702881e-005
-0.0046890257	-1.5258789e-005
-0.0045928955	-2.2888184e-005
-0.0044982908	-2.6702881e-005
-0.0043975832	-2.2888184e-005
-0.0042984011	-2.6702881e-005
-0.0042022704	-2.6702881e-005
-0.0041030883	-2.6702881e-005
-0.0040069581	-3.0517578e-005
-0.003907776	-2.2888184e-005
-0.0038146973	-1.9073486e-005
-0.0037155151	-2.2888184e-005
-0.003616333	-2.6702881e-005
-0.0035186769	-1.5258789e-005
-0.0034225464	-2.2888184e-005
 -0.00332489	-2.2888184e-005
-0.0032257079	-2.2888184e-005
-0.0031280518	-1.9073486e-005
-0.0030303956	-2.6702881e-005
-0.0029327392	-2.6702881e-005
-0.0028350831	-2.6702881e-005
-0.0027374267	-2.6702881e-005
-0.0026397705	-3.0517578e-005
-0.0025436401	-2.2888184e-005
-0.002444458	-3.4332275e-005
-0.0023498535	-2.2888184e-005
-0.0022491454	-3.0517578e-005
-0.002154541	-2.2888184e-005
-0.0020538331	-3.0517578e-005
-0.0019561767	-2.6702881e-005
-0.0018615723	-1.9073486e-005
-0.0017654418	-3.0517578e-005
-0.0016662597	-1.9073486e-005
-0.0015655517	-2.6702881e-005
-0.0014678955	-1.5258789e-005
-0.0013717652	-3.0517578e-005
-0.0012741089	-3.0517578e-005
-0.0011779785	-2.6702881e-005
-0.0010757446	-2.6702881e-005
-0.00098114018	-2.6702881e-005
-0.00088348391	-3.0517578e-005
-0.00078582764	-2.6702881e-005
-0.00068969728	-1.9073486e-005
-0.000592041	-2.2888184e-005
-0.00049438479	-3.0517578e-005
-0.00039520263	-1.9073486e-005
-0.00029907227	-3.0517578e-005
-0.00020141601	-3.0517578e-005
-9.7656251e-005	-2.6702881e-005
-3.0517579e-006	-2.2888184e-005
9.0026857e-005	-2.2888184e-005
0.00018920898	-3.0517578e-005
0.00028381348	-2.2888184e-005
0.0003845215	-2.6702881e-005
0.00048522948	-2.6702881e-005
0.00057983398	-3.0517578e-005
0.00067749026	-3.0517578e-005
0.00077362062	-2.6702881e-005
0.0008743286	-1.9073486e-005
0.00097045896	-2.2888184e-005
0.0010650635	-2.2888184e-005
0.0011642457	-2.2888184e-005
 0.001260376	-2.2888184e-005
0.0013580322	-1.9073486e-005
0.0014556885	-2.2888184e-005
0.0015563965	-3.0517578e-005
0.0016525269	-1.5258789e-005
 0.001751709	-3.0517578e-005
0.0018493652	-2.6702881e-005
0.0019470215	-3.0517578e-005
0.0020401001	-3.8146973e-005
0.0021392822	-3.4332275e-005
0.0022354126	-2.6702881e-005
0.0023345947	-2.6702881e-005
0.0024353028	-3.0517578e-005
 0.002532959	-3.0517578e-005
0.0026306151	-2.2888184e-005
0.0027221679	-2.2888184e-005
 0.002822876	-2.6702881e-005
0.0029235841	-2.6702881e-005
0.0030151368	-2.6702881e-005
0.0031158447	-2.2888184e-005
0.0032135011	-2.6702881e-005
0.0033111572	-2.6702881e-005
0.0034088134	-3.0517578e-005
0.0035095215	-3.0517578e-005
0.0036041259	-1.9073486e-005
0.0036987304	-2.6702881e-005
0.0038009644	-2.6702881e-005
0.0038970946	-2.2888184e-005
0.0039932253	-2.6702881e-005
0.0040893555	-2.2888184e-005
0.0041900636	-2.6702881e-005
0.0042846678	-2.2888184e-005
0.0043823244	-3.0517578e-005
 0.004484558	-2.2888184e-005
0.0045806887	-3.4332275e-005
0.0046783448	-3.0517578e-005
0.0047790529	-2.2888184e-005
0.0048721312	-2.2888184e-005
0.0049697878	-2.2888184e-005
0.0050674439	-2.2888184e-005
0.0051635741	-2.6702881e-005
0.0052642822	-2.2888184e-005
0.0053619384	-2.6702881e-005
0.0054595945	-2.2888184e-005
0.0055541992	-3.0517578e-005
0.0056533813	-2.2888184e-005
0.0057510375	-2.6702881e-005
0.0058502196	-2.6702881e-005
0.0059478758	-2.2888184e-005
0.0060455324	-3.0517578e-005
  0.00614624	-2.6702881e-005
0.0062377928	-2.2888184e-005
0.0063385009	-1.9073486e-005
 0.006437683	-2.6702881e-005
0.0065307617	-2.6702881e-005
0.0066299438	-2.2888184e-005
 0.006729126	-3.0517578e-005
0.0068237307	-2.2888184e-005
0.0069183349	-3.4332275e-005
0.0070205689	-2.2888184e-005
0.0071151732	-3.0517578e-005
0.0072143553	-2.6702881e-005
0.0073135374	-3.0517578e-005
0.0074127195	-3.0517578e-005
0.0075103762	-2.2888184e-005
0.0076049804	-3.0517578e-005
0.0077026365	-2.2888184e-005
0.0078002932	-3.0517578e-005
0.0078979488	-3.8146973e-005
 0.007997131	-2.2888184e-005
0.0080947876	-2.6702881e-005
0.0081909178	-2.6702881e-005
0.0082885744	-2.6702881e-005
0.0083877565	-2.6702881e-005
0.0084838867	-2.6702881e-005
0.0085845944	-2.6702881e-005
 0.008679199	-2.2888184e-005
0.0087783812	-2.2888184e-005
0.0088729858	-2.6702881e-005
0.0089706425	-2.2888184e-005
0.0090682982	-2.6702881e-005
0.0091659548	-2.6702881e-005
0.0092636105	-2.2888184e-005
0.0093658445	-2.2888184e-005
0.0094604492	-2.2888184e-005
0.0095596313	-2.6702881e-005
0.0096557615	-2.6702881e-005
0.0097534182	-2.2888184e-005
0.0098510738	-2.6702881e-005
0.0099487305	-3.4332275e-005
 0.010046387	-1.9073486e-005
 0.010140991	-2.6702881e-005
 0.010241699	-1.5258789e-005
 0.010336304	-2.2888184e-005
 0.010437012	-2.6702881e-005
 0.010534668	-1.9073486e-005
 0.010629272	-2.2888184e-005
 0.010728454	-2.2888184e-005
 0.010824585	-2.2888184e-005
 0.010925293	-2.2888184e-005
 0.011019898	-2.6702881e-005
 0.011120605	-1.5258789e-005
 0.011216735	-2.2888184e-005
 0.011315918	-2.2888184e-005
 0.011413574	-1.9073486e-005
 0.011511231	-2.2888184e-005
 0.011608887	-3.0517578e-005
 0.011705017	-2.2888184e-005
 0.011804199	-2.6702881e-005
  0.01190033	-2.2888184e-005
  0.01199646	-2.2888184e-005
  0.01209259	-3.4332275e-005
 0.012191772	-1.9073486e-005
  0.01229248	-2.6702881e-005
 0.012387085	-2.2888184e-005
 0.012484741	-3.0517578e-005
 0.012585449	-1.9073486e-005
 0.012683106	-2.2888184e-005
  0.01277771	-3.0517578e-005
 0.012875366	-2.6702881e-005
 0.012976075	-2.2888184e-005
 0.013070678	-3.0517578e-005
 0.013168335	-2.2888184e-005
 0.013265992	-1.9073486e-005
 0.013362122	-2.2888184e-005
 0.013459777	-2.2888184e-005
 0.013560486	-3.0517578e-005
 0.013655091	-1.5258789e-005
 0.013752746	-2.2888184e-005
 0.013851929	-3.4332275e-005
 0.013949585	-1.5258789e-005
 0.014045715	-2.2888184e-005
 0.014143372	-3.0517578e-005
 0.014242554	-2.6702881e-005
  0.01434021	-2.2888184e-005
 0.014437866	-2.2888184e-005
 0.014537049	-2.6702881e-005
 0.014631653	-2.2888184e-005
 0.014727783	-3.0517578e-005
 0.014825439	-1.5258789e-005
 0.014924621	-1.5258789e-005
 0.015020752	-2.2888184e-005
 0.015118408	-2.2888184e-005
 0.015219117	-1.5258789e-005
 0.015316772	-1.5258789e-005
 0.015409851	-1.5258789e-005
 0.015513611	-2.2888184e-005
 0.015606689	-2.2888184e-005
 0.015705872	-1.9073486e-005
 0.015802002	-1.1444092e-005
 0.015902709	-2.2888184e-005
 0.015997315	-1.5258789e-005
 0.016096497	-1.1444092e-005
 0.016192626	-7.6293945e-006
 0.016294861	-7.6293945e-006
 0.016387939	-7.6293945e-006
 0.016488647	-3.8146973e-006
 0.016584778	           0
  0.01668396	7.6293945e-006
 0.016777039	           0
 0.016879272	3.8146973e-006
 0.016975403	3.8146973e-006
 0.017073059	7.6293945e-006
 0.017169189	1.9073486e-005
 0.017268371	2.2888184e-005
 0.017364502	1.9073486e-005
 0.017463684	1.9073486e-005
 0.017559815	2.6702881e-005
  0.01765747	3.4332275e-005
 0.017756652	3.4332275e-005
 0.017852783	4.5776367e-005
 0.017951965	5.3405762e-005
 0.018048096	4.9591064e-005
 0.018145751	6.4849854e-005
 0.018246461	6.1035156e-005
 0.018339539	7.2479248e-005
 0.018438721	8.392334e-005
 0.018536378	9.1552734e-005
 0.018630981	9.1552734e-005
 0.018731689	9.9182129e-005
 0.018829346	0.00010681152
 0.018927002	0.00012969971
 0.019024659	0.0001373291
 0.019123841	0.0001411438
 0.019218445	0.00015258789
 0.019316101	0.00016784668
 0.019415284	0.00019073486
  0.01951294	0.00018692017
 0.019610595	0.00020599365
 0.019708252	0.00021362305
 0.019805908	0.00023651123
 0.019903565	0.00025177002
 0.020004272	0.00026702881
 0.020097351	0.0002822876
 0.020195007	0.00028991699
 0.020291138	0.00030899048
 0.020391846	0.00032806396
 0.020487975	0.00033950806
 0.020587157	0.00036239624
 0.020687867	0.00038528442
 0.020782471	0.00040435791
 0.020880127	0.0004196167
 0.020979309	0.00044250488
 0.021075439	0.00046157837
  0.02117157	0.00049591064
 0.021267701	0.00050735474
 0.021365356	0.00052642822
 0.021464538	0.00054931641
 0.021562194	0.00057601929
 0.021658326	0.00058746338
 0.021757508	0.00061416626
  0.02185669	0.00062942505
 0.021954346	0.00067138672
  0.02204895	0.0006980896
 0.022146607	0.00072479248
 0.022245789	0.00075149536
 0.022340393	0.00077819824
 0.022439575	0.00080108643
 0.022538757	0.0008354187
 0.022636414	0.00086212158
 0.022732545	0.00090026855
 0.022827148	0.00092315674
 0.022929382	0.00095367432
 0.023025513	0.0009803772
 0.023121644	0.0010070801
 0.023220826	0.0010452271
 0.023321534	 0.001083374
 0.023413086	0.0011177063
 0.023513794	0.0011520386
 0.023608398	0.0011863708
  0.02370758	0.0012245178
 0.023808289	0.0012588501
 0.023905944	0.0012893677
 0.024002075	0.0013275146
 0.024096679	0.0013656616
 0.024197388	0.0014076233
 0.024293518	0.0014343262
 0.024391174	0.0014724731
 0.024488831	0.0015029907
 0.024586488	0.0015487671
 0.024687195	0.0015945435
 0.024780273	0.0016403198
 0.024882507	0.0016822815
 0.024975587	0.0017204285
 0.025073241	0.0017623901
 0.025169373	0.0018081665
 0.025268555	0.0018424988
 0.025366211	0.0018844604
 0.025465393	0.0019264221
  0.02556305	0.0019645691
 0.025662232	0.0020065308
 0.025758361	0.0020523071
 0.025857544	0.0021057129
 0.025949096	0.0021591187
 0.026046753	0.0021896362
 0.026145935	0.0022583008
 0.026245117	0.0023040771
 0.026342774	0.0023345947
  0.02644043	0.0023880005
 0.026538085	0.0024414063
 0.026637267	0.0024795532
 0.026733398	 0.002532959
 0.026831055	0.0025863647
 0.026925659	 0.002620697
 0.027026366	0.0026664734
 0.027120972	0.0027122498
 0.027218629	0.0027694702
 0.027316283	0.0028381348
 0.027416993	0.0028915405
 0.027511597	0.0029525757
 0.027612304	0.0029983521
  0.02770691	0.0030441284
 0.027806092	0.0031013489
 0.027902221	0.0031509399
 0.028001403	0.0032043457
 0.028097535	0.0032653809
 0.028198242	0.0033111572
 0.028289795	0.0033493042
 0.028393555	0.0033950806
 0.028488159	 0.003452301
 0.028590392	0.0035171509
 0.028686523	0.0035934448
 0.028782655	  0.00365448
 0.028877258	0.0037155151
  0.02897644	0.0037574768
 0.029074097	0.0038223267
 0.029174805	0.0038757324
 0.029269408	 0.003944397
 0.029368591	0.0039978027
 0.029466247	0.0040588379
 0.029565429	 0.004108429
 0.029660035	0.0041542053
 0.029760743	0.0042114258
 0.029853821	 0.004283905
 0.029949952	0.0043487549
  0.03005066	0.0044326782
 0.030148316	0.0044937134
 0.030245971	0.0045547485
 0.030343628	 0.004611969
 0.030441284	0.0046730042
 0.030540466	0.0047454834
  0.03063507	0.0047988892
 0.030737305	 0.004863739
 0.030827332	0.0049247742
 0.030929565	0.0049781799
 0.031022644	0.0050392151
 0.031124879	0.0051078796
 0.031219482	0.0051727295
 0.031318665	0.0052566528
 0.031417847	0.0053215027
 0.031515501	0.0054016113
  0.03161316	0.0054626465
 0.031710815	 0.005531311
 0.031806946	0.0055923462
 0.031903077	0.0056724548
 0.032003783	0.0057373047
 0.032101441	0.0057945251
 0.032197572	0.0058555603
 0.032296754	0.0059280396
 0.032394409	0.0059890747
 0.032495119	 0.006061554
 0.032591246	0.0061416626
 0.032687377	0.0062217712
  0.03277893	0.0063056946
  0.03288269	0.0063781738
 0.032980345	 0.006439209
 0.033079527	0.0065078735
 0.033174135	0.0065841675
  0.03327179	0.0066604614
 0.033370972	 0.006729126
 0.033467103	0.0068016052
 0.033566285	0.0068664551
  0.03366394	0.0069274902
  0.03375702	0.0069923401
 0.033856202	0.0070800781
 0.033955384	0.0071716309
 0.034053039	0.0072593689
 0.034150697	0.0073394775
 0.034249879	0.0074157715
 0.034344483	0.0074920654
 0.034446716	0.0075683594
 0.034539796	 0.007648468
 0.034640502	0.0077438354
 0.034732055	   0.0078125
 0.034834288	0.0078735352
 0.034930419	0.0079498291
  0.03502655	 0.008014679
 0.035125732	0.0080986023
 0.035224915	0.0081863403
 0.035324097	0.0082778931
 0.035421751	0.0083732605
 0.035513304	0.0084571838
 0.035617065	0.0085449219
 0.035710145	0.0086250305
   0.0358078	0.0087013245
 0.035903931	0.0087776184
  0.03600464	0.0088653564
 0.036099244	0.0089569092
  0.03619995	 0.009021759
 0.036294557	0.0090866089
 0.036395263	0.0091781616
 0.036489867	0.0092582703
 0.036590576	0.0093612671
 0.036688231	0.0094604492
 0.036785889	0.0095596313
 0.036885072	0.0096435547
 0.036978148	0.0097236633
  0.03707733	0.0098266602
 0.037176512	0.0099067688
 0.037274171	0.0099983215
 0.037368774	 0.010082245
 0.037469484	 0.010162354
 0.037564088	 0.010242462
 0.037661742	 0.010322571
 0.037762452	 0.010406494
 0.037858583	 0.010505676
  0.03795471	 0.010616302
 0.038052369	 0.010719299
 0.038153075	 0.010818481
 0.038252257	 0.010917664
 0.038348388	 0.011001587
 0.038444519	  0.01109314
 0.038543701	 0.011177063
 0.038638305	  0.01127243
 0.038735963	 0.011375427
 0.038833618	 0.011463165
 0.038931273	 0.011543274
  0.03902588	 0.011623383
 0.039129637	 0.011722565
 0.039222717	 0.011817932
 0.039321899	 0.011936188
 0.039419554	 0.012042999
 0.039518736	 0.012145996
 0.039611816	 0.012256622
 0.039712526	 0.012355804
 0.039808653	 0.012443542
  0.03991089	 0.012550354
 0.040002443	 0.012657166
 0.040104676	 0.012741089
 0.040202331	 0.012836456
 0.040298462	  0.01292038
 0.040394593	 0.013019562
 0.040493775	 0.013137817
 0.040588379	 0.013244629
 0.040689088	 0.013366699
 0.040786743	  0.01348877
 0.040884398	 0.013591766
 0.040979005	 0.013694763
 0.041079711	 0.013786316
 0.041174315	 0.013896942
 0.041275024	 0.014003754
 0.041371156	 0.014122009
 0.041473389	 0.014217377
 0.041564941	   0.0143013
 0.041664124	 0.014396667
 0.041763306	  0.01449585
  0.04186096	 0.014625549
 0.041955568	 0.014755249
 0.042056274	 0.014881134
 0.042153932	  0.01499176
 0.042254638	 0.015090942
 0.042346191	 0.015209198
   0.0424469	  0.01531601
 0.042539977	 0.015434265
 0.042637635	 0.015514374
 0.042739868	    0.015625
 0.042837523	 0.015739441
 0.042930603	  0.01587677
 0.043032836	 0.016010284
 0.043130495	 0.016136169
 0.043228149	  0.01625061
 0.043322753	 0.016357422
 0.043421935	 0.016464233
 0.043521117	 0.016586304
 0.043615721	 0.016716003
 0.043714903	    0.016819
 0.043812562	 0.016929626
 0.043910217	 0.017044067
 0.044007875	  0.01714325
 0.044104002	 0.017250061
 0.044201661	  0.01739502
 0.044302367	 0.017532349
 0.044393919	 0.017684937
 0.044493102	 0.017810822
 0.044593811	 0.017940521
 0.044689942	 0.018051147
 0.044790648	 0.018177032
 0.044885255	 0.018314362
 0.044984438	 0.018440247
 0.045080565	 0.018554688
 0.045175172	 0.018665314
 0.045277406	 0.018768311
 0.045372009	 0.018890381
 0.045469664	 0.019020081
 0.045567323	 0.019168854
 0.045666505	 0.019317627
 0.045765687	   0.0194664
 0.045860291	 0.019603729
 0.045959473	 0.019729614
 0.046057127	  0.01984787
 0.046153259	  0.01996994
 0.046252441	 0.020095825
 0.046347044	  0.02022171
 0.046444703	 0.020339966
 0.046545409	 0.020442963
  0.04664154	 0.020553589
 0.046737671	 0.020690918
  0.04683838	 0.020828247
 0.046932984	 0.020980835
  0.04703369	 0.021141052
 0.047129821	 0.021286011
 0.047224425	 0.021419525
 0.047328185	 0.021560669
 0.047424316	  0.02166748
  0.04751892	 0.021759033
  0.04761963	 0.021854401
 0.047715761	 0.021972656
 0.047811888	  0.02205658
 0.047912598	 0.022155762
 0.048007201	  0.02223587
 0.048103333	 0.022342682
 0.048202515	  0.02248764
 0.048301697	 0.022590637
 0.048397828	 0.022743225
  0.04849701	 0.022815704
 0.048594665	 0.022903442
 0.048692323	 0.022987366
 0.048791505	 0.023090363
 0.048887633	 0.023208618
 0.048988342	 0.023384094
 0.049084473	 0.023414612
 0.049179077	 0.023525238
 0.049279787	 0.023635864
 0.049372863	  0.02374649
 0.049475096	 0.023864746
 0.049569704	  0.02400589
 0.049667358	 0.024200439
 0.049766541	  0.02432251
 0.049865723	 0.024410248
 0.049960326	 0.024536133
 0.050056458	 0.024612427
 0.050154112	 0.024715424
 0.050254822	 0.024875641
 0.050350953	  0.02501297
 0.050445557	 0.025115967
 0.050546266	 0.025283813
 0.050643921	 0.025444031
 0.050738525	 0.025527954
 0.050839234	 0.025695801
 0.050936889	 0.025791168
 0.051031493	  0.02596283
 0.051130675	 0.026229858
 0.051229857	 0.026397705
 0.051322937	 0.026473999
  0.05142517	 0.026626587
 0.051519774	 0.026794434
 0.051617432	 0.026935577
 0.051715087	 0.027084351
 0.051814269	 0.027130127
   0.0519104	 0.027290344
 0.052009583	 0.027320862
 0.052108765	 0.027492523
 0.052203368	 0.027702332
 0.052301027	 0.027870178
 0.052401733	 0.028091431
 0.052496336	  0.02822113
 0.052593995	 0.028308868
 0.052688599	 0.028488159
 0.052790832	 0.028617859
 0.052885436	 0.028804779
 0.052984618	 0.028987885
 0.053082276	 0.029003143
 0.053179931	 0.029205322
 0.053276062	 0.029258728
 0.053372193	 0.029502869
 0.053474426	 0.029586792
 0.053572081	 0.029590607
 0.053668212	 0.029628754
 0.053768922	 0.030002594
 0.053863525	  0.03024292
 0.053959657	 0.030441284
  0.05406189	 0.030628204
 0.054159544	  0.03062439
 0.054254152	 0.030929565
 0.054351807	 0.031101227
 0.054449461	 0.031169891
 0.054545593	     0.03125
 0.054641724	 0.031452179
 0.054739378	 0.031669617
 0.054837037	 0.031898499
 0.054937743	 0.032035828
 0.055035401	 0.032306671
 0.055134583	 0.032428741
 0.055230714	 0.032604218
 0.055328369	 0.032543182
 0.055422973	  0.03302002
 0.055523682	 0.032985687
 0.055618286	 0.033119202
 0.055718996	 0.033428192
  0.05581665	 0.033699036
 0.055911254	 0.033935547
 0.056010436	 0.034172058
 0.056109618	 0.034252167
  0.05620575	 0.034503937
 0.056304932	 0.034744263
 0.056402586	 0.034858704
 0.056500245	 0.034965515
 0.056599427	 0.035076141
 0.056692503	 0.035484314
 0.056793213	 0.035598755
 0.056887817	  0.03585434
 0.056986999	 0.035915375
 0.057086181	 0.036037445
 0.057180785	 0.036224365
 0.057279967	 0.036312103
 0.057379149	 0.036563873
 0.057476807	 0.036903381
 0.057572939	 0.037540436
 0.057672121	 0.037353516
 0.057769775	 0.037189484
 0.057864379	 0.037078857
 0.057962038	 0.037197113
  0.05806122	 0.037250519
 0.058157347	   0.0377388
 0.058259584	 0.038219452
  0.05835266	 0.038059235
 0.058450319	 0.037960052
 0.058543395	 0.038452148
 0.058645628	 0.039085388
 0.058743287	 0.039466858
 0.058840942	 0.039730072
   0.0589386	 0.039897919
 0.059036255	 0.039920807
 0.059132386	 0.040187836
 0.059233092	 0.040309906
 0.059329223	 0.040977478
 0.059428405	 0.041225433
 0.059523009	 0.041294098
 0.059622191	 0.041721344
 0.059718322	 0.041652679
 0.059817504	 0.041847229
 0.059913635	  0.04209137
 0.060012817	 0.042484283
 0.060107421	 0.042648315
 0.060209654	 0.042076111
 0.060305785	 0.042129517
 0.060403444	 0.042552948
 0.060501099	 0.042926788
 0.060598753	 0.043327332
 0.060694885	 0.043907166
 0.060792543	 0.044727325
 0.060891725	 0.045009613
 0.060992431	 0.044689178
 0.061083984	 0.044967651
 0.061186217	 0.044902802
 0.061283875	 0.045097351
 0.061380006	 0.045787811
 0.061473083	 0.046291351
 0.061575316	 0.046836853
 0.061672974	  0.04693985
 0.061767578	 0.047210693
 0.061865233	  0.04712677
 0.061968993	  0.04756546
 0.062060546	  0.04845047
 0.062156677	 0.048561096
  0.06225891	 0.049213409
 0.062353514	 0.049472809
 0.062452696	 0.048931122
 0.062551878	 0.049720764
 0.062646486	 0.049686432
 0.062744141	  0.04983902
 0.062841795	 0.050327301
  0.06293793	 0.050300598
 0.063037112	 0.050804138
 0.063137814	 0.051906586
 0.063232422	 0.051746368
 0.063330077	 0.051822662
 0.063424684	 0.051956177
 0.063525394	 0.052410126
 0.063619994	 0.053020477
 0.063719176	 0.053020477
 0.063818358	 0.053623199
 0.063916013	 0.053955078
  0.06401062	 0.053852081
 0.064112857	 0.054458618
 0.064208984	 0.055789948
 0.064305112	 0.055351257
 0.064402774	 0.055156708
 0.064501956	 0.055984497
 0.064599611	 0.055953979
 0.064695738	 0.056194305
 0.064793393	 0.056713104
  0.06489563	 0.056671143
  0.06498871	 0.056915283
 0.065087892	 0.057411194
  0.06518402	 0.057723999
 0.065283202	 0.057849884
 0.065376282	 0.058689117
 0.065478519	 0.058357239
 0.065573119	 0.058330536
 0.065672301	 0.058074951
 0.065768436	 0.059558868
 0.065864563	 0.060482025
 0.065963745	 0.061153412
   0.0660614	 0.061206818
 0.066162109	 0.060718536
 0.066256717	 0.060081482
 0.066354372	 0.062057495
 0.066455081	 0.062515259
 0.066549681	 0.063896179
 0.066644289	 0.064750671
 0.066748045	 0.066688538
 0.066842653	 0.068054199
 0.066943362	 0.067699432
 0.067037962	 0.068515778
 0.067137145	 0.068374634
 0.067233279	 0.068901062
 0.067329407	 0.068920135
 0.067428589	 0.069515228
 0.067526244	 0.068893433
 0.067623898	 0.069538116
 0.067723081	 0.071376801
 0.067819215	 0.074863434
  0.06791687	 0.077289581
 0.068014525	 0.077823639
  0.06811218	 0.078098297
 0.068206787	  0.07881546
 0.068304442	 0.083572388
 0.068405151	 0.083053589
 0.068502806	 0.081359863
 0.068600461	 0.081935883
 0.068699643	 0.077373505
 0.068797305	 0.077243805
 0.068893433	  0.07775116
 0.068991087	 0.079730988
 0.069093324	 0.083774567
  0.06918335	 0.085029602
 0.069282532	 0.086967468
 0.069378659	 0.090248108
 0.069479369	 0.092643738
 0.069572449	  0.09437561
 0.069677733	 0.093585968
  0.06977234	  0.09708786
  0.06986694	  0.10128403
 0.069969177	  0.10072327
 0.070065305	  0.10377502
 0.070159912	    0.104496
 0.070260622	  0.10542297
 0.070355222	  0.10164261
 0.070455931	  0.10238647
 0.070552066	  0.10395432
 0.070651248	  0.10630798
 0.070745848	  0.10829163
 0.070846558	  0.10806274
 0.070941165	  0.11439896
 0.071043395	  0.11273956
 0.071138002	  0.11388397
 0.071235657	  0.11180878
 0.071331784	   0.1109581
 0.071429446	  0.11221695
 0.071525574	  0.11624527
 0.071626283	  0.11436462
 0.071725465	  0.11360931
 0.071820065	  0.11460495
 0.071919248	  0.11661911
  0.07201843	  0.11548996
 0.072113037	  0.11709213
 0.072213747	  0.12065125
 0.072306827	  0.12319565
 0.072406009	  0.12382889
 0.072503664	  0.12492752
 0.072601318	  0.12638474
 0.072695926	  0.12623978
 0.072798155	  0.12707901
  0.07289429	   0.1293869
 0.072991945	  0.13316345
   0.0730896	  0.13222885
 0.073185727	  0.13235855
 0.073287964	   0.1292038
 0.073384091	  0.12505722
 0.073478699	  0.12475586
 0.073579408	  0.12501907
  0.07367859	  0.12623596
  0.07377319	  0.12760544
 0.073870853	  0.12887955
 0.073971555	   0.1301918
 0.074063107	  0.13105774
 0.074163817	  0.12890625
 0.074259952	  0.12942123
 0.074359134	  0.13112259
 0.074453734	  0.13613129
 0.074554443	  0.13439178
 0.074652098	  0.13603592
 0.074748233	   0.1385994
 0.074845888	   0.1362915
 0.074946597	  0.13666153
  0.07503815	  0.13652802
 0.075140379	  0.13732147
 0.075234987	  0.13859177
 0.075334169	  0.13987732
 0.075430296	  0.13956833
 0.075526431	  0.14159012
 0.075625613	   0.1428299
 0.075726315	  0.14235306
 0.075820923	  0.14043808
 0.075921632	   0.1425209
 0.076014712	  0.14412308
 0.076113895	  0.14247894
 0.076211549	  0.14347839
 0.076307677	    0.144207
 0.076406859	  0.14334106
 0.076507568	   0.1438942
 0.076603696	  0.14416885
 0.076702878	  0.14412308
 0.076799013	  0.14266205
 0.076898195	   0.1444664
 0.076991275	   0.1452446
  0.07708893	  0.14619064
 0.077188112	  0.14711761
 0.077285767	  0.14396667
 0.077383421	  0.14466476
 0.077482603	  0.14245605
 0.077577211	  0.14314651
  0.07767792	   0.1456604
 0.077774048	  0.14629364
 0.077871703	    0.146492
 0.077967837	  0.14856339
  0.07806702	  0.15054321
 0.078163147	  0.15062714
 0.078260802	  0.14956665
 0.078355409	  0.15075302
 0.078459166	  0.15076065
 0.078555301	  0.15092087
 0.078651428	  0.15059662
 0.078753665	  0.14886093
 0.078849792	  0.15071106
  0.07894592	  0.15378571
 0.079042055	   0.1540451
 0.079141237	  0.15450668
 0.079237364	  0.15476608
 0.079333499	  0.15509415
 0.079434201	   0.1553688
 0.079531863	  0.15554428
 0.079629518	  0.15590286
 0.079727173	  0.15608978
 0.079826355	  0.15655899
 0.079919435	  0.15681458
 0.080018617	   0.1570282
 0.080117799	  0.15703583
 0.080215454	  0.15740204
 0.080310062	  0.15781403
 0.080410764	  0.15813828
 0.080506898	  0.15830994
 0.080603026	  0.15863419
 0.080700681	  0.15885544
  0.08080139	  0.15911484
 0.080899045	  0.15935135
 0.080993652	  0.15973282
 0.081091307	  0.15993118
 0.081190489	  0.16039276
 0.081286624	  0.16059113
 0.081387326	  0.16083908
 0.081481934	  0.16116333
 0.081581116	  0.16134262
  0.08167877	  0.16162491
 0.081777953	  0.16185379
  0.08187256	  0.16225815
 0.081970215	  0.16255951
 0.082066342	  0.16282272
 0.082165524	  0.16310883
 0.082261659	  0.16327286
 0.082360841	  0.16358566
 0.082461551	  0.16376495
 0.082556151	  0.16408539
 0.082653806	  0.16429138
 0.082756042	  0.16464233
 0.082847595	  0.16487885
 0.082949832	  0.16510773
 0.083042905	  0.16538239
 0.083142087	  0.16566086
 0.083239749	  0.16594696
 0.083338931	  0.16621399
 0.083436586	  0.16664124
 0.083528139	  0.16690063
 0.083630368	  0.16714478
  0.08372803	  0.16730499
 0.083824158	  0.16743469
  0.08392334	  0.16778564
 0.084020995	  0.16797256
 0.084117129	  0.16822815
 0.084214784	   0.1685257
 0.084313966	  0.16873169
 0.084411621	   0.1689949
 0.084507748	  0.16923904
 0.084605411	  0.16948318
 0.084701538	  0.16960907
  0.08480072	  0.16994858
 0.084898375	  0.17013931
  0.08499451	  0.17034531
 0.085090637	  0.17064667
 0.085191347	  0.17090607
 0.085287474	  0.17116928
 0.085388184	  0.17144775
 0.085482791	  0.17166901
  0.08558502	    0.171978
 0.085678101	  0.17226028
  0.08577881	  0.17247391
  0.08587341	  0.17276764
 0.085972592	  0.17298508
 0.086068727	  0.17319107
 0.086164854	  0.17339706
 0.086265564	  0.17371368
 0.086361691	   0.1739006
 0.086459354	  0.17421722
 0.086557008	  0.17450714
 0.086654663	  0.17474747
 0.086752318	  0.17499542
   0.0868515	  0.17522812
 0.086946107	   0.1754837
  0.08704529	  0.17575836
 0.087144472	  0.17593765
 0.087240599	  0.17618561
 0.087338254	  0.17642975
 0.087435916	  0.17663193
 0.087535098	  0.17690659
 0.087628171	  0.17712021
 0.087725833	  0.17739487
 0.087826535	  0.17763901
 0.087924197	  0.17789459
 0.088021852	  0.17817307
 0.088119507	  0.17842484
 0.088217162	  0.17869568
 0.088314816	   0.1788559
 0.088412479	  0.17910767
 0.088507079	  0.17936325
 0.088604733	  0.17956161
 0.088703915	  0.17981339
 0.088803098	  0.18002701
 0.088903807	  0.18027115
  0.08899536	  0.18056488
 0.089093015	  0.18075562
 0.089193724	  0.18100357
 0.089288332	  0.18127441
 0.089384459	  0.18152237
 0.089485168	  0.18178558
 0.089582823	  0.18204117
 0.089678958	  0.18226624
 0.089775085	  0.18248749
 0.089874268	  0.18274307
  0.08997345	  0.18301392
 0.090071104	   0.1832428
 0.090168759	  0.18346786
 0.090267941	  0.18364716
 0.090361021	  0.18386459
 0.090463258	  0.18402863
 0.090557858	  0.18424606
 0.090655521	  0.18448639
  0.09075775	  0.18477631
 0.090852357	  0.18494034
  0.09095154	  0.18513107
  0.09104614	  0.18526459
 0.091145322	  0.18558502
 0.091239929	  0.18577576
 0.091339111	  0.18600845
 0.091436766	  0.18624115
 0.091534421	  0.18644333
 0.091633603	  0.18671036
 0.091729738	   0.1869545
 0.091825865	  0.18712234
 0.091925047	   0.1873703
 0.092021182	  0.18762589
 0.092121884	  0.18787384
 0.092214964	  0.18811035
 0.092317201	  0.18839645
 0.092413329	  0.18871307
 0.092510983	  0.18890762
 0.092605591	  0.18915176
 0.092707828	   0.1893692
 0.092805482	  0.18960953
 0.092904665	  0.18978119
 0.092999265	  0.19000626
 0.093099974	  0.19028473
 0.093194582	  0.19057465
 0.093292236	  0.19084167
 0.093389891	  0.19109726
 0.093487546	  0.19136429
 0.093580626	  0.19159698
 0.093682863	  0.19184875
 0.093782045	   0.1920166
 0.093881227	  0.19221115
 0.093975827	  0.19243622
 0.094076537	  0.19265366
 0.094169617	  0.19285583
 0.094265744	  0.19312286
 0.094367981	  0.19330215
 0.094461061	  0.19352722
 0.094558716	  0.19378662
 0.094659425	  0.19403839
 0.094754025	  0.19429016
 0.094856262	  0.19444275
 0.094949342	  0.19471359
 0.095051572	  0.19495773
 0.095144652	  0.19514084
 0.095242307	  0.19535065
 0.095339969	  0.19556046
 0.095437624	   0.1958046
 0.095533751	  0.19599533
 0.095635988	  0.19623947
 0.095732115	  0.19647598
  0.09582825	  0.19672012
 0.095928952	  0.19695282
 0.096028134	  0.19718552
 0.096119687	   0.1974411
 0.096217349	  0.19768524
 0.096316531	  0.19788361
 0.096414186	  0.19813919
 0.096511841	  0.19838715
  0.09661255	  0.19860077
 0.096710205	  0.19884491
  0.09680786	  0.19908524
 0.096902467	  0.19927216
 0.097000122	  0.19945908
  0.09709473	  0.19968796
 0.097195432	  0.19996262
 0.097291566	  0.20022583
 0.097390749	  0.20045853
 0.097485349	  0.20067596
 0.097584531	  0.20090485
 0.097683713	  0.20116043
 0.097782895	  0.20140076
 0.097875975	  0.20162964
 0.097978212	  0.20183945
 0.098071292	  0.20203018
 0.098168947	  0.20229721
 0.098266602	  0.20250702
 0.098365784	  0.20272827
 0.098461911	  0.20295334
 0.098562621	  0.20312881
 0.098658755	  0.20332336
 0.098754883	  0.20357513
 0.098855592	  0.20381546
 0.098954774	  0.20404053
 0.099047855	  0.20424652
 0.099147037	  0.20447159
 0.099244691	  0.20472336
 0.099340819	  0.20494843
 0.099438474	  0.20519638
  0.09954071	  0.20541382
 0.099633791	  0.20562744
  0.09973602	  0.20585251
   0.0998291	  0.20607376
 0.099931337	  0.20632172
 0.099996947	  0.20656586
 0.099996947	  0.20676422
 0.099996947	   0.2069397
