-0.099542238	 -0.20201874
-0.099444583	  -0.2018013
-0.099348448	 -0.20155716
-0.099253848	 -0.20137405
-0.099153139	 -0.20111465
-0.099060059	 -0.20085907
-0.098962404	 -0.20063019
-0.098863222	 -0.20035934
 -0.09876404	 -0.20011139
-0.098669432	  -0.1998558
-0.098568723	 -0.19958496
-0.098471068	 -0.19931793
-0.098373413	 -0.19904709
-0.098278806	 -0.19877625
-0.098178104	 -0.19856644
-0.098081969	 -0.19834518
-0.097982787	 -0.19809341
-0.097888187	 -0.19778061
-0.097789004	 -0.19752502
-0.097695924	  -0.1972847
 -0.09759216	 -0.19701385
 -0.09749756	 -0.19675446
-0.097398378	 -0.19655991
-0.097302243	 -0.19626617
-0.097201541	 -0.19599915
-0.097106934	 -0.19568634
-0.097010806	 -0.19546127
-0.096914671	 -0.19525146
-0.096813962	 -0.19496155
-0.096719362	 -0.19475174
-0.096618652	 -0.19449615
 -0.09651947	  -0.1942482
-0.096423343	 -0.19396973
-0.096330263	 -0.19374466
-0.096224979	 -0.19350433
-0.096133426	 -0.19330215
-0.096035764	 -0.19304276
-0.095936581	 -0.19269943
-0.095838927	 -0.19245529
-0.095742799	 -0.19220352
-0.095639035	 -0.19190598
-0.095545962	 -0.19168854
 -0.09544678	 -0.19143677
-0.095349118	 -0.19116974
-0.095248416	 -0.19085312
-0.095155336	 -0.19054413
-0.095060728	 -0.19041061
-0.094963074	 -0.19015503
-0.094859317	 -0.18984985
-0.094769284	  -0.1895752
-0.094667055	 -0.18935394
  -0.0945694	  -0.1890564
-0.094473265	 -0.18883514
 -0.09437561	 -0.18862152
-0.094276428	 -0.18831635
-0.094180301	 -0.18808365
-0.094081119	 -0.18783188
-0.093984984	 -0.18760681
-0.093885802	 -0.18733597
 -0.09378662	 -0.18685532
-0.093688965	 -0.18668747
 -0.09359131	 -0.18641663
-0.093496703	 -0.18611145
-0.093395993	 -0.18578339
-0.093298338	 -0.18547821
-0.093203738	 -0.18527985
-0.093106076	 -0.18489075
-0.093009949	 -0.18470001
-0.092910767	 -0.18435669
-0.092813112	 -0.18402481
-0.092710875	  -0.1837616
-0.092617795	 -0.18347168
 -0.09252014	 -0.18320084
-0.092422485	 -0.18263626
-0.092323303	 -0.18265915
-0.092227176	 -0.18222809
-0.092129514	 -0.18202972
-0.092033386	 -0.18173599
-0.091934204	 -0.18148422
-0.091838077	 -0.18120193
-0.091738895	 -0.18094635
-0.091641232	 -0.18054199
-0.091543578	 -0.18016052
 -0.09144745	 -0.17983627
-0.091348268	 -0.17962265
-0.091252133	 -0.17829514
-0.091154478	 -0.17894363
-0.091058351	 -0.17854691
-0.090957642	 -0.17707443
-0.090863034	 -0.17802811
-0.090760805	 -0.17533875
-0.090666197	 -0.17497253
-0.090567015	 -0.17697525
-0.090472415	 -0.17655945
-0.090370178	 -0.17403793
-0.090277098	  -0.1745224
-0.090179443	 -0.17494583
-0.090080261	 -0.17123795
-0.089981079	 -0.17074585
-0.089886472	 -0.16902161
-0.089782715	 -0.16639328
-0.089694217	 -0.16490173
-0.089588925	 -0.16906357
-0.089494325	 -0.16543579
 -0.08939819	  -0.1633873
-0.089300536	  -0.1619072
-0.089199826	 -0.15999603
-0.089108273	 -0.15932846
-0.089004517	 -0.16165924
-0.088912964	 -0.16360474
-0.088806152	 -0.16076279
-0.088713072	 -0.16249847
-0.088615417	  -0.1569252
 -0.08851929	 -0.15633774
-0.088420108	 -0.15644073
-0.088322446	  -0.1503067
-0.088226318	 -0.14805222
-0.088130191	  -0.1489563
-0.088034056	 -0.14847183
-0.087933347	 -0.14614105
-0.087832645	 -0.14759827
 -0.08773651	 -0.15039063
-0.087637328	 -0.14991379
  -0.0875412	 -0.14846039
-0.087442018	 -0.14463425
-0.087350465	 -0.14675903
-0.087252811	 -0.14427185
-0.087153628	 -0.14143753
-0.087055966	  -0.1401329
-0.086959839	 -0.13935089
-0.086862184	 -0.14084625
-0.086763002	 -0.14312363
 -0.08666382	 -0.13706589
-0.086569212	 -0.13744354
-0.086465456	 -0.13446808
-0.086373903	 -0.12815857
-0.086273193	 -0.12546539
-0.086178586	 -0.12449646
-0.086077884	 -0.12285233
-0.085980222	 -0.12810516
 -0.08588104	 -0.12452698
-0.085787967	 -0.12347794
-0.085687257	 -0.12264252
-0.085589603	 -0.12186813
 -0.08549194	 -0.12205124
 -0.08539734	 -0.12242508
-0.085299686	 -0.12188339
-0.085205078	 -0.11710739
-0.085104369	 -0.11483002
-0.085006714	 -0.11026382
-0.084910586	 -0.10383606
-0.084811404	-0.097881317
-0.084712222	-0.088493347
 -0.08461456	-0.085788727
-0.084512331	-0.085056305
-0.084420778	-0.082015991
 -0.08432617	-0.080310822
-0.084225461	-0.077651978
-0.084127806	-0.075069427
-0.084033206	-0.067203522
-0.083929442	-0.065563202
-0.083834842	-0.063919067
-0.083734132	-0.062782288
-0.083637998	-0.061908722
-0.083540343	-0.063110352
-0.083445743	  -0.0639534
-0.083348081	-0.064102173
-0.083247378	-0.063026428
-0.083149716	-0.061710358
-0.083053589	-0.060600281
-0.082955934	-0.059589386
-0.082859799	-0.058811188
-0.082762145	-0.058238983
-0.082662962	 -0.05783844
-0.082566835	-0.057235718
  -0.0824707	-0.057304382
-0.082371518	-0.057380676
-0.082275391	-0.057483673
-0.082174681	-0.055698395
-0.082083128	-0.054615021
-0.081977844	-0.054733276
-0.081883237	-0.055095673
-0.081782535	-0.055580139
-0.081687927	 -0.05745697
-0.081588745	  -0.0573349
 -0.08149109	-0.057476044
-0.081394956	 -0.05708313
-0.081297301	-0.056846619
-0.081199646	-0.055919647
-0.081103519	-0.055290222
-0.081002809	-0.054382324
-0.080905154	-0.054275513
-0.080810547	-0.053340912
 -0.08070831	-0.052440643
 -0.08061371	-0.051815033
-0.080516055	-0.051795959
-0.080418393	-0.051063538
-0.080322266	-0.050563812
-0.080224611	-0.049705505
-0.080128476	-0.048992157
-0.080027774	-0.047939301
-0.079931639	-0.047649384
-0.079832457	-0.047561646
 -0.07973633	-0.047389984
 -0.07963562	-0.047447205
-0.079541013	-0.047401428
-0.079443358	-0.047019958
-0.079342648	-0.046123505
-0.079248048	-0.045757294
-0.079150394	-0.045753479
-0.079051211	-0.045692444
-0.078955077	 -0.04535675
-0.078855895	 -0.04523468
-0.078756712	-0.044891357
-0.078659058	-0.044399261
-0.078567505	 -0.04447937
-0.078466795	-0.043960571
-0.078370668	-0.043266296
-0.078271486	-0.043102264
-0.078176878	-0.042373657
-0.078076169	 -0.04221344
-0.077978514	 -0.04196167
-0.077880859	-0.041362762
-0.077784732	-0.041301727
-0.077684022	-0.040863037
-0.077590942	-0.039848328
 -0.07749176	-0.039810181
-0.077392578	-0.039463043
-0.077293396	-0.039428711
-0.077200316	-0.039207458
-0.077099606	-0.039234161
-0.077006534	-0.038986206
-0.076904297	-0.038639069
-0.076809689	-0.037780762
-0.076708987	-0.037559509
-0.076615907	-0.037086487
 -0.07651367	-0.036914825
-0.076416016	-0.036712646
-0.076318361	-0.038181305
-0.076223753	-0.038303375
-0.076123044	-0.037792206
-0.076028444	-0.037612915
-0.075927734	-0.037303925
-0.075833127	-0.036979675
-0.075735472	-0.036827087
-0.075637817	 -0.03660965
-0.075537108	-0.036331177
-0.075442508	-0.036289215
-0.075343326	-0.036102295
-0.075248718	-0.035697937
-0.075149536	-0.035671234
-0.075051881	-0.035457611
-0.074954227	-0.035232544
-0.074858092	 -0.03521347
 -0.07475891	-0.034721375
 -0.07466431	-0.034263611
-0.074560545	-0.034015656
-0.074465945	-0.033939362
-0.074369811	-0.033988953
-0.074272156	-0.033721924
-0.074169919	-0.033512115
-0.074078366	 -0.03314209
-0.073979184	-0.033248901
-0.073883057	-0.032543182
-0.073782347	-0.032367706
-0.073684692	-0.032619476
-0.073582456	-0.033035278
-0.073490903	-0.032844543
-0.073394775	-0.032375336
-0.073294066	-0.032047272
-0.073196411	-0.031879425
-0.073098756	-0.031814575
-0.072999574	-0.031799316
-0.072903439	-0.031665802
-0.072808839	-0.031448364
-0.072711185	-0.031208038
-0.072608948	-0.030971527
 -0.07251282	-0.030666351
-0.072416686	-0.030525208
-0.072320558	-0.030490875
-0.072219849	-0.030323029
-0.072123721	-0.030132294
-0.072027586	-0.030040741
-0.071929932	-0.029815674
-0.071832277	 -0.02980423
-0.071734622	 -0.02980423
-0.071633913	-0.029792786
-0.071537778	-0.029758453
 -0.07144165	-0.029598236
-0.071343996	-0.029567719
-0.071243286	-0.029262543
-0.071150206	-0.029212952
-0.071047977	-0.029071808
-0.070956424	-0.028884888
 -0.07085266	-0.028659821
 -0.07075806	-0.028301239
 -0.07065735	-0.028236389
-0.070565797	-0.028137207
-0.070465088	-0.028118134
-0.070367433	-0.028076172
-0.070268251	-0.027954102
-0.070175171	-0.027828217
-0.070075989	-0.027645111
-0.069976807	-0.027454376
-0.069879152	-0.027427673
-0.069781497	-0.027248383
-0.069683835	-0.027011871
-0.069584653	-0.026939392
-0.069488525	-0.026855469
-0.069393918	-0.026691437
-0.069293216	 -0.02665329
-0.069198608	 -0.02645874
-0.069097899	 -0.02633667
-0.069003299	-0.026241302
-0.068902589	-0.026172638
-0.068806455	-0.026081085
-0.068707272	-0.025741577
-0.068611145	-0.025577545
-0.068510436	-0.025547028
-0.068417355	-0.025398254
-0.068313599	-0.025218964
-0.068222046	-0.025058746
-0.068122864	-0.025005341
-0.068026736	-0.024772644
-0.067926027	-0.024662018
-0.067828372	-0.024715424
 -0.06773071	-0.024700165
-0.067633055	-0.024654388
-0.067536928	-0.024528503
-0.067437746	-0.024394989
-0.067340091	-0.024284363
-0.067247011	-0.024272919
-0.067149356	-0.024173737
-0.067048647	-0.024021149
-0.066952512	-0.023868561
 -0.06685333	-0.023757935
-0.066754147	-0.023574829
-0.066662595	-0.023483276
-0.066560365	-0.023403168
 -0.06646423	-0.023361206
-0.066366576	-0.023300171
-0.066270448	-0.023147583
-0.066172794	-0.022987366
-0.066073611	-0.022850037
-0.065975949	-0.022720337
-0.065879822	-0.022613525
-0.065777585	-0.022468567
-0.065681458	-0.022289276
 -0.06558533	-0.022094727
-0.065487668	-0.021972656
-0.065386966	-0.021877289
-0.065295413	-0.021778107
-0.065193176	-0.021629333
-0.065097049	 -0.02155304
-0.065000914	-0.021476746
-0.064904787	-0.021339417
-0.064801022	-0.021202087
-0.064706422	-0.021095276
-0.064608768	 -0.02104187
-0.064511105	-0.020957947
-0.064413451	 -0.02085495
-0.064317323	-0.020774841
-0.064222716	-0.020576477
-0.064123534	 -0.02048111
-0.064022824	-0.020362854
-0.063929752	-0.020301819
-0.063829042	-0.020206451
-0.063731387	-0.020179749
-0.063632205	-0.020057678
 -0.06353607	-0.019939423
-0.063435361	-0.019836426
-0.063342288	-0.019691467
-0.063244626	-0.019489288
-0.063145444	-0.019393921
-0.063049316	-0.019252777
-0.062951662	 -0.01914978
-0.062847897	-0.019046783
-0.062753297	-0.018974304
-0.062655643	-0.018844604
-0.062561035	-0.018810272
-0.062460326	-0.018753052
-0.062365722	-0.018665314
 -0.06226654	-0.018585205
-0.062171936	-0.018478394
-0.062072754	  -0.0184021
 -0.06197815	-0.018218994
 -0.06187439	-0.018203735
-0.061779786	-0.018215179
-0.061680604	-0.018047333
-0.061584473	-0.017910004
-0.061483763	 -0.01782608
 -0.06139221	 -0.01776886
-0.061291505	-0.017700195
-0.061196901	-0.017612457
-0.061096191	-0.017520905
-0.061001588	 -0.01745224
-0.060900878	-0.017375946
-0.060800172	-0.017276764
-0.060705565	-0.017177582
 -0.06060791	-0.017105103
-0.060507201	-0.017017365
-0.060415648	-0.016906738
-0.060314942	-0.016799927
-0.060220338	-0.016685486
 -0.06012268	 -0.01657486
-0.060023498	-0.016513824
-0.059922792	-0.016464233
-0.059829712	-0.016368866
-0.059729002	-0.016284943
-0.059631348	 -0.01619339
-0.059530638	-0.016086578
-0.059439085	-0.016010284
-0.059339903	-0.015911102
-0.059240721	-0.015838623
-0.059144594	 -0.01574707
-0.059048463	-0.015628815
-0.058944702	-0.015510559
-0.058850098	-0.015434265
-0.058755495	-0.015342712
-0.058657836	-0.015266418
 -0.05855713	-0.015213013
-0.058462523	-0.015151978
-0.058364868	 -0.01506424
-0.058267213	-0.014980316
-0.058169555	-0.014892578
-0.058074951	-0.014808655
-0.057971191	-0.014732361
-0.057876587	-0.014636993
-0.057777405	 -0.01455307
-0.057682801	-0.014446259
-0.057577513	-0.014343262
 -0.05748596	-0.014247894
-0.057388306	-0.014175415
-0.057290651	-0.014102936
-0.057192992	-0.014038086
-0.057098389	-0.013957977
-0.056996156	-0.013858795
-0.056901552	-0.013778687
 -0.05680237	-0.013698578
-0.056707762	 -0.01360321
-0.056604005	-0.013526917
-0.056510925	-0.013435364
-0.056414794	-0.013355255
-0.056317139	-0.013256073
 -0.05621643	-0.013160706
-0.056121826	-0.013080597
-0.056019593	-0.013023376
-0.055923462	-0.012950897
-0.055825807	-0.012893677
-0.055728149	-0.012813568
-0.055630494	-0.012737274
-0.055534363	-0.012653351
-0.055436708	-0.012565613
 -0.05533905	-0.012481689
-0.055241395	 -0.01241684
-0.055143736	-0.012313843
-0.055041503	-0.012241364
-0.054946899	-0.012153625
-0.054852296	-0.012069702
-0.054754637	-0.012004852
-0.054653931	-0.011932373
  -0.0545578	-0.011886597
-0.054460146	-0.011802673
-0.054362487	-0.011741638
-0.054264832	-0.011657715
-0.054168701	-0.011577606
-0.054067992	-0.011508942
-0.053971864	-0.011436462
-0.053872682	-0.011352539
-0.053776551	 -0.01127243
-0.053677369	-0.011222839
-0.053582765	-0.011165619
-0.053483583	-0.011089325
-0.053387452	 -0.01102066
-0.053289793	-0.010932922
-0.053192139	-0.010848999
-0.053091429	-0.010772705
-0.052999876	-0.010681152
-0.052899171	-0.010620117
-0.052799989	-0.010547638
-0.052700806	-0.010471344
-0.052606203	-0.010383606
-0.052507021	-0.010326385
-0.052410889	-0.010276794
-0.052311707	-0.010227203
-0.052214049	-0.010158539
-0.052117921	-0.010089874
-0.052020263	-0.010017395
-0.051919557	-0.0099411011
-0.051828004	-0.0098800659
-0.051725768	-0.0098114014
-0.051632691	-0.0097465515
-0.051528931	-0.0096664429
  -0.0514328	-0.0095787048
-0.051336668	-0.0095062256
-0.051242065	-0.009437561
-0.051141359	-0.0093841553
  -0.0510437	-0.0093307495
-0.050946046	-0.0092773438
-0.050848387	-0.0092163086
-0.050753783	-0.0091514587
-0.050653078	-0.0090789795
 -0.05055847	-0.0090065002
-0.050457764	-0.008934021
-0.050360106	-0.0088844299
-0.050263979	-0.0088119507
-0.050164796	-0.0087356567
-0.050068665	-0.0086593628
-0.049971007	-0.0085906982
-0.049874879	-0.0085258484
-0.049775697	-0.008480072
-0.049678039	-0.0084228516
-0.049578857	-0.0083503723
-0.049482726	-0.0082778931
-0.049385071	-0.0082168579
 -0.04928894	-0.0081710815
-0.049188234	-0.0081100464
-0.049092103	-0.0080375671
-0.048995972	-0.0079841614
-0.048898317	-0.0079269409
-0.048797607	-0.007850647
-0.048701476	-0.007774353
-0.048602294	-0.0077133179
-0.048504639	-0.0076560974
-0.048410036	-0.0076065063
-0.048312377	-0.0075683594
-0.048213195	-0.0075073242
-0.048118591	-0.0074539185
-0.048019409	-0.007396698
-0.047921754	-0.0073356628
-0.047822572	-0.0072784424
-0.047726441	-0.0072174072
-0.047627259	-0.0071601868
-0.047532655	-0.0070915222
-0.047433473	-0.0070228577
-0.047338866	-0.0069656372
 -0.04723816	-0.0069084167
-0.047140501	-0.0068664551
-0.047045898	-0.0068244934
-0.046946716	-0.0067825317
-0.046847533	-0.0067176819
-0.046749879	-0.0066604614
 -0.04665222	-0.0066070557
-0.046554565	-0.0065460205
-0.046458434	-0.0064964294
-0.046362303	-0.0064353943
-0.046263121	-0.0063743591
-0.046165466	-0.0063171387
-0.046069335	-0.0062484741
-0.045968629	-0.0061950684
-0.045874022	-0.006149292
-0.045776367	-0.006111145
-0.045675658	-0.006061554
-0.045581054	-0.0060119629
-0.045483399	-0.0059585571
-0.045388795	-0.0059051514
-0.045285035	-0.0058479309
-0.045191955	-0.0057945251
  -0.0450943	-0.0057525635
-0.044996642	-0.0056991577
-0.044895936	-0.0056381226
-0.044798277	-0.005569458
-0.044700623	-0.0055236816
-0.044604491	-0.0054740906
-0.044505309	-0.0054244995
-0.044410706	-0.0053863525
-0.044309996	-0.0053520203
 -0.04421692	-0.0052947998
 -0.04411621	-0.005241394
-0.044020079	-0.0051956177
-0.043922424	-0.0051422119
-0.043823242	-0.0050964355
-0.043722533	-0.0050430298
-0.043627929	-0.004989624
-0.043527223	-0.0049285889
-0.043432616	-0.0048751831
-0.043333434	-0.0048294067
 -0.04323883	-0.0047798157
-0.043141175	-0.0047531128
-0.043043517	-0.0047187805
-0.042944334	-0.0046768188
-0.042848207	-0.0046157837
-0.042747498	-0.0045661926
-0.042651366	-0.004524231
-0.042553712	-0.0044784546
-0.042460632	-0.0044288635
-0.042361449	-0.0043792725
-0.042263795	-0.0043411255
-0.042163085	-0.0042800903
-0.042070009	-0.0042304993
-0.041967772	-0.0041885376
-0.041867066	-0.0041503906
-0.041772462	-0.004119873
-0.041674804	-0.0040855408
-0.041578673	-0.0040435791
-0.041481018	-0.0040016174
-0.041380309	-0.003944397
-0.041287232	 -0.00390625
-0.041189574	-0.0038642883
-0.041088868	-0.0038146973
-0.040991209	-0.0037689209
-0.040895082	-0.0037269592
-0.040797424	-0.0036697388
-0.040699769	-0.0036239624
-0.040600587	-0.0035858154
-0.040509034	-0.0035552979
-0.040405273	-0.0035209656
 -0.04031067	-0.0034866333
-0.040213011	-0.0034484863
-0.040116884	-0.0033912659
-0.040014647	-0.0033569336
-0.039923094	-0.0033187866
-0.039819337	-0.0032806396
-0.039726257	-0.003238678
-0.039625548	-0.003200531
 -0.03952942	-0.0031433105
-0.039428711	-0.0031089783
-0.039337158	-0.0030670166
-0.039237976	-0.0030441284
-0.039140321	-0.0030097961
-0.039041139	-0.0029716492
-0.038946532	-0.0029449463
-0.038844299	-0.0028915405
-0.038751222	-0.0028572083
-0.038648985	-0.0028190613
-0.038557433	-0.0027885437
-0.038453676	-0.002746582
-0.038362123	-0.0027046204
-0.038258363	-0.0026626587
-0.038163759	-0.002620697
-0.038067628	 -0.00258255
-0.037971497	-0.0025558472
-0.037867736	-0.0025367737
-0.037773132	-0.0024986267
 -0.03767395	-0.0024642944
-0.037576295	-0.0024261475
-0.037481688	-0.0023956299
-0.037384033	-0.0023574829
-0.037284851	-0.0023269653
-0.037187196	-0.0022888184
-0.037088014	-0.0022583008
-0.036993407	-0.0022125244
-0.036892701	-0.0021820068
-0.036798097	-0.0021476746
-0.036697388	-0.0021133423
-0.036604308	-0.0020904541
-0.036502074	-0.0020637512
-0.036407471	-0.0020294189
-0.036306761	-0.0019989014
-0.036210634	-0.0019760132
-0.036112975	-0.0019378662
-0.036018372	-0.0019073486
-0.035916138	-0.0018692017
 -0.03581848	-0.0018386841
-0.035722353	-0.0018081665
-0.035626221	-0.0017700195
-0.035525512	-0.0017433167
-0.035433959	-0.0017089844
-0.035333253	-0.0016860962
-0.035235595	-0.0016517639
-0.035133362	-0.0016365051
-0.035041809	-0.0016174316
-0.034942627	-0.0015792847
-0.034844972	-0.0015563965
-0.034747314	-0.0015258789
-0.034654237	-0.0014953613
-0.034548949	-0.0014648438
-0.034455873	-0.0014419556
-0.034356691	-0.001411438
-0.034257509	-0.0013771057
-0.034161378	-0.0013504028
-0.034065247	-0.0013198853
-0.033964537	-0.0012969971
 -0.03386841	-0.001285553
-0.033770751	-0.0012512207
-0.033676147	-0.0012397766
-0.033573914	-0.0012054443
-0.033482362	-0.0011749268
-0.033380128	-0.0011520386
-0.033285521	-0.0011253357
-0.033184815	-0.0011024475
-0.033093262	-0.0010795593
-0.032989502	-0.0010528564
-0.032891847	-0.0010223389
-0.032795716	-0.00099945068
-0.032699585	-0.0009765625
-0.032598875	-0.00096130371
-0.032504272	-0.00093841553
-0.032406617	-0.00092697144
-0.032308958	-0.00089645386
-0.032211304	-0.00087738037
  -0.0321167	-0.00086975098
-0.032009888	-0.000831604
-0.031918336	-0.00081634521
-0.031817626	-0.00078964233
-0.031723022	-0.00077056885
 -0.03162384	-0.00075149536
 -0.03153076	-0.00072479248
-0.031430054	-0.00070571899
-0.031333923	-0.0006942749
-0.031234741	-0.00067138672
 -0.03113861	-0.00065994263
-0.031037902	-0.00064086914
-0.030940246	-0.00062561035
-0.030842591	-0.00061035156
-0.030749511	-0.00058364868
-0.030645752	-0.00057601929
-0.030552674	-0.0005569458
-0.030453492	-0.00052642822
 -0.03035431	-0.00052261353
-0.030258179	-0.00049209595
-0.030162048	-0.00048065186
-0.030058289	-0.00046539307
-0.029962158	-0.00045394897
-0.029867554	-0.00045013428
-0.029771423	-0.00043869019
-0.029672241	-0.000415802
-0.029574584	-0.00040435791
 -0.02947998	-0.00038528442
-0.029379273	-0.00037002563
-0.029281616	-0.00035095215
-0.029180909	-0.00033569336
-0.029083252	-0.00033187866
-0.028988648	-0.00031661987
-0.028894043	-0.00030136108
 -0.02879486	-0.00028991699
-0.028695678	-0.0002822876
-0.028598022	-0.0002746582
-0.028501892	-0.00025177002
 -0.02840271	-0.00024795532
-0.028308105	-0.00024414063
 -0.02821045	-0.00022888184
 -0.02810974	-0.00021743774
-0.028012086	-0.00020217896
-0.027915955	-0.00020599365
-0.027819823	-0.00019073486
-0.027719116	-0.00017547607
-0.027624512	-0.00017547607
-0.027526855	-0.00016784668
-0.027426148	-0.00016403198
-0.027328491	-0.00014877319
-0.027230835	-0.00015258789
-0.027133178	-0.0001449585
-0.027035523	-0.00012969971
-0.026937867	-0.0001335144
-0.026843261	-0.00012207031
-0.026747132	-0.00011062622
-0.026649475	-9.9182129e-005
-0.026550293	-9.5367432e-005
-0.026451111	-9.5367432e-005
 -0.02635498	-9.1552734e-005
-0.026257325	-9.5367432e-005
-0.026156615	-8.392334e-005
-0.026062012	-8.392334e-005
-0.025967408	-7.6293945e-005
-0.025866698	-8.392334e-005
-0.025769044	-6.4849854e-005
-0.025671387	-6.4849854e-005
 -0.02557373	-6.4849854e-005
-0.025476074	-5.3405762e-005
-0.025378417	-5.3405762e-005
-0.025279235	-5.3405762e-005
-0.025183106	-4.9591064e-005
-0.025085449	-5.7220459e-005
-0.024992371	-5.3405762e-005
-0.024891663	-4.9591064e-005
-0.024792481	-4.5776367e-005
-0.024694825	-4.5776367e-005
-0.024600219	-4.5776367e-005
-0.024499511	-3.8146973e-005
-0.024401855	-4.196167e-005
-0.024305725	-3.4332275e-005
-0.024209594	-4.196167e-005
-0.024110412	-4.5776367e-005
-0.024015808	-3.0517578e-005
-0.023915101	-3.0517578e-005
-0.023815919	-3.4332275e-005
-0.023718262	-3.8146973e-005
-0.023625184	-3.0517578e-005
-0.023526002	-3.0517578e-005
 -0.02342682	-2.2888184e-005
-0.023327637	-3.0517578e-005
-0.023231506	-3.8146973e-005
-0.023135375	-3.4332275e-005
-0.023033142	-3.0517578e-005
-0.022941589	-3.4332275e-005
-0.022842407	-3.0517578e-005
-0.022744751	-3.0517578e-005
-0.022647094	-2.6702881e-005
-0.022550965	-2.2888184e-005
-0.022451783	-2.6702881e-005
-0.022354126	-2.6702881e-005
-0.022253418	-2.2888184e-005
-0.022155762	-2.2888184e-005
-0.022061158	-2.6702881e-005
-0.021963501	-1.5258789e-005
-0.021868896	-2.2888184e-005
-0.021766663	-2.2888184e-005
-0.021672059	-2.2888184e-005
-0.021572877	-2.6702881e-005
 -0.02147522	-2.2888184e-005
-0.021374512	-2.6702881e-005
-0.021279907	-2.6702881e-005
 -0.02118225	-2.6702881e-005
-0.021084595	-3.0517578e-005
-0.020988464	-1.9073486e-005
-0.020889282	-2.6702881e-005
-0.020794678	-1.5258789e-005
-0.020693969	-3.4332275e-005
-0.020596314	-2.6702881e-005
-0.020500183	-2.2888184e-005
-0.020404052	-2.2888184e-005
-0.020300293	-2.2888184e-005
-0.020204162	-1.5258789e-005
-0.020108033	-2.6702881e-005
-0.020013427	-2.2888184e-005
-0.019914245	-2.6702881e-005
-0.019815063	-2.2888184e-005
-0.019720459	-2.6702881e-005
-0.019619752	-2.2888184e-005
-0.019522095	-2.2888184e-005
-0.019422913	-2.6702881e-005
-0.019326782	-3.0517578e-005
-0.019230653	-1.9073486e-005
-0.019134521	-2.6702881e-005
 -0.01903839	-2.2888184e-005
-0.018939208	-2.2888184e-005
-0.018841553	-1.9073486e-005
-0.018743897	-3.0517578e-005
 -0.01864624	-1.5258789e-005
-0.018548584	-3.0517578e-005
-0.018450927	-2.6702881e-005
-0.018353272	-3.0517578e-005
 -0.01825409	-2.2888184e-005
-0.018154908	-2.6702881e-005
-0.018060302	-1.9073486e-005
-0.017962646	-3.0517578e-005
-0.017861938	-1.5258789e-005
-0.017767334	-3.0517578e-005
-0.017666627	-2.2888184e-005
 -0.01756897	-2.6702881e-005
-0.017472839	-3.4332275e-005
-0.017378235	-3.0517578e-005
-0.017279053	-2.6702881e-005
-0.017181396	-1.5258789e-005
 -0.01708374	-3.4332275e-005
-0.016986083	-3.0517578e-005
-0.016888428	-3.0517578e-005
-0.016789246	-2.2888184e-005
-0.016690064	-1.5258789e-005
-0.016595459	-1.9073486e-005
-0.016497802	-2.2888184e-005
-0.016400147	-2.2888184e-005
-0.016299438	-2.2888184e-005
-0.016204834	-2.2888184e-005
-0.016108703	-2.6702881e-005
-0.016009521	-3.0517578e-005
-0.015914917	-2.6702881e-005
 -0.01581726	-2.2888184e-005
-0.015718078	-2.2888184e-005
-0.015620423	-3.0517578e-005
-0.015518188	-2.2888184e-005
-0.015423584	-2.2888184e-005
-0.015325928	-1.9073486e-005
-0.015228271	-3.0517578e-005
-0.015130615	-2.6702881e-005
-0.015032959	-2.2888184e-005
-0.014935303	-1.9073486e-005
 -0.01483612	-2.2888184e-005
 -0.01473999	-2.6702881e-005
-0.014642334	-2.2888184e-005
 -0.01454773	-2.6702881e-005
-0.014448548	-3.0517578e-005
-0.014352417	-2.6702881e-005
-0.014254761	-3.0517578e-005
-0.014157104	-2.6702881e-005
-0.014059449	-2.2888184e-005
 -0.01395874	-2.2888184e-005
-0.013864135	-1.5258789e-005
-0.013763428	-2.6702881e-005
-0.013665771	-2.2888184e-005
-0.013566589	-2.6702881e-005
-0.013470459	-2.2888184e-005
-0.013374329	-3.0517578e-005
-0.013275146	-2.6702881e-005
-0.013179016	-2.2888184e-005
-0.013085937	-2.2888184e-005
-0.012986755	-1.9073486e-005
-0.012889099	-2.2888184e-005
-0.012792969	-2.2888184e-005
-0.012689209	-3.4332275e-005
-0.012591553	-3.0517578e-005
-0.012498474	-3.0517578e-005
-0.012397766	-3.0517578e-005
-0.012303161	-2.6702881e-005
-0.012207031	-1.9073486e-005
-0.012106324	-3.0517578e-005
-0.012008667	-3.0517578e-005
-0.011912537	-2.6702881e-005
-0.011813355	-2.2888184e-005
-0.011714173	-3.0517578e-005
-0.011618042	-2.2888184e-005
-0.011520386	-2.6702881e-005
-0.011422729	-3.0517578e-005
-0.011325073	-2.2888184e-005
-0.011230469	-3.0517578e-005
-0.011129761	-3.0517578e-005
 -0.01103363	-2.2888184e-005
-0.010934448	-2.2888184e-005
 -0.01083374	-3.0517578e-005
-0.010740662	-2.2888184e-005
-0.010643005	-3.0517578e-005
-0.010543823	-2.6702881e-005
-0.010446167	-2.2888184e-005
-0.010351563	-2.6702881e-005
-0.010255432	-2.2888184e-005
 -0.01015625	-3.0517578e-005
-0.010055542	-3.0517578e-005
-0.0099609373	-1.9073486e-005
-0.0098602297	-2.2888184e-005
-0.009765625	-2.2888184e-005
-0.0096679684	-3.0517578e-005
-0.0095672607	-2.2888184e-005
-0.0094696041	-2.2888184e-005
-0.0093750004	-2.2888184e-005
-0.0092773438	-2.6702881e-005
-0.0091781616	-2.2888184e-005
-0.0090850834	-3.0517578e-005
-0.0089843748	-2.6702881e-005
-0.0088882446	-1.9073486e-005
-0.0087890625	-2.6702881e-005
-0.0086883549	-2.2888184e-005
-0.0085922237	-1.9073486e-005
-0.0084930416	-1.5258789e-005
-0.0084014889	-2.2888184e-005
-0.0083007813	-3.0517578e-005
-0.0082000736	-3.0517578e-005
-0.0081054689	-2.2888184e-005
-0.0080078123	-3.4332275e-005
-0.0079101566	-2.6702881e-005
  -0.0078125	-2.6702881e-005
-0.0077133179	-2.6702881e-005
-0.0076171877	-3.4332275e-005
-0.0075180056	-1.9073486e-005
-0.0074234009	-2.6702881e-005
-0.0073242188	-2.2888184e-005
-0.0072265626	-3.0517578e-005
-0.0071304319	-2.2888184e-005
-0.0070343018	-2.6702881e-005
-0.0069335937	-2.2888184e-005
-0.0068359375	-2.6702881e-005
-0.0067367554	-3.0517578e-005
-0.0066406252	-2.6702881e-005
-0.0065429686	-2.6702881e-005
-0.0064468384	-1.9073486e-005
-0.0063491822	-1.9073486e-005
-0.0062500001	-2.6702881e-005
-0.0061538694	-3.0517578e-005
-0.0060546873	-2.2888184e-005
-0.0059570312	-3.4332275e-005
-0.005859375	-2.2888184e-005
-0.0057617188	-3.0517578e-005
-0.0056640627	-1.9073486e-005
-0.0055648806	-2.6702881e-005
-0.0054718019	-3.0517578e-005
-0.0053710938	-2.2888184e-005
-0.0052734376	-3.0517578e-005
-0.0051773069	-2.6702881e-005
-0.0050781248	-3.0517578e-005
-0.0049804687	-3.0517578e-005
-0.0048843385	-2.2888184e-005
-0.0047882078	-3.4332275e-005
-0.0046875002	-1.9073486e-005
-0.0045898436	-2.2888184e-005
-0.0044952394	-2.2888184e-005
-0.0043945313	-3.0517578e-005
-0.0042938231	-2.2888184e-005
-0.0042007444	-2.6702881e-005
-0.0041046143	-2.6702881e-005
-0.0040054321	-3.0517578e-005
-0.0039093019	-4.196167e-005
-0.0038116456	-3.0517578e-005
-0.0037139892	-3.8146973e-005
-0.003616333	-2.2888184e-005
-0.0035217286	-3.0517578e-005
-0.0034179688	-3.8146973e-005
-0.0033218383	-2.2888184e-005
-0.0032257079	-1.9073486e-005
-0.0031280518	-2.2888184e-005
-0.0030273437	-2.6702881e-005
-0.0029327392	-1.9073486e-005
-0.0028366088	-2.2888184e-005
-0.0027389526	-3.0517578e-005
-0.0026397705	-2.2888184e-005
-0.0025436401	-2.2888184e-005
-0.002444458	-2.6702881e-005
-0.0023452758	-3.0517578e-005
-0.0022491454	-1.9073486e-005
-0.0021530152	-2.6702881e-005
-0.0020507812	-1.9073486e-005
-0.0019592284	-1.9073486e-005
-0.0018600464	-2.2888184e-005
-0.001763916	-2.6702881e-005
-0.0016647339	-2.6702881e-005
-0.0015686036	-2.2888184e-005
-0.0014663696	-2.6702881e-005
-0.0013717652	-3.0517578e-005
-0.001272583	-3.4332275e-005
-0.0011779785	-2.2888184e-005
-0.0010742188	-2.6702881e-005
-0.00098266604	-1.9073486e-005
-0.00088348391	-1.9073486e-005
-0.00078582764	-3.0517578e-005
-0.00068664551	-1.5258789e-005
-0.000592041	-2.6702881e-005
-0.00048828125	-2.6702881e-005
-0.00039367675	-2.6702881e-005
-0.00029754639	-3.4332275e-005
-0.00019836426	-2.2888184e-005
-0.00010070801	-2.2888184e-005
-6.1035157e-006	-3.0517578e-005
9.1552734e-005	-2.2888184e-005
0.00018920898	-1.9073486e-005
0.00028533937	-1.9073486e-005
0.00038299561	-2.6702881e-005
0.00048217774	-3.0517578e-005
0.00057678221	-1.9073486e-005
0.00067749026	-3.0517578e-005
0.00077362062	-1.9073486e-005
0.00087280275	-2.6702881e-005
0.00096740725	-3.0517578e-005
0.0010650635	-2.6702881e-005
0.0011627197	-1.9073486e-005
0.0012634278	-3.0517578e-005
0.0013565064	-2.2888184e-005
0.0014587402	-2.6702881e-005
0.0015563965	-2.2888184e-005
0.0016540528	-2.2888184e-005
 0.001751709	-2.2888184e-005
0.0018493652	-2.2888184e-005
0.0019424439	-2.6702881e-005
0.0020431518	-2.2888184e-005
0.0021392822	-3.4332275e-005
0.0022369386	-2.2888184e-005
0.0023345947	-2.2888184e-005
0.0024353028	-3.0517578e-005
0.0025299073	-2.2888184e-005
0.0026290894	-1.9073486e-005
0.0027252198	-3.0517578e-005
0.0028244019	-2.2888184e-005
0.0029190064	-1.9073486e-005
0.0030197143	-3.0517578e-005
0.0031158447	-3.0517578e-005
0.0032119751	-3.0517578e-005
0.0033081055	-2.2888184e-005
0.0034103394	-2.6702881e-005
0.0035079955	-1.9073486e-005
0.0036071776	-2.2888184e-005
0.0037017823	-1.9073486e-005
0.0038009644	-2.2888184e-005
0.0038970946	-3.0517578e-005
0.0039947508	-2.2888184e-005
0.0040893555	-3.0517578e-005
0.0041900636	-2.2888184e-005
0.0042861938	-2.2888184e-005
0.0043853759	-1.5258789e-005
 0.004483032	-2.2888184e-005
0.0045806887	-2.2888184e-005
0.0046798708	-1.9073486e-005
0.0047775269	-1.9073486e-005
0.0048706057	-3.0517578e-005
0.0049713133	-2.2888184e-005
0.0050674439	-2.6702881e-005
0.0051666261	-1.5258789e-005
0.0052612303	-3.0517578e-005
0.0053619384	-2.2888184e-005
0.0054626465	-3.0517578e-005
0.0055603026	-2.6702881e-005
0.0056518554	-2.2888184e-005
0.0057525635	-2.2888184e-005
0.0058471682	-3.0517578e-005
0.0059463503	-3.0517578e-005
0.0060424805	-2.2888184e-005
0.0061401366	-3.4332275e-005
0.0062377928	-2.2888184e-005
0.0063415528	-2.2888184e-005
 0.006436157	-2.6702881e-005
0.0065338137	-3.0517578e-005
0.0066314698	-3.0517578e-005
 0.006729126	-2.6702881e-005
0.0068267821	-2.2888184e-005
0.0069244383	-2.2888184e-005
0.0070220949	-2.2888184e-005
0.0071197511	-1.9073486e-005
0.0072143553	-2.6702881e-005
0.0073120119	-1.9073486e-005
0.0074096681	-2.6702881e-005
0.0075088502	-2.6702881e-005
0.0076034544	-2.2888184e-005
0.0077056885	-1.9073486e-005
0.0078002932	-3.0517578e-005
0.0078994753	-2.6702881e-005
0.0079956055	-2.2888184e-005
0.0080963131	-3.0517578e-005
0.0081878658	-1.9073486e-005
0.0082900999	-2.2888184e-005
0.0083862301	-2.6702881e-005
0.0084854122	-2.2888184e-005
0.0085815433	-2.2888184e-005
 0.008682251	-1.5258789e-005
0.0087768557	-2.6702881e-005
0.0088699339	-2.2888184e-005
 0.008972168	-1.5258789e-005
0.0090698246	-2.2888184e-005
0.0091674803	-3.0517578e-005
0.0092681888	-2.6702881e-005
0.0093627926	-3.0517578e-005
0.0094604492	-2.2888184e-005
0.0095581058	-2.2888184e-005
0.0096557615	-2.2888184e-005
0.0097534182	-2.6702881e-005
0.0098510738	-2.2888184e-005
0.0099456785	-3.0517578e-005
 0.010046387	-2.2888184e-005
  0.01013794	-2.2888184e-005
 0.010243225	-2.2888184e-005
 0.010339355	-1.9073486e-005
 0.010437012	-1.9073486e-005
 0.010534668	-2.2888184e-005
 0.010632324	-2.2888184e-005
 0.010726929	-3.0517578e-005
 0.010824585	-2.2888184e-005
 0.010922241	-2.2888184e-005
 0.011019898	-2.2888184e-005
 0.011116028	-2.2888184e-005
 0.011218262	-3.0517578e-005
 0.011317444	-2.6702881e-005
 0.011412049	-2.2888184e-005
 0.011509704	-3.0517578e-005
 0.011605835	-3.0517578e-005
 0.011703491	-2.6702881e-005
 0.011801148	-2.6702881e-005
 0.011901855	-3.0517578e-005
  0.01199646	-2.6702881e-005
 0.012094116	-2.2888184e-005
 0.012193298	-1.9073486e-005
 0.012290955	-2.2888184e-005
 0.012391662	-3.0517578e-005
 0.012486267	-3.0517578e-005
 0.012585449	-3.0517578e-005
 0.012680054	-2.2888184e-005
 0.012776184	-2.6702881e-005
 0.012875366	-2.6702881e-005
 0.012973023	-1.1444092e-005
 0.013067627	-3.0517578e-005
  0.01316986	-2.6702881e-005
 0.013265992	-2.2888184e-005
 0.013363647	-1.5258789e-005
 0.013461304	-2.2888184e-005
 0.013560486	-2.6702881e-005
 0.013656616	-2.2888184e-005
 0.013754273	-2.6702881e-005
 0.013851929	-1.9073486e-005
 0.013948059	-2.6702881e-005
  0.01404419	-2.2888184e-005
 0.014146423	-2.2888184e-005
 0.014241028	-3.0517578e-005
 0.014341736	-1.9073486e-005
 0.014437866	-2.2888184e-005
 0.014535522	-2.2888184e-005
 0.014630127	-2.2888184e-005
 0.014730835	-1.9073486e-005
 0.014825439	-2.2888184e-005
 0.014924621	-2.2888184e-005
 0.015020752	-2.6702881e-005
  0.01512146	-3.0517578e-005
 0.015222168	-2.2888184e-005
 0.015315247	-3.0517578e-005
 0.015412902	-2.6702881e-005
 0.015512085	-3.0517578e-005
 0.015603637	-2.2888184e-005
 0.015704345	-2.2888184e-005
 0.015805054	-3.0517578e-005
 0.015896607	-1.9073486e-005
 0.015997315	-2.2888184e-005
 0.016096497	-2.2888184e-005
 0.016197205	-1.9073486e-005
 0.016293336	-2.6702881e-005
  0.01639099	-2.6702881e-005
 0.016488647	-2.2888184e-005
 0.016581725	-3.0517578e-005
 0.016679382	-2.6702881e-005
 0.016778564	-2.6702881e-005
 0.016874695	-3.0517578e-005
 0.016972352	-2.6702881e-005
 0.017073059	-2.2888184e-005
 0.017170716	-1.1444092e-005
 0.017263794	-3.8146973e-005
 0.017364502	-2.2888184e-005
 0.017462159	-3.0517578e-005
 0.017556762	-2.2888184e-005
 0.017658997	-2.6702881e-005
 0.017756652	-2.2888184e-005
 0.017851258	-1.9073486e-005
 0.017947387	-3.0517578e-005
 0.018051147	-2.2888184e-005
 0.018145751	-2.6702881e-005
 0.018244933	-2.2888184e-005
 0.018341064	-3.4332275e-005
 0.018440247	-2.2888184e-005
  0.01853485	-1.5258789e-005
 0.018634032	-1.5258789e-005
 0.018731689	-2.2888184e-005
  0.01882782	-3.0517578e-005
 0.018927002	-3.4332275e-005
  0.01902771	-2.2888184e-005
 0.019120788	-3.0517578e-005
  0.01921997	-2.2888184e-005
 0.019317627	-1.9073486e-005
 0.019413758	-2.6702881e-005
 0.019511413	-1.9073486e-005
 0.019609069	-3.4332275e-005
 0.019708252	-3.0517578e-005
 0.019805908	-2.6702881e-005
 0.019900512	-2.2888184e-005
 0.020002747	-2.2888184e-005
 0.020097351	-1.9073486e-005
 0.020195007	-2.2888184e-005
 0.020294189	-2.6702881e-005
 0.020390321	-2.6702881e-005
  0.02048645	-2.2888184e-005
 0.020587157	-3.0517578e-005
 0.020684814	-2.6702881e-005
 0.020782471	-2.6702881e-005
 0.020877074	-2.6702881e-005
 0.020977784	-2.6702881e-005
 0.021075439	-3.8146973e-005
 0.021170044	-2.2888184e-005
 0.021270752	-3.0517578e-005
 0.021366883	-3.0517578e-005
 0.021463012	-3.0517578e-005
  0.02156372	-2.2888184e-005
 0.021658326	-2.2888184e-005
 0.021757508	-2.2888184e-005
 0.021852111	-1.9073486e-005
 0.021954346	-3.0517578e-005
  0.02204895	-1.5258789e-005
 0.022146607	-2.6702881e-005
 0.022242736	-1.9073486e-005
 0.022341918	-2.2888184e-005
 0.022439575	-2.2888184e-005
 0.022540282	-3.4332275e-005
 0.022637939	-2.2888184e-005
 0.022735596	-3.4332275e-005
 0.022830199	-2.2888184e-005
 0.022927856	-1.5258789e-005
 0.023025513	-1.5258789e-005
 0.023121644	-2.2888184e-005
 0.023222351	-1.9073486e-005
 0.023316955	-2.6702881e-005
 0.023416137	-2.2888184e-005
 0.023515319	-3.4332275e-005
 0.023611451	-2.2888184e-005
  0.02370758	-2.2888184e-005
 0.023803711	-2.2888184e-005
 0.023904419	-1.5258789e-005
 0.024002075	-1.5258789e-005
 0.024099732	-2.2888184e-005
 0.024195861	-2.2888184e-005
 0.024295043	-1.5258789e-005
   0.0243927	-1.1444092e-005
 0.024488831	-1.5258789e-005
 0.024588013	-1.5258789e-005
  0.02468567	-1.9073486e-005
 0.024781799	-1.5258789e-005
 0.024879456	-1.5258789e-005
 0.024978638	-7.6293945e-006
 0.025073241	-1.1444092e-005
 0.025170898	-7.6293945e-006
 0.025271606	-1.9073486e-005
 0.025366211	-1.1444092e-005
 0.025463868	-7.6293945e-006
 0.025561523	3.8146973e-006
 0.025660705	3.8146973e-006
 0.025753785	-3.8146973e-006
 0.025857544	           0
 0.025949096	1.1444092e-005
 0.026046753	           0
 0.026148986	1.1444092e-005
 0.026245117	1.1444092e-005
 0.026344299	7.6293945e-006
 0.026443481	1.9073486e-005
 0.026538085	1.5258789e-005
 0.026635742	2.2888184e-005
 0.026733398	3.0517578e-005
 0.026831055	1.9073486e-005
 0.026927184	3.4332275e-005
 0.027029419	3.8146973e-005
 0.027125549	4.196167e-005
  0.02722168	3.8146973e-005
 0.027316283	5.3405762e-005
 0.027420044	4.9591064e-005
 0.027516175	6.4849854e-005
 0.027612304	6.4849854e-005
  0.02770691	6.1035156e-005
 0.027807618	6.4849854e-005
 0.027902221	7.2479248e-005
 0.027999878	8.392334e-005
 0.028100586	8.7738037e-005
 0.028196717	9.5367432e-005
 0.028292846	9.9182129e-005
 0.028395081	9.5367432e-005
  0.02849121	0.00010681152
 0.028587341	0.00012207031
 0.028683472	0.00012969971
 0.028782655	0.0001449585
 0.028878784	0.0001449585
  0.02897644	0.00015258789
 0.029074097	0.00016784668
 0.029171754	0.00016784668
 0.029270936	0.00018310547
 0.029368591	0.00019836426
 0.029464722	0.00019454956
 0.029562378	0.00021362305
 0.029660035	0.00022125244
 0.029759217	0.00022506714
 0.029853821	0.00024795532
 0.029949952	0.00025558472
  0.03005066	0.00026702881
 0.030151367	0.00026702881
 0.030245971	0.0002822876
 0.030343628	0.00030899048
 0.030441284	0.00031661987
 0.030537415	0.00032806396
 0.030638123	0.00034332275
 0.030734252	0.00035095215
 0.030831909	0.00037384033
 0.030929565	0.00037765503
 0.031025697	0.00039672852
 0.031123351	0.0004119873
 0.031219482	0.00042724609
 0.031323243	0.00045394897
 0.031417847	0.00046920776
 0.031515501	0.00048828125
 0.031610109	0.00050735474
 0.031712342	0.00050354004
 0.031808473	0.00053405762
 0.031904601	0.00054168701
 0.032002259	0.0005645752
 0.032102965	0.00057220459
 0.032196045	0.00059509277
 0.032299805	0.00061798096
 0.032392882	0.00063323975
  0.03249054	0.00064849854
 0.032586671	0.00067138672
 0.032685854	0.0007019043
 0.032781981	0.00072097778
  0.03288269	0.00072860718
 0.032977294	0.00076675415
 0.033076476	0.00078201294
 0.033175658	0.00080871582
 0.033277892	0.00082778931
 0.033370972	 0.000831604
 0.033468626	0.00086975098
 0.033566285	0.00088119507
  0.03366394	0.00090026855
 0.033758543	0.00093078613
 0.033856202	0.00095367432
 0.033953857	0.00098419189
 0.034054566	0.0010070801
 0.034150697	0.0010375977
 0.034248352	0.0010528564
 0.034344483	0.0010795593
 0.034445189	0.0011062622
 0.034542847	0.0011253357
 0.034640502	 0.001159668
 0.034735106	0.0011749268
 0.034832764	0.0011978149
 0.034930419	0.0012245178
 0.035029601	0.0012435913
 0.035125732	0.0012741089
 0.035229493	0.0013084412
 0.035324097	 0.001335144
   0.0354187	0.0013694763
 0.035513304	0.0013885498
 0.035617065	0.0014266968
 0.035714723	0.0014533997
 0.035809327	0.0014762878
 0.035906982	0.0015029907
 0.036007691	0.0015335083
 0.036099244	0.0015602112
 0.036201477	0.0015869141
 0.036297608	0.0016098022
  0.03639679	0.0016326904
 0.036492921	0.0016822815
 0.036592104	0.0017089844
  0.03668518	0.0017547607
 0.036785889	0.0017776489
 0.036882021	0.0018043518
 0.036981203	0.0018348694
  0.03707733	 0.001865387
 0.037176512	0.0018997192
 0.037277222	0.0019378662
 0.037371825	0.0019683838
 0.037464906	0.0019989014
 0.037567139	0.0020217896
 0.037661742	 0.002040863
 0.037762452	0.0020904541
 0.037857056	0.0021209717
 0.037959289	0.0021591187
 0.038052369	 0.002204895
 0.038151551	0.0022392273
 0.038250733	0.0022773743
 0.038346864	0.0023078918
 0.038442992	0.0023384094
 0.038542174	0.0023612976
 0.038639832	0.0024147034
 0.038739014	0.0024528503
 0.038836669	0.0024642944
   0.0389328	0.0025024414
 0.039028931	0.0025367737
 0.039129637	 0.002571106
 0.039228819	0.0026283264
  0.03932495	0.0026779175
 0.039419554	0.0027122498
 0.039517213	0.0027427673
 0.039614867	 0.002784729
  0.03971405	0.0028266907
 0.039811708	0.0028533936
 0.039907835	0.0028991699
 0.040002443	0.0029335022
 0.040103149	0.0029678345
 0.040200807	0.0030021667
 0.040301513	0.0030326843
 0.040396117	0.0030784607
 0.040493775	0.0031242371
 0.040588379	0.0031700134
 0.040689088	0.0032157898
 0.040786743	0.0032653809
 0.040887453	0.0033035278
 0.040982056	0.0033378601
 0.041079711	0.0033683777
 0.041174315	0.0034179688
 0.041275024	0.0034637451
 0.041369628	0.0035018921
 0.041471861	0.0035362244
 0.041564941	0.0035629272
 0.041665651	0.0036010742
 0.041764833	0.0036468506
  0.04186096	0.0037155151
 0.041955568	0.0037536621
 0.042057801	0.0038032532
 0.042153932	0.0038528442
  0.04225006	0.0038909912
 0.042349242	0.0039367676
 0.042448424	0.0039863586
 0.042541504	 0.004032135
 0.042639159	0.0040626526
 0.042739868	0.0041007996
 0.042837523	  0.00415802
  0.04293213	0.0042037964
 0.043032836	0.0042648315
  0.04312744	0.0043029785
 0.043226622	0.0043525696
 0.043325804	0.0044021606
 0.043423463	0.0044403076
 0.043521117	0.0044937134
 0.043614198	0.0045394897
 0.043716431	0.0045700073
 0.043814085	 0.004611969
 0.043914795	0.0046539307
 0.044010926	0.0047035217
 0.044107057	0.0047607422
 0.044201661	 0.004825592
 0.044299316	0.0048789978
 0.044398498	0.0049285889
 0.044496156	0.0049819946
 0.044592284	 0.005027771
 0.044692993	0.0050811768
 0.044787597	0.0051231384
 0.044885255	0.0051727295
 0.044984438	0.0052261353
 0.045080565	0.0052680969
 0.045178223	0.0053024292
 0.045274355	0.0053482056
  0.04537506	0.0054092407
 0.045469664	0.0054702759
 0.045565795	0.0055351257
 0.045669556	0.0055999756
 0.045764159	 0.005645752
 0.045863342	0.0056915283
 0.045959473	0.0057373047
 0.046057127	0.0058021545
 0.046151735	0.0058479309
 0.046250917	0.0059051514
 0.046350099	0.0059585571
 0.046447754	0.0059928894
 0.046545409	0.0060424805
 0.046646118	0.0060920715
 0.046743773	0.0061569214
 0.046835326	0.0062217712
 0.046936035	0.0062904358
 0.047030639	0.0063438416
 0.047129821	0.0064086914
 0.047229003	0.0064506531
 0.047326662	0.0065040588
 0.047421265	0.0065574646
 0.047521971	0.0066223145
  0.04761963	0.0066757202
 0.047717284	0.0067214966
 0.047814943	0.0067710876
 0.047912598	0.0068130493
 0.048010252	0.0068893433
 0.048107911	0.0069541931
 0.048202515	0.0070266724
 0.048298646	0.0070877075
 0.048397828	0.0071563721
 0.048495483	0.0072174072
 0.048593141	 0.007270813
 0.048690796	0.0073204041
 0.048789978	0.0073890686
 0.048887633	0.0074577332
 0.048985291	0.0075149536
 0.049081422	  0.00756073
 0.049179077	 0.007598877
 0.049276732	0.0076599121
 0.049372863	 0.007724762
 0.049472045	0.0077972412
 0.049571227	0.0078735352
 0.049668886	0.0079498291
 0.049771119	0.0080032349
 0.049862672	0.0080718994
 0.049958803	0.0081253052
  0.05005493	0.0081787109
  0.05015564	0.0082550049
 0.050253294	0.0083274841
 0.050350953	0.0083732605
 0.050451659	 0.008430481
 0.050546266	0.0084762573
 0.050645448	0.0085525513
 0.050743103	0.0086212158
 0.050839234	0.0087013245
 0.050936889	0.0087814331
  0.05103302	0.0088577271
 0.051132202	0.0089111328
 0.051228333	0.0089797974
 0.051327515	0.0090408325
  0.05142517	0.0091133118
 0.051524352	0.0091819763
 0.051622011	0.0092506409
 0.051719666	0.0093040466
 0.051815797	0.0093612671
 0.051913451	0.0094223022
  0.05201111	0.0094909668
 0.052107237	0.0095672607
 0.052203368	0.0096473694
 0.052302551	0.0097198486
 0.052400209	0.0098075867
 0.052499391	0.0098609924
 0.052593995	0.0099411011
  0.05269165	 0.010002136
 0.052792359	  0.01008606
 0.052886963	 0.010147095
 0.052983094	 0.010215759
 0.053085327	 0.010276794
 0.053179931	   0.0103302
 0.053277589	 0.010406494
 0.053375244	 0.010490417
 0.053472899	 0.010570526
 0.053572081	 0.010673523
 0.053671263	 0.010742188
 0.053765871	 0.010810852
 0.053866576	 0.010890961
 0.053958129	  0.01096344
 0.054060362	 0.011024475
  0.05415497	 0.011119843
 0.054252625	 0.011192322
 0.054351807	 0.011249542
 0.054449461	 0.011306763
  0.05454712	 0.011383057
 0.054644775	 0.011451721
 0.054742433	 0.011550903
 0.054840088	 0.011638641
 0.054936219	 0.011741638
 0.055038452	 0.011825562
 0.055133056	 0.011882782
 0.055230714	 0.011959076
 0.055328369	 0.012039185
 0.055426024	 0.012126923
 0.055523682	 0.012210846
 0.055621337	 0.012283325
 0.055717468	  0.01234436
  0.05581665	 0.012413025
 0.055912782	 0.012481689
 0.056008913	 0.012565613
 0.056108095	 0.012676239
 0.056204222	 0.012763977
 0.056303404	 0.012863159
 0.056401063	 0.012943268
 0.056500245	 0.013019562
 0.056594849	   0.0131073
 0.056695558	 0.013191223
 0.056793213	 0.013271332
 0.056889344	  0.01335907
 0.056988526	 0.013435364
  0.05708313	 0.013507843
 0.057180785	 0.013572693
 0.057279967	 0.013656616
 0.057376098	 0.013755798
 0.057476807	  0.01386261
 0.057571411	 0.013957977
 0.057672121	 0.014060974
 0.057768248	 0.014137268
 0.057862855	 0.014213562
 0.057963561	 0.014297485
 0.058059692	 0.014389038
 0.058157347	 0.014480591
 0.058255006	 0.014560699
  0.05835266	  0.01461792
 0.058450319	 0.014705658
 0.058549501	 0.014778137
 0.058648683	  0.01486969
 0.058744811	 0.014968872
 0.058840942	  0.01506424
   0.0589386	 0.015167236
 0.059039306	 0.015254974
  0.05913391	 0.015342712
 0.059231568	 0.015434265
 0.059332274	 0.015518188
 0.059429932	 0.015617371
 0.059524536	 0.015701294
 0.059625246	 0.015777588
   0.0597229	 0.015830994
 0.059817504	 0.015914917
 0.059915163	 0.016002655
 0.060012817	 0.016101837
 0.060110472	 0.016204834
 0.060209654	 0.016281128
 0.060305785	 0.016353607
 0.060404968	 0.016414642
 0.060499571	 0.016475677
 0.060600281	 0.016548157
 0.060694885	 0.016620636
 0.060792543	 0.016723633
 0.060891725	 0.016796112
  0.06098938	 0.016838074
 0.061083984	 0.016906738
 0.061184693	 0.016986847
 0.061282348	 0.017082214
 0.061380006	 0.017181396
  0.06147461	 0.017311096
 0.061575316	  0.01738739
 0.061672974	 0.017501831
 0.061770629	 0.017528534
 0.061868288	 0.017642975
 0.061965942	 0.017688751
 0.062060546	 0.017787933
 0.062158205	 0.017845154
 0.062257387	 0.017913818
 0.062356569	 0.017967224
 0.062449645	 0.018054962
 0.062551878	   0.0181427
 0.062649533	 0.018241882
 0.062744141	 0.018367767
  0.06284485	 0.018508911
 0.062940978	 0.018585205
 0.063037112	 0.018684387
 0.063134767	 0.018756866
 0.063233949	  0.01884079
 0.063334659	  0.01890564
 0.063424684	 0.019065857
 0.063525394	 0.019134521
 0.063623048	 0.019191742
 0.063720703	  0.01927948
 0.063815311	 0.019416809
 0.063916013	 0.019512177
 0.064013675	 0.019599915
 0.064109802	 0.019741058
 0.064208984	 0.019866943
 0.064306639	 0.019966125
 0.064404294	 0.020069122
 0.064503476	 0.020172119
 0.064601138	 0.020214081
 0.064695738	 0.020317078
 0.064791873	 0.020458221
 0.064891055	 0.020530701
  0.06498871	 0.020606995
 0.065087892	 0.020664215
 0.065185547	 0.020755768
 0.065284729	 0.020862579
 0.065377809	 0.020938873
 0.065481566	 0.021076202
 0.065576173	 0.021133423
 0.065670773	 0.021278381
 0.065771483	 0.021434784
 0.065869138	 0.021450043
 0.065963745	 0.021568298
   0.0660614	 0.021701813
 0.066162109	 0.021850586
 0.066256717	 0.021942139
 0.066357419	 0.022022247
 0.066455081	 0.022132874
 0.066549681	 0.022232056
 0.066647336	 0.022373199
 0.066746518	 0.022476196
   0.0668457	 0.022647858
 0.066943362	 0.022724152
  0.06703949	 0.022834778
 0.067140199	 0.022884369
 0.067231752	  0.02299881
 0.067333981	 0.023124695
 0.067428589	 0.023235321
 0.067524716	 0.023311615
 0.067623898	 0.023456573
 0.067724608	 0.023574829
 0.067819215	  0.02368927
 0.067918397	 0.023773193
 0.068014525	 0.023780823
  0.06811218	 0.023918152
 0.068203732	 0.023853302
 0.068304442	 0.023914337
 0.068402097	 0.024036407
 0.068502806	 0.024280548
 0.068597414	  0.02438736
  0.06870117	 0.024520874
 0.068797305	 0.024589539
 0.068896487	 0.024692535
 0.068991087	  0.02495575
 0.069091797	 0.025074005
  0.06918335	 0.025112152
 0.069284059	 0.025444031
 0.069380186	 0.025608063
 0.069480896	 0.025856018
 0.069577023	 0.025756836
 0.069677733	 0.025924683
  0.06977234	 0.025817871
  0.06987305	 0.025978088
  0.06996765	 0.026317596
 0.070063785	 0.026504517
 0.070159912	 0.026790619
 0.070257567	 0.026824951
 0.070356749	  0.02671814
 0.070454404	 0.026817322
 0.070549011	 0.027107239
 0.070654295	 0.027351379
  0.07075043	  0.02753067
  0.07084503	 0.027648926
 0.070942685	 0.027744293
 0.071040347	 0.027931213
 0.071134947	 0.028030396
 0.071234129	 0.027984619
 0.071331784	 0.028289795
 0.071432494	 0.028266907
 0.071527101	 0.028484344
 0.071627811	  0.02866745
 0.071725465	 0.028762817
 0.071821593	 0.028778076
 0.071919248	 0.028949738
  0.07201843	 0.029174805
 0.072113037	 0.029441833
 0.072210692	 0.029678345
 0.072309874	 0.029914856
 0.072409056	 0.029933929
 0.072503664	 0.030063629
 0.072602846	 0.030147552
 0.072703555	 0.030288696
 0.072798155	 0.030166626
  0.07289429	  0.03030777
 0.072993472	 0.030513763
   0.0730896	 0.030582428
 0.073187254	 0.030696869
 0.073284909	 0.030658722
 0.073382571	 0.030925751
 0.073477171	 0.031177521
 0.073577881	 0.031135559
 0.073677063	 0.031211853
  0.07377319	 0.031261444
 0.073872373	  0.03150177
 0.073971555	 0.031719208
 0.074063107	  0.03188324
 0.074165344	 0.032081604
 0.074261472	 0.032363892
 0.074357606	 0.032440186
 0.074453734	 0.032234192
 0.074554443	 0.032611847
 0.074650571	 0.033172607
 0.074749753	 0.033306122
 0.074848935	 0.033287048
 0.074946597	 0.033370972
 0.075041197	  0.03332901
 0.075138852	 0.033409119
 0.075234987	 0.032802582
 0.075332642	 0.032676697
 0.075433351	 0.033145905
 0.075532533	 0.033512115
 0.075625613	 0.034328461
 0.075723268	 0.035060883
 0.075820923	 0.035320282
 0.075921632	 0.035167694
 0.076019287	 0.035346985
 0.076113895	 0.035068512
 0.076210022	 0.035331726
 0.076306149	   0.0350914
 0.076405331	 0.035247803
 0.076509096	 0.035690308
 0.076605223	 0.036037445
 0.076701358	 0.036319733
 0.076795958	 0.036140442
 0.076896667	 0.036445618
 0.076991275	 0.036735535
 0.077090457	 0.036849976
 0.077188112	 0.037101746
 0.077285767	 0.037296295
 0.077381894	   0.0378685
 0.077482603	  0.03855896
 0.077578738	 0.039283752
 0.077676393	 0.038864136
 0.077774048	 0.039295197
 0.077871703	  0.03943634
 0.077969357	 0.038944244
  0.07806702	 0.038684845
 0.078163147	 0.038986206
 0.078260802	 0.039398193
 0.078359984	 0.040359497
 0.078457639	 0.040878296
 0.078556821	 0.041378021
 0.078652956	 0.041225433
  0.07875061	 0.041210175
  0.07885132	 0.041023254
 0.078942873	 0.041473389
 0.079043582	 0.041252136
 0.079138182	 0.042541504
 0.079237364	 0.043380737
 0.079333499	  0.04201889
 0.079437256	 0.040901184
 0.079528809	 0.040981293
 0.079629518	 0.040962219
 0.079725645	 0.041404724
 0.079824828	 0.041900635
 0.079920962	 0.042808533
 0.080020145	 0.042884827
 0.080114745	 0.042945862
 0.080213927	 0.044113159
 0.080308534	 0.045455933
 0.080410764	 0.046173096
 0.080511473	 0.046592712
 0.080606081	 0.046260834
 0.080700681	 0.046096802
 0.080799863	 0.046508789
 0.080895998	 0.047065735
  0.08099518	 0.047245026
  0.08108978	 0.047077179
 0.081188962	 0.047481537
 0.081286624	   0.0481987
 0.081387326	 0.048278809
 0.081483461	 0.048992157
 0.081581116	 0.049495697
  0.08167877	 0.049777985
 0.081777953	  0.05021286
 0.081874087	 0.051010132
  0.08197327	 0.051380157
  0.08206787	 0.051708221
 0.082165524	 0.050998688
 0.082263187	 0.052341461
 0.082363889	 0.052921295
 0.082460023	 0.052955627
 0.082557678	 0.052001953
 0.082653806	 0.053318024
 0.082751468	 0.053710938
 0.082849123	 0.052894592
 0.082948305	 0.052051544
 0.083044432	 0.053462982
 0.083142087	  0.05361557
 0.083239749	 0.054088593
 0.083340451	 0.055282593
 0.083438113	 0.056190491
 0.083532713	 0.058021545
 0.083628848	 0.059211731
 0.083731078	 0.058742523
 0.083821103	 0.058971405
 0.083921812	 0.055904388
 0.084017947	 0.056121826
 0.084118649	 0.056247711
 0.084216312	 0.057292938
 0.084318541	 0.055057526
 0.084413148	 0.052612305
 0.084509276	 0.053462982
 0.084605411	 0.053974152
 0.084706113	 0.054450989
  0.08480072	 0.054847717
 0.084896848	 0.055728912
  0.08499451	 0.057235718
 0.085090637	 0.059589386
 0.085192874	 0.060100555
 0.085289001	  0.06111145
 0.085388184	 0.062057495
 0.085482791	 0.062942505
 0.085586548	 0.063228607
 0.085682675	 0.064212799
 0.085775755	 0.063510895
  0.08587341	 0.062255859
 0.085971072	 0.062992096
 0.086068727	 0.063663483
 0.086161807	 0.066333771
 0.086267091	  0.06578064
 0.086364746	 0.068702698
 0.086459354	 0.074542999
 0.086558536	 0.079551697
 0.086654663	  0.09362793
 0.086753845	 0.095924377
 0.086846925	   0.1011467
  0.08694458	 0.099964142
 0.087043762	  0.10534668
 0.087141417	  0.10241699
 0.087242126	  0.10285187
 0.087336734	  0.10483551
 0.087432861	   0.1061058
 0.087535098	  0.11111832
  0.08763428	  0.11401749
  0.08772888	   0.1158638
 0.087825015	  0.12379837
 0.087924197	  0.12463379
 0.088020325	  0.13080978
 0.088111877	  0.13644028
 0.088217162	  0.14000702
 0.088316344	  0.14686966
 0.088415526	  0.13965225
 0.088510133	  0.14316177
 0.088606261	  0.14382935
 0.088703915	  0.14688873
 0.088801578	    0.152771
 0.088897705	  0.15826416
 0.088996887	  0.16027451
 0.089091495	  0.16250992
 0.089195251	  0.16313171
 0.089291379	  0.16302872
 0.089385986	  0.16032028
 0.089486696	  0.15269089
 0.089585878	  0.14648819
 0.089677431	  0.14429474
 0.089776613	  0.14881897
 0.089875795	  0.15665054
  0.08997345	  0.14595032
  0.09006653	  0.15230942
 0.090167239	  0.15029907
 0.090267941	  0.15415573
 0.090365604	  0.16730499
 0.090461731	  0.17108536
 0.090559386	  0.17054367
 0.090652466	  0.17617798
 0.090756223	   0.1768837
  0.09085083	  0.17522812
 0.090950012	  0.17555237
 0.091047667	  0.17778015
 0.091145322	  0.17676544
 0.091239929	  0.17900848
 0.091339111	  0.17923355
 0.091438293	  0.17964935
 0.091535948	  0.17986298
 0.091629028	  0.18014145
 0.091731265	   0.1801796
  0.09182892	  0.18063354
 0.091928102	   0.1809845
 0.092021182	  0.18130112
 0.092120364	  0.18135452
 0.092218019	  0.18180847
 0.092317201	  0.18225098
 0.092411801	  0.18254852
 0.092510983	   0.1827507
 0.092607118	  0.18306351
 0.092709348	  0.18331528
 0.092802428	  0.18367767
 0.092900082	  0.18403244
 0.092996217	  0.18424988
 0.093099974	  0.18458939
 0.093193054	  0.18470764
 0.093289182	  0.18547821
 0.093389891	  0.18574905
 0.093487546	  0.18601608
 0.093583681	  0.18622971
  0.09368439	  0.18660736
 0.093780518	  0.18684769
 0.093875125	  0.18717194
 0.093974307	  0.18738174
 0.094073489	   0.1877327
 0.094168089	  0.18795776
 0.094265744	  0.18814468
 0.094363406	  0.18835831
 0.094464108	  0.18867111
 0.094560243	  0.18889618
 0.094659425	  0.18915558
 0.094755553	  0.18948746
 0.094854735	  0.18965912
  0.09495087	  0.18985748
 0.095051572	  0.19021606
 0.095147707	   0.1903801
 0.095246889	  0.19072723
 0.095339969	  0.19098663
 0.095439151	  0.19120407
 0.095535278	  0.19145203
 0.095632933	   0.1917305
 0.095732115	  0.19197845
 0.095831297	  0.19225693
 0.095924377	  0.19254684
 0.096026614	  0.19274139
 0.096121214	  0.19297409
 0.096218869	  0.19332504
 0.096316531	  0.19367599
 0.096415713	  0.19382477
 0.096508786	  0.19400406
 0.096611023	  0.19426346
 0.096710205	  0.19469452
  0.09680786	  0.19477463
 0.096902467	   0.1950798
 0.097001649	  0.19537735
 0.097096249	  0.19561768
 0.097195432	  0.19587708
 0.097294614	  0.19619751
 0.097393796	  0.19639969
 0.097486876	  0.19662476
 0.097589113	  0.19693375
 0.097683713	  0.19708633
 0.097781375	  0.19740295
 0.097872928	  0.19761276
 0.097979739	  0.19796371
 0.098074339	  0.19823837
 0.098168947	  0.19845963
 0.098269656	   0.1986618
 0.098367311	  0.19898224
 0.098464966	  0.19919205
 0.098564148	  0.19939041
 0.098660275	  0.19969559
 0.098757938	   0.1999054
 0.098852538	  0.20007324
 0.098953247	  0.20036697
 0.099049374	  0.20075989
 0.099147037	  0.20107651
 0.099244691	  0.20133209
 0.099342346	  0.20147705
 0.099438474	  0.20169449
 0.099539183	  0.20193863
 0.099636838	  0.20215225
   0.0997345	   0.2025032
 0.099832155	  0.20277405
  0.09992981	   0.2029686
 0.099996947	  0.20324326
 0.099996947	  0.20350266
 0.099996947	   0.2036972
