-0.099542238	  -0.2071991
-0.099446103	  -0.2069931
-0.099348448	 -0.20678711
-0.099253848	  -0.2065773
-0.099156186	 -0.20637894
-0.099057004	  -0.2061615
-0.098959349	 -0.20595551
-0.098861694	  -0.2057457
 -0.09876404	  -0.2055397
-0.098666385	 -0.20533752
-0.098568723	 -0.20513535
-0.098471068	 -0.20492935
-0.098376468	 -0.20471191
-0.098277286	 -0.20449829
-0.098179623	 -0.20429611
-0.098083496	 -0.20407867
-0.097982787	 -0.20387268
-0.097888187	 -0.20366287
-0.097790524	 -0.20346069
 -0.09769287	 -0.20324707
 -0.09759216	 -0.20303726
 -0.09749756	 -0.20283508
-0.097399905	 -0.20262527
-0.097302243	 -0.20241928
-0.097204588	 -0.20221329
-0.097106934	 -0.20199966
-0.097009279	 -0.20179749
-0.096908569	 -0.20157623
-0.096817017	 -0.20137787
-0.096716307	 -0.20116043
-0.096617125	 -0.20096588
-0.096520998	 -0.20075989
-0.096420288	 -0.20055771
-0.096325681	 -0.20035172
-0.096229553	 -0.20013809
-0.096130371	 -0.19992447
-0.096031189	 -0.19971466
-0.095938109	 -0.19950485
-0.095837399	 -0.19930649
-0.095741272	 -0.19911575
-0.095645145	 -0.19889832
-0.095547482	 -0.19869995
-0.095449828	 -0.19849396
-0.095349118	 -0.19826508
-0.095251463	 -0.19806671
-0.095153809	 -0.19784546
-0.095056154	 -0.19764328
-0.094958499	 -0.19743729
-0.094862364	 -0.19724274
-0.094761655	 -0.19702148
-0.094665527	 -0.19682312
 -0.09457092	 -0.19660568
-0.094470218	 -0.19639587
-0.094371036	 -0.19618607
-0.094277956	 -0.19599533
-0.094178773	 -0.19577789
-0.094079591	  -0.1955719
-0.093981937	 -0.19536591
-0.093887329	  -0.1951561
 -0.09378662	 -0.19495392
-0.093688965	 -0.19474792
-0.093594357	 -0.19455338
-0.093496703	 -0.19433594
 -0.09339752	 -0.19412613
-0.093301393	 -0.19391632
-0.093200684	  -0.1937027
-0.093103029	  -0.1934967
-0.093008421	 -0.19328308
-0.092907712	 -0.19309616
-0.092811584	 -0.19288254
-0.092715457	 -0.19268799
-0.092617795	 -0.19248199
-0.092518613	 -0.19226074
-0.092419431	 -0.19205856
-0.092324831	 -0.19185257
-0.092225648	 -0.19164658
-0.092129514	 -0.19143677
-0.092030331	 -0.19121933
-0.091934204	 -0.19102859
-0.091836549	 -0.19081879
-0.091737367	 -0.19061661
-0.091641232	  -0.1904068
-0.091543578	 -0.19020844
-0.091444395	   -0.189991
-0.091348268	 -0.18979645
-0.091250613	  -0.1895752
-0.091151431	 -0.18936539
-0.091055296	 -0.18916702
-0.090962216	 -0.18896484
-0.090859987	 -0.18874359
-0.090762332	 -0.18854523
-0.090667725	 -0.18833923
-0.090567015	  -0.1881218
 -0.09046936	 -0.18792725
-0.090371706	 -0.18772125
-0.090274051	 -0.18752289
-0.090174869	 -0.18731308
-0.090077206	 -0.18709946
-0.089984134	 -0.18689728
-0.089883424	 -0.18667603
 -0.08978577	 -0.18647766
-0.089689635	 -0.18626404
-0.089593507	 -0.18606567
-0.089492798	 -0.18586349
-0.089395143	 -0.18564987
-0.089300536	 -0.18543625
-0.089199826	 -0.18523788
-0.089103699	 -0.18502808
-0.089010619	 -0.18482208
-0.088906862	 -0.18461609
-0.088810727	  -0.1844101
  -0.0887146	 -0.18420792
-0.088615417	 -0.18398666
-0.088517763	 -0.18378448
-0.088423155	 -0.18357849
-0.088320926	 -0.18336487
-0.088221744	 -0.18315887
-0.088125609	 -0.18294525
-0.088031009	 -0.18275452
-0.087933347	 -0.18253326
-0.087831117	  -0.1823349
-0.087738037	 -0.18212891
-0.087640382	  -0.1819191
  -0.0875412	 -0.18170929
-0.087442018	 -0.18150711
-0.087347411	  -0.1812973
-0.087249756	 -0.18109894
-0.087153628	 -0.18087769
-0.087054446	 -0.18068314
-0.086955264	  -0.1804657
-0.086859129	 -0.18025589
-0.086761475	 -0.18006134
-0.086665347	 -0.17985916
-0.086566165	 -0.17964172
-0.086468503	 -0.17944336
-0.086372375	 -0.17923737
-0.086271666	 -0.17901993
-0.086178586	 -0.17882156
-0.086080931	 -0.17861557
-0.085981749	 -0.17840958
 -0.08588104	  -0.1782074
-0.085784912	 -0.17800903
-0.085690305	 -0.17780304
-0.085589603	 -0.17758179
-0.085494995	 -0.17738724
 -0.08539734	 -0.17717361
-0.085296631	 -0.17696381
-0.085198976	 -0.17676926
-0.085102841	 -0.17654419
-0.085003659	 -0.17634583
-0.084909059	 -0.17613983
-0.084814452	 -0.17593384
-0.084713742	 -0.17572784
 -0.08461304	 -0.17551422
 -0.08451996	 -0.17531967
-0.084417723	 -0.17510986
-0.084320068	 -0.17490005
-0.084222414	 -0.17469025
-0.084127806	 -0.17449951
-0.084028624	 -0.17427826
-0.083929442	 -0.17408752
-0.083834842	 -0.17386627
 -0.08373718	 -0.17367172
-0.083639525	 -0.17345428
 -0.08354187	 -0.17325592
-0.083445743	  -0.1730423
-0.083346561	 -0.17284393
-0.083248898	 -0.17263794
-0.083151244	 -0.17243576
-0.083050534	 -0.17222214
-0.082957461	 -0.17201614
-0.082861327	 -0.17181015
-0.082760617	 -0.17160797
-0.082662962	 -0.17140579
-0.082566835	 -0.17119598
  -0.0824707	 -0.17099762
-0.082369998	 -0.17079163
-0.082269289	   -0.170578
-0.082180783	 -0.17037582
-0.082075499	  -0.1701622
-0.081980899	 -0.16995621
-0.081881717	 -0.16975403
-0.081787109	 -0.16955566
  -0.0816864	 -0.16934967
  -0.0815918	 -0.16913605
-0.081494138	 -0.16892624
-0.081393436	 -0.16872406
-0.081295773	 -0.16851807
-0.081195071	 -0.16831207
-0.081097409	 -0.16809845
-0.081002809	 -0.16789246
-0.080905154	 -0.16769028
-0.080807492	  -0.1674881
-0.080712892	 -0.16727829
-0.080615237	 -0.16707993
-0.080514528	 -0.16686249
-0.080413818	 -0.16666412
-0.080319211	 -0.16645432
-0.080224611	 -0.16625595
-0.080123901	 -0.16603851
-0.080029294	 -0.16584015
-0.079930112	 -0.16563797
-0.079833984	 -0.16543198
 -0.07973633	  -0.1652298
-0.079638675	  -0.1650238
-0.079537965	 -0.16481018
-0.079440311	   -0.164608
-0.079342648	 -0.16440201
-0.079248048	 -0.16419983
-0.079150394	 -0.16399765
-0.079052731	 -0.16378784
-0.078956604	 -0.16358185
-0.078852847	 -0.16337204
-0.078756712	 -0.16317749
-0.078659058	 -0.16296005
 -0.07856445	 -0.16275406
-0.078465268	 -0.16255951
-0.078370668	  -0.1623497
-0.078271486	 -0.16213989
-0.078173831	 -0.16194153
-0.078076169	 -0.16172409
-0.077981569	 -0.16152954
-0.077879332	 -0.16131973
-0.077783205	 -0.16110992
 -0.07768555	 -0.16089249
-0.077587888	 -0.16070175
-0.077485658	 -0.16049194
-0.077395633	 -0.16028976
-0.077294923	 -0.16008377
-0.077197269	 -0.15988159
-0.077101134	 -0.15967941
-0.077005006	  -0.1594696
-0.076904297	 -0.15926743
-0.076806642	 -0.15906143
 -0.07670746	 -0.15885925
 -0.07661438	 -0.15864944
-0.076512143	 -0.15843964
-0.076417543	 -0.15824127
-0.076318361	 -0.15804291
-0.076223753	  -0.1578331
-0.076119997	 -0.15763092
-0.076028444	 -0.15742111
-0.075927734	 -0.15721512
 -0.07583008	 -0.15701294
-0.075730897	 -0.15680695
-0.075637817	 -0.15660477
-0.075540163	 -0.15641022
-0.075442508	 -0.15619659
-0.075344846	 -0.15599442
-0.075247191	 -0.15578461
-0.075148009	 -0.15557861
-0.075051881	 -0.15537262
-0.074951172	   -0.155159
-0.074855044	 -0.15496063
-0.074755862	 -0.15475464
-0.074661255	 -0.15454483
-0.074560545	 -0.15434647
-0.074468993	  -0.1541481
-0.074368283	 -0.15393829
-0.074273683	 -0.15372849
-0.074172974	 -0.15353775
-0.074076846	 -0.15332413
-0.073976137	 -0.15312195
-0.073878482	 -0.15291595
  -0.0737793	 -0.15270615
 -0.07368622	 -0.15250778
-0.073587038	 -0.15230179
 -0.07349243	 -0.15209198
-0.073394775	 -0.15188599
-0.073297121	 -0.15168381
-0.073196411	 -0.15148163
-0.073101804	 -0.15127563
-0.073001102	 -0.15106964
-0.072906494	 -0.15087128
-0.072805785	  -0.1506691
 -0.07270813	 -0.15046692
 -0.07260742	  -0.1502533
-0.072517395	 -0.15005493
-0.072418213	 -0.14984512
-0.072320558	 -0.14964294
-0.072219849	 -0.14944458
-0.072125241	 -0.14923859
-0.072021484	 -0.14902878
-0.071926877	 -0.14882278
-0.071827695	 -0.14860535
 -0.07173004	 -0.14839935
-0.071633913	 -0.14820099
-0.071539305	 -0.14800262
-0.071438596	 -0.14780045
-0.071342468	 -0.14759064
-0.071244814	 -0.14737701
-0.071151733	 -0.14719391
-0.071047977	 -0.14697647
-0.070950314	 -0.14676666
 -0.07085266	 -0.14654922
 -0.07075806	  -0.1463623
-0.070660397	 -0.14615631
 -0.07056427	 -0.14595032
-0.070468143	 -0.14573669
-0.070367433	 -0.14554596
-0.070269778	 -0.14533615
-0.070175171	 -0.14513397
-0.070072934	 -0.14492416
-0.069973752	 -0.14472198
-0.069876097	 -0.14451218
-0.069781497	    -0.14431
-0.069683835	   -0.144104
 -0.06958618	 -0.14391327
-0.069490053	 -0.14370346
-0.069395445	 -0.14349747
-0.069294736	 -0.14329529
-0.069197081	 -0.14308929
-0.069097899	  -0.1428833
-0.069000244	 -0.14268494
-0.068901062	  -0.1424675
-0.068807982	 -0.14226151
-0.068704225	  -0.1420517
-0.068609618	 -0.14185333
-0.068511963	 -0.14165497
-0.068417355	 -0.14144135
-0.068316653	 -0.14124298
-0.068223573	 -0.14103699
-0.068121336	 -0.14084625
-0.068023682	 -0.14064026
-0.067926027	 -0.14041519
-0.067829892	 -0.14022827
-0.067733765	 -0.14001465
-0.067637637	 -0.13982391
-0.067538455	 -0.13961792
-0.067439273	  -0.1394043
-0.067340091	 -0.13920593
-0.067245483	 -0.13900375
-0.067144774	 -0.13879776
-0.067047119	 -0.13859558
-0.066949464	 -0.13839722
-0.066854857	 -0.13818359
-0.066754147	 -0.13798523
-0.066653445	 -0.13778687
-0.066558838	 -0.13757324
 -0.06646423	 -0.13736725
-0.066363528	 -0.13715363
-0.066273496	 -0.13694763
-0.066171266	 -0.13674545
-0.066073611	  -0.1365509
-0.065974429	 -0.13633728
-0.065879822	  -0.1361351
 -0.06578064	 -0.13593292
-0.065682985	 -0.13572311
-0.065583803	 -0.13552856
-0.065486148	 -0.13532257
-0.065390013	 -0.13510895
-0.065295413	 -0.13491821
-0.065191649	 -0.13470459
-0.065095522	 -0.13450241
-0.064997867	 -0.13430023
-0.064904787	 -0.13410568
-0.064804077	 -0.13389587
 -0.06470947	 -0.13368607
-0.064611815	 -0.13348389
-0.064512633	 -0.13327789
-0.064413451	 -0.13307953
-0.064317323	 -0.13287735
-0.064221188	 -0.13267517
-0.064123534	 -0.13247299
-0.064022824	 -0.13226318
-0.063925169	   -0.132061
-0.063829042	 -0.13186264
-0.063734435	 -0.13164902
-0.063633725	 -0.13145447
-0.063537598	 -0.13123322
-0.063436888	 -0.13103104
-0.063345335	 -0.13083649
-0.063243106	 -0.13063049
-0.063143924	  -0.1304245
-0.063044742	 -0.13021088
-0.062951662	  -0.1300087
-0.062850952	 -0.12980652
-0.062756345	 -0.12960815
 -0.06265869	 -0.12940216
-0.062561035	  -0.1292038
 -0.06246338	  -0.1289978
-0.062365722	 -0.12879181
 -0.06226654	 -0.12858582
-0.062170409	  -0.1283989
-0.062072754	  -0.1281929
-0.061975099	 -0.12798691
-0.061875917	 -0.12778473
 -0.06178131	 -0.12757874
-0.061685182	 -0.12737274
-0.061584473	 -0.12716675
-0.061485291	  -0.1269455
 -0.06139221	 -0.12675095
-0.061285399	 -0.12654114
-0.061192323	 -0.12633896
-0.061094664	 -0.12613678
-0.060995482	 -0.12593079
-0.060897827	 -0.12573242
-0.060803223	 -0.12552643
-0.060705565	 -0.12533188
-0.060610961	 -0.12513733
-0.060510255	 -0.12492371
-0.060415648	 -0.12472534
-0.060311891	 -0.12451553
-0.060220338	 -0.12430573
-0.060119629	 -0.12410736
-0.060021974	 -0.12390137
-0.059921265	 -0.12371063
-0.059829712	 -0.12350464
-0.059732057	 -0.12329865
-0.059631348	 -0.12308502
-0.059535217	 -0.12288666
-0.059439085	 -0.12270355
 -0.05933838	  -0.1224823
-0.059240721	 -0.12227249
-0.059140015	 -0.12208939
-0.059048463	 -0.12188339
 -0.05894623	 -0.12166977
-0.058854677	 -0.12146378
 -0.05875244	 -0.12125778
-0.058657836	 -0.12105942
-0.058558654	 -0.12086105
-0.058462523	 -0.12065125
-0.058364868	 -0.12044525
-0.058265686	 -0.12023163
-0.058164977	 -0.12002563
  -0.0580719	 -0.11983109
-0.057971191	 -0.11963654
-0.057878114	 -0.11944199
-0.057778932	 -0.11923218
-0.057681274	 -0.11902618
-0.057583619	 -0.11883545
-0.057489015	 -0.11861801
-0.057385255	 -0.11841965
-0.057287596	 -0.11820984
-0.057192992	 -0.11802673
 -0.05709381	 -0.11782455
-0.056996156	 -0.11761475
-0.056900024	 -0.11742401
-0.056805421	 -0.11720276
-0.056707762	 -0.11698914
-0.056607056	 -0.11678314
-0.056509398	 -0.11658478
-0.056407165	 -0.11637115
-0.056315612	 -0.11616516
-0.056213379	  -0.1159668
-0.056120299	 -0.11571884
-0.056019593	 -0.11553955
-0.055924989	  -0.1153183
-0.055825807	 -0.11513138
-0.055728149	 -0.11492538
-0.055630494	 -0.11472702
-0.055537414	 -0.11452866
-0.055435181	 -0.11433411
-0.055337526	 -0.11413574
-0.055239867	 -0.11392593
-0.055145264	 -0.11373138
-0.055041503	 -0.11353302
-0.054946899	 -0.11332703
-0.054849245	 -0.11312103
-0.054753114	 -0.11292648
-0.054653931	  -0.1127243
  -0.0545578	 -0.11251831
-0.054461669	 -0.11229324
-0.054364014	 -0.11210632
-0.054264832	 -0.11190033
-0.054167174	 -0.11170197
-0.054066468	 -0.11148453
-0.053971864	 -0.11129379
-0.053874206	 -0.11107635
-0.053775024	 -0.11090088
-0.053678893	 -0.11067581
-0.053584289	 -0.11048889
-0.053483583	 -0.11026764
-0.053387452	 -0.11008072
-0.053291321	 -0.10987854
-0.053192139	 -0.10967255
-0.053091429	 -0.10945892
-0.052996825	 -0.10925674
-0.052897643	 -0.10905838
-0.052801512	 -0.10885239
 -0.05270233	 -0.10863876
-0.052609254	 -0.10845184
-0.052505493	 -0.10823822
-0.052410889	 -0.10803986
-0.052311707	 -0.10783386
-0.052214049	 -0.10762787
-0.052116394	 -0.10741425
 -0.05202179	 -0.10720062
-0.051922608	 -0.10697174
 -0.05182495	 -0.10674286
-0.051728822	 -0.10655594
-0.051631164	 -0.10636902
-0.051530458	 -0.10619736
-0.051434327	 -0.10599899
-0.051339723	   -0.105793
-0.051240541	 -0.10559845
-0.051142883	 -0.10538101
-0.051042177	 -0.10519028
-0.050946046	 -0.10498047
-0.050849915	 -0.10477066
-0.050750732	 -0.10455704
-0.050656129	 -0.10435867
-0.050555419	 -0.10415649
-0.050457764	 -0.10396576
-0.050360106	 -0.10375977
-0.050263979	  -0.1035614
 -0.05016632	 -0.10335159
-0.050068665	 -0.10314178
-0.049969483	 -0.10293961
-0.049871825	 -0.10275269
 -0.04977417	 -0.10251617
 -0.04968109	 -0.10231781
-0.049581908	 -0.10211945
 -0.04948578	 -0.10193634
-0.049385071	 -0.10172272
 -0.04928894	 -0.10152435
-0.049188234	 -0.10131454
-0.049093626	 -0.10110474
-0.048995972	 -0.10090256
-0.048898317	 -0.10070038
-0.048797607	 -0.10048676
-0.048704527	 -0.10029602
-0.048602294	  -0.1000824
 -0.04850769	-0.099887848
-0.048408508	-0.099666595
-0.048312377	-0.099460602
-0.048213195	-0.099277496
-0.048118591	-0.099071503
-0.048019409	-0.098873138
-0.047920227	-0.098670959
-0.047824096	-0.098442078
-0.047726441	-0.098255157
-0.047628783	-0.098041534
-0.047531128	-0.097858429
-0.047436524	-0.097640991
-0.047338866	-0.097450256
-0.047236633	-0.097240448
-0.047140501	-0.097026825
-0.047042847	-0.096824646
-0.046945192	-0.096622467
-0.046850584	-0.096412659
 -0.04675293	-0.096233368
 -0.04665222	-0.096008301
-0.046554565	-0.095802307
-0.046456911	-0.095600128
 -0.04636078	-0.095420837
-0.046261597	-0.095176697
-0.046166994	-0.094993591
-0.046069335	-0.094783783
-0.045970153	-0.094585419
-0.045872498	 -0.09438324
 -0.04577484	 -0.09419632
-0.045675658	-0.093994141
-0.045581054	-0.093803406
-0.045481872	-0.093589783
-0.045385741	-0.093387604
-0.045285035	 -0.09318161
-0.045188904	-0.092987061
-0.045091249	-0.092773438
-0.044995118	-0.092563629
-0.044897459	 -0.09236145
-0.044799805	-0.092178345
-0.044700623	-0.091957092
-0.044607542	-0.091754913
-0.044505309	-0.091571808
-0.044409178	-0.091365814
-0.044308472	-0.091163635
-0.044213869	-0.090965271
 -0.04411621	-0.090755463
-0.044017028	-0.090557098
-0.043920897	-0.090328217
 -0.04382477	-0.090145111
-0.043725587	-0.089927673
-0.043626405	-0.089733124
-0.043531798	-0.089546204
-0.043431092	-0.089344025
 -0.04333191	-0.089134216
-0.043237306	-0.088947296
-0.043141175	-0.088733673
-0.043041993	-0.088539124
-0.042942811	-0.088329315
-0.042849731	-0.088119507
-0.042749025	-0.087921143
-0.042651366	-0.087738037
-0.042553712	-0.087532043
-0.042456053	-0.087310791
-0.042361449	-0.087093353
-0.042263795	-0.086925507
-0.042163085	-0.086719513
 -0.04206543	-0.086524963
-0.041969299	 -0.08631134
-0.041873168	 -0.08612442
-0.041772462	-0.085891724
-0.041674804	-0.085689545
-0.041578673	-0.085483551
-0.041481018	-0.085289001
-0.041381836	-0.085086823
-0.041287232	-0.084880829
-0.041189574	-0.084667206
-0.041090392	-0.084468842
-0.040991209	-0.084262848
-0.040896606	-0.084068298
-0.040797424	-0.083854675
-0.040704347	-0.083641052
-0.040603638	-0.083431244
-0.040507507	-0.083236694
-0.040408324	-0.083045959
-0.040309142	-0.082817078
 -0.04020996	-0.082626343
-0.040112305	-0.082431793
-0.040017702	-0.082241058
-0.039924622	-0.082038879
-0.039819337	-0.081829071
-0.039723206	-0.081642151
-0.039625548	-0.081424713
-0.039526366	-0.081233978
-0.039428711	-0.081005096
-0.039334107	-0.080818176
-0.039236449	-0.080596924
-0.039141845	-0.080413818
-0.039039612	-0.080200195
-0.038945008	-0.080013275
-0.038845826	-0.079799652
-0.038748167	-0.079574585
-0.038648985	-0.079391479
-0.038552858	-0.079185486
-0.038456727	-0.078983307
-0.038357545	-0.078781128
-0.038259886	-0.078578949
 -0.03815918	-0.078369141
-0.038064577	-0.078170776
-0.037969969	-0.077972412
-0.037866212	-0.077766418
 -0.03777466	-0.077560425
-0.037677001	-0.077342987
-0.037576295	-0.077171326
-0.037478637	-0.076953888
-0.037384033	-0.076759338
-0.037283324	-0.076538086
-0.037187196	 -0.07635498
-0.037091065	-0.076141357
-0.036993407	-0.075931549
-0.036892701	-0.075744629
-0.036798097	-0.075546265
-0.036697388	-0.075344086
-0.036602784	-0.075149536
-0.036505125	-0.074935913
-0.036408998	-0.074745178
-0.036308289	 -0.07452774
-0.036209106	-0.074329376
-0.036114503	-0.074123383
-0.036018372	-0.073917389
-0.035916138	 -0.07371521
-0.035821535	 -0.07352066
-0.035723876	-0.073318481
-0.035626221	-0.073127747
-0.035525512	-0.072917938
-0.035430908	-0.072727203
-0.035330199	 -0.07252121
-0.035235595	-0.072311401
-0.035136413	-0.072116852
-0.035043336	-0.071914673
-0.034939576	 -0.07170105
-0.034848023	-0.071510315
-0.034750365	-0.071304321
-0.034649659	-0.071113586
   -0.034552	-0.070899963
-0.034454346	-0.070709229
-0.034356691	-0.070503235
-0.034259032	-0.070304871
-0.034164429	-0.070095062
-0.034065247	-0.069892883
-0.033967592	-0.069690704
 -0.03386841	-0.069499969
-0.033772279	-0.069301605
 -0.03367462	-0.069087982
-0.033576965	-0.068885803
-0.033477783	-0.068687439
-0.033381652	-0.068489075
-0.033279419	 -0.06829071
-0.033184815	-0.068084717
-0.033088684	-0.067878723
-0.032991029	-0.067672729
-0.032894898	-0.067485809
-0.032794189	-0.067272186
-0.032698058	-0.067073822
-0.032600403	-0.066871643
-0.032501221	-0.066673279
-0.032403566	 -0.06646347
-0.032308958	-0.066268921
-0.032208253	-0.066062927
  -0.0321167	-0.065868378
-0.032012939	-0.065658569
-0.031913757	-0.065467834
-0.031820677	-0.065258026
 -0.03172455	-0.065067291
-0.031622313	-0.064857483
-0.031527709	-0.064659119
-0.031428527	 -0.06445694
-0.031329345	-0.064247131
 -0.03123169	-0.064044952
-0.031135559	-0.063846588
-0.031036377	-0.063644409
-0.030937195	-0.063446045
-0.030845642	-0.063240051
-0.030744934	-0.063037872
-0.030647278	-0.062843323
-0.030551147	-0.062637329
-0.030453492	-0.062431335
-0.030352782	-0.062229156
 -0.03026123	-0.062034607
-0.030157471	-0.061828613
-0.030065918	-0.061626434
-0.029963683	 -0.06142807
-0.029870605	-0.061225891
-0.029769897	-0.061031342
-0.029672241	-0.060825348
-0.029574584	 -0.06061554
 -0.02947998	-0.060417175
 -0.02937622	-0.060214996
-0.029284667	-0.060009003
-0.029185485	-0.059814453
 -0.02908783	-0.059619904
-0.028988648	-0.059425354
-0.028892517	-0.059215546
 -0.02879486	-0.059028625
-0.028694153	-0.058822632
-0.028601075	-0.058612823
-0.028497314	-0.058414459
-0.028399657	-0.058216095
-0.028305054	-0.058017731
-0.028213501	-0.057811737
-0.028111268	-0.057601929
-0.028012086	 -0.05739975
-0.027919006	-0.057201385
-0.027816772	-0.057010651
-0.027720641	-0.056797028
-0.027619934	-0.056606293
-0.027523804	-0.056404114
-0.027426148	 -0.05620575
-0.027331542	-0.056003571
-0.027233887	-0.055805206
-0.027136231	-0.055595398
-0.027038574	-0.055397034
-0.026942443	-0.055202484
-0.026837159	-0.054988861
-0.026745606	-0.054801941
-0.026646424	-0.054588318
-0.026551818	-0.054382324
-0.026449585	-0.054199219
 -0.02635498	-0.053993225
-0.026257325	-0.053794861
-0.026159668	-0.053604126
-0.026062012	-0.053398132
-0.025967408	-0.053199768
-0.025865173	-0.052993774
-0.025765991	 -0.05279541
-0.025669862	-0.052585602
 -0.02557373	-0.052383423
-0.025476074	-0.052188873
-0.025378417	 -0.05198288
 -0.02527771	-0.051773071
-0.025187682	-0.051570892
-0.025085449	-0.051383972
-0.024987793	-0.051174164
-0.024890136	-0.050971985
-0.024794007	-0.050777435
-0.024693299	-0.050571442
-0.024600219	-0.050373077
-0.024497986	-0.050170898
-0.024404908	-0.049976349
-0.024308776	-0.049777985
-0.024212647	-0.049564362
-0.024111938	-0.049362183
-0.024015808	-0.049167633
-0.023912048	-0.048965454
-0.023812866	-0.048755646
-0.023716737	-0.048561096
-0.023623656	-0.048362732
-0.023524474	-0.048168182
-0.023428345	-0.047962189
-0.023330688	-0.047756195
-0.023233032	-0.047554016
-0.023135375	-0.047367096
 -0.02303772	-0.047164917
-0.022938538	-0.046958923
-0.022842407	-0.046760559
-0.022744751	-0.046550751
-0.022647094	-0.046352386
-0.022547912	-0.046150208
-0.022454834	-0.045944214
-0.022354126	-0.045742035
-0.022253418	-0.045547485
-0.022158813	-0.045341492
-0.022062683	-0.045139313
-0.021963501	-0.044937134
-0.021865845	-0.044742584
-0.021766663	-0.044532776
-0.021669006	-0.044330597
-0.021571349	-0.044139862
 -0.02147522	-0.043933868
-0.021377563	-0.043735504
-0.021279907	-0.043525696
-0.021183778	-0.043346405
-0.021084595	-0.043121338
-0.020985413	-0.042926788
-0.020889282	-0.042720795
-0.020791626	 -0.04253006
-0.020692443	-0.042320251
-0.020594787	-0.042125702
-0.020501709	-0.041912079
-0.020404052	-0.041725159
 -0.02030487	 -0.04152298
-0.020205688	-0.041313171
-0.020108033	-0.041122437
-0.020010376	-0.040908813
 -0.01991272	-0.040710449
-0.019815063	-0.040512085
-0.019720459	-0.040317535
-0.019619752	-0.040111542
-0.019525146	-0.039909363
-0.019427489	-0.039707184
-0.019329835	 -0.03950119
-0.019229125	-0.039310455
 -0.01913147	-0.039100647
-0.019033814	-0.038906097
-0.018936157	-0.038696289
-0.018838501	-0.038497925
-0.018740844	-0.038291931
-0.018643189	-0.038101196
-0.018547058	-0.037902832
-0.018447876	-0.037689209
-0.018351745	-0.037490845
 -0.01825409	 -0.03730011
-0.018157959	-0.037109375
-0.018058777	-0.036888123
-0.017959595	-0.036689758
-0.017861938	 -0.03647995
-0.017767334	-0.036281586
-0.017666627	-0.036083221
-0.017570496	-0.035892487
-0.017474364	-0.035682678
 -0.01737671	-0.035488129
-0.017280579	 -0.03528595
-0.017184447	-0.035083771
-0.017082214	-0.034881592
-0.016986083	-0.034683228
-0.016888428	-0.034473419
-0.016790772	 -0.03427887
-0.016693115	-0.034072876
-0.016598511	-0.033878326
-0.016499329	-0.033676147
-0.016400147	-0.033473969
-0.016304016	 -0.03327179
-0.016207885	-0.033065796
-0.016105652	-0.032871246
-0.016009521	-0.032669067
-0.015910339	-0.032459259
-0.015814209	-0.032272339
-0.015716553	-0.032062531
-0.015618896	 -0.03187561
-0.015522766	-0.031661987
-0.015426636	-0.031459808
-0.015327454	-0.031261444
-0.015228271	-0.031059265
-0.015130615	 -0.03086853
-0.015032959	-0.030666351
-0.014933777	-0.030456543
-0.014840698	-0.030250549
 -0.01473999	-0.030052185
-0.014646912	 -0.02986145
 -0.01454773	-0.029670715
-0.014447021	-0.029453278
-0.014352417	-0.029251099
-0.014254761	-0.029052734
-0.014154052	 -0.02885437
-0.014056397	-0.028648376
-0.013961792	-0.028453827
-0.013864135	-0.028259277
-0.013764953	-0.028049469
-0.013668823	-0.027854919
-0.013571167	-0.027656555
-0.013473511	-0.027450562
-0.013377381	-0.027240753
-0.013278198	-0.027042389
-0.013179016	-0.026847839
-0.013082886	 -0.02664566
-0.012983704	-0.026451111
-0.012887573	-0.026237488
 -0.01278534	-0.026046753
-0.012695313	-0.025844574
-0.012594605	 -0.02564621
-0.012496948	-0.025436401
-0.012399292	-0.025241852
-0.012303161	-0.025039673
-0.012203979	-0.024841309
-0.012106324	 -0.02463913
-0.012007141	-0.024440765
 -0.01191101	-0.024234772
-0.011813355	-0.024047852
-0.011717224	-0.023845673
-0.011621093	-0.023647308
-0.011523438	-0.023448944
-0.011424256	 -0.02324295
-0.011328125	-0.023044586
-0.011227417	-0.022846222
-0.011131287	-0.022651672
-0.011032104	-0.022441864
-0.010934448	 -0.02223587
-0.010836792	-0.022041321
-0.010740662	-0.021842957
-0.010644531	-0.021644592
-0.010546875	-0.021434784
-0.010446167	-0.021247864
-0.010351563	  -0.0210495
-0.010253906	-0.020843506
-0.010153199	-0.020645142
-0.010058594	-0.020450592
-0.0099594118	-0.020240784
-0.0098617552	-0.020038605
-0.009765625	-0.019836426
-0.0096679684	-0.019645691
-0.0095703127	-0.019439697
-0.0094726561	-0.019245148
-0.0093780514	-0.019042969
-0.0092742918	-0.018836975
-0.0091781616	-0.018638611
-0.0090789795	-0.018436432
-0.0089859013	-0.018245697
-0.0088851927	-0.018043518
-0.0087890625	-0.017845154
-0.0086914059	-0.017658234
-0.0085937502	-0.017440796
-0.0084945681	-0.017238617
-0.0084014889	-0.017047882
-0.0082977293	-0.016845703
-0.0082031246	-0.016639709
-0.0081069944	-0.016452789
-0.0080108643	-0.016246796
-0.0079101566	-0.016040802
-0.0078140255	-0.015853882
-0.0077148438	-0.015655518
-0.0076202392	-0.015449524
-0.007521057	 -0.01525116
-0.0074249269	-0.015045166
-0.0073211668	-0.014846802
-0.0072265626	-0.014644623
-0.0071273805	-0.014442444
-0.0070312498	-0.014251709
-0.0069335937	 -0.01404953
-0.0068389894	-0.013851166
-0.0067398073	-0.013645172
-0.0066406252	-0.013450623
-0.0065414431	-0.013252258
-0.0064498903	-0.013061523
-0.0063491822	-0.012851715
-0.0062500001	-0.012657166
-0.0061553954	-0.012458801
-0.0060577393	-0.012268066
-0.0059585571	-0.012054443
-0.0058624269	-0.011863708
-0.0057647703	-0.011657715
-0.0056640627	-0.011447906
-0.0055664061	-0.011260986
-0.0054733278	-0.011058807
-0.0053726197	-0.010860443
-0.0052734376	-0.010673523
-0.0051788329	-0.010471344
-0.0050811768	 -0.01027298
-0.0049819946	 -0.01007843
-0.0048858644	-0.0098800659
-0.0047882078	-0.0096702576
-0.0046844482	-0.0094680786
-0.0045928955	-0.0092773438
-0.0045013428	-0.0090637207
-0.0043975832	-0.0088768005
-0.0043014525	-0.008682251
-0.0042022704	-0.0084877014
-0.0041061402	-0.0082817078
-0.0040054321	-0.0080795288
-0.003907776	-0.0078926086
-0.0038146973	-0.0076789856
-0.0037155151	-0.0074768066
-0.003614807	-0.0072860718
-0.0035217286	-0.0070915222
-0.0034210205	-0.0068778992
-0.0033233643	-0.0066947937
-0.0032272339	-0.0064926147
-0.0031280518	-0.0062942505
-0.0030288696	-0.0060997009
-0.0029357909	-0.005897522
-0.0028350831	-0.0056991577
-0.0027359009	-0.0054931641
-0.0026397705	-0.0053024292
-0.0025436401	-0.0051040649
-0.002444458	-0.0049057007
-0.0023468018	-0.0047187805
-0.0022521974	-0.0045013428
-0.0021514893	-0.0043144226
-0.0020538331	-0.0041046143
-0.0019561767	-0.0039215088
-0.0018585206	-0.0037193298
-0.0017593384	-0.0035171509
-0.0016647339	-0.003326416
-0.0015686036	-0.0031280518
-0.0014678955	-0.0029220581
-0.0013717652	-0.0027351379
-0.001272583	-0.0025405884
-0.0011749268	-0.0023345947
-0.0010772705	-0.0021324158
-0.00097961421	-0.0019454956
-0.00088500977	-0.001739502
-0.00078735349	-0.0015525818
-0.00068969728	-0.0013580322
-0.00059356692	-0.0011558533
-0.00049285888	-0.00096130371
-0.00039367675	-0.00076293945
-0.00029907227	-0.00057220459
-0.00020141601	-0.00038146973
-0.00010375977	-0.00018310547
-6.1035157e-006	-3.0517578e-005
9.1552734e-005	9.9182129e-005
0.00019226075	0.0002746582
0.00028686522	0.00047302246
0.00038299561	0.00066757202
0.00048370362	0.00086212158
0.00058288575	0.0010528564
0.00067749026	0.0012550354
0.00077514647	 0.001449585
0.00087280275	0.0016403198
0.00096740725	0.0018463135
0.0010696411	 0.002040863
0.0011642457	0.0022506714
 0.001260376	0.0024337769
0.0013610839	0.0026245117
0.0014587402	0.0028266907
0.0015518188	0.0030288696
0.0016540528	0.0032272339
0.0017486572	0.0034179688
0.0018463135	 0.003616333
0.0019439697	0.0038070679
0.0020462037	0.0040130615
0.0021392822	0.0042190552
0.0022399903	0.0044174194
0.0023345947	 0.004611969
0.0024353028	0.0047988892
0.0025268556	0.0050048828
0.0026275634	0.0051994324
0.0027221679	 0.005405426
 0.002822876	0.0055961609
0.0029190064	0.0057907104
0.0030181885	0.0059928894
0.0031173707	0.0061950684
0.0032135011	0.0063934326
0.0033111572	0.0065841675
0.0034133911	0.0067825317
0.0035049438	 0.006980896
0.0036026002	 0.007183075
0.0037033081	0.0073776245
0.0038024902	0.0075759888
0.0038940429	0.0077857971
0.0039947508	0.0079879761
0.0040939329	0.0081787109
 0.004193115	 0.008392334
0.0042877197	0.0085792542
0.0043869019	 0.008769989
0.0044799806	 0.008972168
0.0045806887	0.0091781616
0.0046783448	0.0093727112
 0.004774475	0.0095710754
0.0048675537	0.0097694397
0.0049713133	 0.009967804
0.0050689699	 0.010166168
 0.005168152	 0.010364532
0.0052642822	 0.010566711
0.0053619384	 0.010761261
0.0054565431	 0.010955811
0.0055572512	 0.011161804
0.0056518554	 0.011360168
0.0057495115	 0.011550903
0.0058471682	 0.011764526
0.0059463503	 0.011962891
0.0060455324	  0.01215744
0.0061431886	 0.012359619
0.0062423707	 0.012550354
0.0063415528	 0.012763977
0.0064331056	 0.012954712
0.0065338137	 0.013156891
0.0066284179	 0.013355255
 0.006729126	 0.013553619
0.0068237307	 0.013755798
0.0069274902	 0.013957977
0.0070220949	 0.014156342
0.0071197511	 0.014358521
0.0072174072	 0.014556885
0.0073135374	 0.014755249
0.0074096681	 0.014953613
0.0075088502	 0.015148163
0.0076080323	 0.015346527
0.0077026365	 0.015556335
0.0078018187	  0.01574707
0.0079025272	 0.015960693
0.0079986574	 0.016155243
0.0080963131	 0.016349792
0.0081909178	 0.016555786
0.0082946774	  0.01675415
0.0083862301	   0.0169487
0.0084838867	  0.01714325
0.0085815433	 0.017349243
0.0086776735	 0.017543793
0.0087753292	 0.017738342
0.0088775633	 0.017944336
 0.008972168	  0.01815033
0.0090728756	 0.018344879
0.0091674803	 0.018547058
0.0092697144	 0.018756866
0.0093627926	 0.018951416
0.0094635012	 0.019142151
0.0095581058	  0.01934433
0.0096588135	 0.019546509
0.0097518917	 0.019741058
0.0098541258	 0.019958496
0.0099487305	 0.020149231
 0.010046387	  0.02035141
 0.010144043	 0.020549774
 0.010244751	 0.020751953
 0.010339355	 0.020950317
  0.01043396	 0.021148682
 0.010534668	 0.021347046
 0.010632324	 0.021541595
 0.010726929	 0.021751404
 0.010827636	 0.021949768
 0.010925293	 0.022148132
  0.01102295	 0.022350311
 0.011120605	  0.02256012
 0.011219787	 0.022743225
 0.011312867	 0.022945404
 0.011408997	 0.023151398
 0.011508179	 0.023345947
 0.011605835	 0.023544312
 0.011703491	  0.02375412
 0.011804199	 0.023960114
 0.011898804	 0.024154663
 0.011999512	 0.024368286
 0.012094116	 0.024555206
 0.012194824	 0.024749756
 0.012289429	  0.02495575
 0.012387085	 0.025150299
 0.012484741	 0.025352478
 0.012582397	 0.025547028
 0.012677002	 0.025764465
 0.012779236	 0.025947571
 0.012875366	  0.02614975
 0.012974548	 0.026374817
 0.013069153	 0.026550293
 0.013171387	 0.026760101
  0.01326294	 0.026966095
 0.013362122	  0.02715683
 0.013459777	 0.027359009
 0.013560486	 0.027557373
 0.013656616	 0.027755737
 0.013757324	  0.02796936
 0.013851929	 0.028167725
 0.013951111	 0.028369904
 0.014047241	 0.028564453
 0.014147949	 0.028755188
 0.014239502	 0.028961182
 0.014338684	 0.029167175
 0.014434814	  0.02936554
 0.014532471	 0.029571533
 0.014633179	 0.029773712
 0.014732361	 0.029979706
 0.014830017	 0.030166626
   0.0149292	  0.03037262
 0.015023803	 0.030586243
 0.015122985	 0.030776978
 0.015216065	 0.030975342
  0.01531372	 0.031173706
 0.015414429	   0.0313797
 0.015512085	 0.031581879
 0.015606689	 0.031784058
 0.015707398	 0.031990051
 0.015805054	 0.032184601
 0.015901184	  0.03238678
 0.016000366	 0.032588959
 0.016099548	 0.032791138
 0.016195679	 0.032989502
 0.016291808	 0.033187866
 0.016389465	 0.033390045
 0.016485596	 0.033584595
 0.016581725	 0.033790588
  0.01668396	 0.033992767
  0.01678009	 0.034194946
 0.016879272	  0.03440094
 0.016976928	 0.034606934
 0.017074585	 0.034793854
 0.017169189	 0.034996033
 0.017266845	 0.035205841
 0.017367553	  0.03540802
  0.01746521	 0.035610199
 0.017559815	 0.035800934
  0.01765747	 0.036010742
 0.017756652	 0.036201477
 0.017855834	 0.036399841
  0.01795044	 0.036605835
 0.018049622	 0.036804199
 0.018145751	 0.037014008
 0.018241882	 0.037220001
 0.018341064	  0.03742218
 0.018438721	  0.03761673
  0.01853485	 0.037822723
  0.01863556	 0.038017273
 0.018731689	 0.038215637
 0.018829346	 0.038425446
 0.018927002	 0.038619995
  0.01902771	 0.038822174
 0.019122314	 0.039016724
  0.01921997	 0.039222717
 0.019317627	 0.039421082
 0.019412231	 0.039627075
 0.019511413	 0.039833069
 0.019609069	 0.040039063
 0.019709777	 0.040237427
 0.019805908	 0.040431976
 0.019902039	 0.040626526
 0.020001221	 0.040840149
 0.020097351	 0.041038513
 0.020195007	 0.041248322
 0.020294189	 0.041439056
 0.020391846	  0.04164505
 0.020489503	 0.041847229
 0.020587157	 0.042049408
 0.020681763	 0.042243958
 0.020782471	 0.042446136
 0.020877074	 0.042644501
 0.020976257	 0.042854309
 0.021072388	 0.043064117
 0.021170044	 0.043258667
 0.021270752	 0.043460846
 0.021368409	  0.04365921
 0.021464538	 0.043857574
  0.02156372	 0.044067383
 0.021659851	 0.044254303
 0.021755982	 0.044464111
 0.021855164	 0.044662476
 0.021954346	 0.044868469
  0.02204895	 0.045070648
 0.022146607	 0.045276642
 0.022244263	 0.045471191
 0.022341918	 0.045669556
 0.022438049	 0.045860291
 0.022540282	 0.046073914
 0.022634888	 0.046268463
 0.022731017	 0.046478271
 0.022830199	 0.046676636
 0.022929382	 0.046886444
 0.023025513	 0.047084808
  0.02312622	 0.047275543
 0.023220826	 0.047492981
 0.023318481	 0.047691345
 0.023414612	 0.047889709
 0.023516845	 0.048095703
 0.023611451	 0.048290253
  0.02370758	 0.048488617
 0.023805236	 0.048686981
 0.023901368	  0.04888916
 0.023999024	 0.049079895
 0.024096679	 0.049301147
 0.024197388	 0.049488068
 0.024293518	 0.049701691
   0.0243927	  0.04989624
 0.024491882	 0.050098419
 0.024586488	 0.050292969
 0.024682617	 0.050514221
 0.024783324	 0.050689697
 0.024880981	 0.050895691
 0.024975587	 0.051101685
 0.025073241	 0.051307678
 0.025170898	 0.051502228
 0.025271606	 0.051708221
 0.025361633	 0.051902771
 0.025463868	 0.052108765
 0.025564576	   0.0522995
 0.025659179	 0.052505493
  0.02575531	 0.052707672
 0.025857544	 0.052909851
 0.025950622	 0.053108215
 0.026049804	 0.053321838
 0.026145935	 0.053512573
 0.026245117	 0.053722382
 0.026342774	 0.053913116
  0.02644043	  0.05412674
  0.02653656	 0.054321289
 0.026632691	 0.054523468
 0.026730347	 0.054718018
 0.026831055	 0.054912567
 0.026927184	 0.055110931
 0.027026366	  0.05532074
 0.027125549	 0.055519104
  0.02722168	 0.055732727
 0.027316283	 0.055923462
 0.027416993	 0.056121826
 0.027514648	  0.05632782
  0.02761383	 0.056533813
 0.027709961	 0.056735992
 0.027806092	 0.056934357
 0.027902221	 0.057125092
 0.028001403	 0.057342529
 0.028100586	 0.057540894
 0.028196717	 0.057746887
 0.028292846	 0.057945251
 0.028393555	  0.05814743
  0.02849121	 0.058345795
 0.028587341	 0.058551788
 0.028686523	 0.058753967
 0.028781127	 0.058952332
 0.028878784	 0.059158325
  0.02897644	 0.059356689
 0.029075623	 0.059555054
 0.029171754	 0.059761047
 0.029266357	 0.059955597
 0.029368591	 0.060173035
 0.029464722	  0.06035614
 0.029563904	 0.060573578
 0.029656982	 0.060771942
 0.029759217	 0.060974121
 0.029855346	 0.061168671
 0.029954528	  0.06136322
 0.030053711	 0.061569214
 0.030149842	 0.061767578
 0.030245971	 0.061973572
  0.03034668	 0.062179565
 0.030441284	 0.062374115
 0.030538941	 0.062583923
  0.03063507	 0.062774658
 0.030734252	 0.062973022
 0.030830383	 0.063179016
 0.030929565	 0.063396454
 0.031030273	 0.063598633
  0.03112793	 0.063762665
 0.031222533	 0.063961029
 0.031321716	 0.064163208
 0.031417847	 0.064353943
 0.031515501	 0.064582825
  0.03161316	 0.064781189
 0.031710815	 0.064971924
 0.031806946	 0.065185547
 0.031906128	 0.065383911
 0.032006837	 0.065589905
 0.032101441	 0.065788269
 0.032200623	 0.065986633
   0.0322937	 0.066200256
 0.032394409	 0.066402435
 0.032489013	  0.06659317
 0.032589722	 0.066795349
 0.032688905	 0.066997528
 0.032785036	 0.067203522
  0.03288269	 0.067405701
   0.0329834	 0.067611694
 0.033078004	 0.067810059
 0.033172607	 0.068008423
 0.033273317	 0.068214417
 0.033370972	 0.068405151
 0.033467103	 0.068611145
 0.033566285	 0.068813324
 0.033660889	 0.069023132
 0.033758543	 0.069206238
 0.033856202	 0.069404602
 0.033956908	 0.069625854
 0.034054566	 0.069824219
  0.03414917	 0.070026398
 0.034249879	 0.070228577
 0.034344483	 0.070419312
 0.034442138	 0.070617676
 0.034539796	 0.070823669
 0.034637451	 0.071014404
 0.034736633	 0.071220398
 0.034834288	 0.071418762
 0.034931947	 0.071613312
 0.035031129	  0.07182312
 0.035128783	  0.07201767
 0.035224915	 0.072231293
 0.035321046	 0.072422028
   0.0354187	 0.072631836
 0.035516359	  0.07283783
 0.035615541	 0.073040009
 0.035710145	 0.073238373
   0.0358078	 0.073448181
 0.035906982	  0.07365036
 0.036007691	  0.07384491
 0.036102295	 0.074043274
 0.036201477	 0.074245453
 0.036297608	 0.074443817
 0.036395263	 0.074642181
 0.036492921	  0.07485199
 0.036592104	 0.075050354
 0.036691286	 0.075263977
 0.036787413	 0.075473785
 0.036883544	 0.075679779
 0.036979675	 0.075897217
  0.03707733	 0.076095581
  0.03717804	 0.076301575
 0.037277222	 0.076480865
 0.037368774	 0.076686859
 0.037469484	 0.076896667
 0.037565611	 0.077098846
 0.037661742	 0.077297211
 0.037760925	 0.077503204
 0.037860107	 0.077697754
 0.037960816	 0.077903748
 0.038052369	 0.078109741
 0.038153075	 0.078323364
 0.038249206	 0.078517914
 0.038348388	 0.078712463
 0.038446046	 0.078914642
 0.038542174	  0.07913208
 0.038641356	 0.079322815
 0.038739014	 0.079524994
 0.038833618	 0.079730988
   0.0389328	 0.079929352
 0.039030455	 0.080135345
 0.039129637	 0.080345154
 0.039228819	 0.080539703
 0.039321899	 0.080738068
 0.039419554	 0.080951691
 0.039518736	 0.081157684
 0.039614867	 0.081356049
 0.039707948	 0.081562042
 0.039810181	 0.081764221
 0.039907835	 0.081962585
 0.040005494	 0.082164764
 0.040103149	 0.082363129
 0.040200807	 0.082550049
 0.040299989	 0.082748413
 0.040396117	 0.082939148
 0.040490724	 0.083148956
 0.040589906	 0.083358765
 0.040689088	 0.083576202
 0.040786743	 0.083774567
 0.040885925	 0.083992004
 0.040982056	 0.084197998
 0.041079711	 0.084384918
 0.041175842	 0.084575653
 0.041271973	 0.084777832
 0.041374207	 0.084980011
  0.04146881	 0.085174561
 0.041571043	 0.085372925
 0.041668702	 0.085571289
 0.041763306	 0.085773468
 0.041859437	 0.085983276
 0.041958619	 0.086185455
 0.042056274	  0.08637619
 0.042153932	 0.086585999
  0.04225006	 0.086807251
 0.042352296	 0.087013245
   0.0424469	 0.087219238
 0.042544555	 0.087409973
 0.042639159	 0.087612152
 0.042742919	  0.08782196
 0.042834472	 0.088027954
 0.042933654	 0.088222504
 0.043028258	 0.088436127
 0.043128967	 0.088653564
 0.043225098	 0.088848114
 0.043324281	 0.089065552
 0.043423463	 0.089260101
 0.043521117	  0.08946991
 0.043615721	 0.089660645
 0.043716431	 0.089881897
 0.043812562	 0.090076447
 0.043911744	 0.090263367
 0.044009399	 0.090473175
  0.04410553	 0.090679169
 0.044200134	 0.090885162
 0.044302367	 0.091087341
 0.044400025	 0.091285706
 0.044499207	 0.091495514
 0.044592284	 0.091682434
 0.044689942	 0.091888428
 0.044786073	 0.092094421
 0.044885255	 0.092308044
  0.04498291	 0.092506409
 0.045082092	 0.092716217
 0.045178223	 0.092903137
 0.045278929	 0.093101501
  0.04537506	 0.093299866
 0.045474242	 0.093505859
 0.045570374	 0.093734741
 0.045668028	 0.093925476
 0.045764159	 0.094127655
 0.045864869	 0.094345093
 0.045959473	 0.094551086
 0.046057127	 0.094738007
 0.046151735	 0.094940186
 0.046255492	 0.095146179
 0.046350099	 0.095352173
 0.046447754	 0.095542908
 0.046543885	 0.095760345
 0.046644591	 0.095947266
 0.046739198	 0.096157074
 0.046836853	 0.096363068
 0.046934508	 0.096557617
 0.047030639	 0.096759796
 0.047131348	 0.096954346
 0.047229003	 0.097187042
 0.047326662	 0.097393036
 0.047425844	 0.097595215
  0.04751892	 0.097793579
 0.047621153	 0.097991943
 0.047714233	 0.098190308
 0.047811888	 0.098392487
 0.047909547	 0.098613739
 0.048007201	  0.09879303
  0.04810486	 0.099010468
 0.048205566	 0.099201202
 0.048300169	 0.099395752
 0.048399352	  0.09961319
 0.048492432	 0.099819183
 0.048594665	  0.10003281
 0.048689269	  0.10021591
 0.048788451	  0.10043335
 0.048886109	  0.10062408
 0.048983764	  0.10082626
 0.049079895	  0.10102844
 0.049180605	  0.10124207
 0.049276732	  0.10144806
 0.049377441	  0.10165787
 0.049475096	  0.10185623
 0.049572755	  0.10206604
 0.049667358	   0.1022644
 0.049765013	  0.10246658
 0.049862672	  0.10267258
 0.049957275	  0.10287476
 0.050057985	  0.10307312
 0.050157167	  0.10326004
 0.050253294	  0.10346222
 0.050350953	  0.10369492
 0.050448608	  0.10390854
 0.050546266	  0.10409546
 0.050642394	  0.10430527
 0.050741576	  0.10450745
 0.050839234	  0.10469818
 0.050933838	  0.10492706
 0.051031493	  0.10512161
  0.05113373	  0.10532379
 0.051226806	  0.10552979
 0.051325988	  0.10575104
 0.051422119	   0.1059494
 0.051524352	  0.10614777
 0.051617432	  0.10634232
 0.051716615	  0.10655975
 0.051812746	  0.10676956
 0.051913451	  0.10696793
 0.052008055	  0.10717392
 0.052108765	  0.10738373
 0.052203368	  0.10757446
 0.052304078	   0.1077919
 0.052401733	  0.10799408
 0.052497864	  0.10819244
 0.052593995	  0.10840225
  0.05269165	  0.10860825
 0.052789308	  0.10882187
 0.052890014	  0.10902786
 0.052981567	  0.10923767
 0.053085327	  0.10945511
 0.053182982	  0.10964966
 0.053277589	  0.10984802
 0.053375244	  0.11004639
 0.053475954	  0.11025238
 0.053570557	  0.11045074
  0.05366974	  0.11064911
 0.053764343	  0.11085892
 0.053863525	  0.11105347
 0.053958129	  0.11125946
 0.054058839	  0.11146545
 0.054156493	  0.11166763
 0.054254152	  0.11187744
 0.054354858	  0.11207199
 0.054452516	  0.11227036
 0.054544069	   0.1124649
 0.054641724	  0.11267853
 0.054739378	  0.11287689
 0.054840088	  0.11307526
 0.054933168	  0.11328506
 0.055038452	  0.11349106
 0.055133056	  0.11370087
 0.055230714	  0.11391068
 0.055328369	  0.11411285
 0.055426024	   0.1143074
 0.055519104	  0.11450958
 0.055618286	  0.11471176
 0.055715941	  0.11491013
  0.05581665	  0.11511993
 0.055911254	  0.11532211
 0.056011964	  0.11553192
 0.056109618	   0.1157341
 0.056207277	  0.11594009
 0.056301881	  0.11614227
 0.056402586	  0.11634064
 0.056497194	    0.116539
 0.056594849	    0.116745
 0.056695558	  0.11694336
 0.056790162	  0.11713409
 0.056884766	   0.1173439
 0.056988526	   0.1175499
 0.057086181	  0.11775208
 0.057183839	  0.11796951
 0.057281494	   0.1181488
 0.057379149	  0.11836243
 0.057473756	  0.11855316
 0.057574462	  0.11876297
 0.057669066	  0.11897659
 0.057768248	   0.1191597
 0.057862855	  0.11937332
 0.057965089	  0.11959839
 0.058058165	  0.11980438
 0.058160402	  0.12000656
 0.058255006	  0.12021637
 0.058355711	  0.12042236
 0.058450319	  0.12063599
 0.058551025	  0.12081146
 0.058645628	  0.12100983
 0.058743287	  0.12113571
 0.058837891	  0.12136459
 0.058940124	  0.12155151
 0.059037782	  0.12177658
  0.05913391	  0.12197876
 0.059230041	  0.12218475
 0.059329223	  0.12239075
 0.059425354	  0.12260056
 0.059524536	  0.12279129
 0.059622191	  0.12302399
 0.059719849	  0.12322617
  0.05981598	  0.12343979
 0.059918214	  0.12363434
  0.06001129	  0.12383652
 0.060110472	  0.12405777
 0.060208131	  0.12425995
 0.060305785	  0.12446594
 0.060398865	  0.12466812
 0.060498048	  0.12487411
 0.060598753	  0.12508011
 0.060694885	  0.12529373
 0.060792543	  0.12550354
 0.060893249	  0.12569046
  0.06098938	  0.12590408
 0.061090089	  0.12611771
 0.061181642	  0.12630081
 0.061282348	  0.12651443
 0.061376952	  0.12670898
 0.061477661	  0.12693024
 0.061572265	  0.12711716
 0.061669923	  0.12731171
 0.061764527	  0.12752533
 0.061868288	  0.12774658
 0.061965942	  0.12794876
 0.062063597	  0.12815475
 0.062161256	  0.12834167
  0.06225891	  0.12856293
 0.062355042	  0.12875366
 0.062451173	  0.12896729
 0.062551878	  0.12917709
 0.062649533	  0.12938309
 0.062741086	  0.12958527
  0.06284485	  0.12979507
  0.06293793	  0.12999725
 0.063038632	  0.13021088
  0.06313324	  0.13039398
 0.063232422	  0.13060379
 0.063328549	  0.13080978
 0.063427731	  0.13102722
 0.063526914	  0.13122177
 0.063624576	  0.13142395
 0.063717648	  0.13162613
 0.063818358	  0.13184738
 0.063916013	  0.13205719
 0.064013675	  0.13225937
  0.06411133	  0.13243484
 0.064208984	  0.13264847
 0.064305112	  0.13285828
 0.064402774	  0.13306808
 0.064501956	  0.13326645
 0.064599611	  0.13346863
 0.064692691	  0.13368225
  0.06479492	  0.13388824
  0.06489563	  0.13409424
 0.064991757	   0.1342926
 0.065087892	   0.1344986
 0.065187074	  0.13470078
 0.065280154	  0.13491821
 0.065377809	  0.13513947
 0.065475464	  0.13533783
 0.065576173	  0.13553619
 0.065670773	  0.13573456
 0.065771483	  0.13592529
 0.065869138	  0.13612366
 0.065963745	  0.13632584
 0.066064455	  0.13654327
 0.066159055	  0.13674927
 0.066256717	  0.13695145
 0.066354372	  0.13716507
 0.066455081	  0.13737488
 0.066552736	  0.13757324
 0.066644289	  0.13777542
 0.066748045	  0.13796997
   0.0668457	  0.13818359
 0.066940308	  0.13838196
 0.067037962	  0.13857269
 0.067135617	  0.13880157
 0.067230225	  0.13899994
 0.067329407	  0.13922119
 0.067431644	  0.13941956
 0.067526244	  0.13962936
 0.067623898	   0.1398201
 0.067721561	  0.14001846
 0.067819215	  0.14022064
  0.06791687	  0.14041901
 0.068014525	  0.14063263
 0.068113707	  0.14083481
 0.068209842	  0.14103699
 0.068307497	  0.14125443
 0.068405151	  0.14144516
 0.068502806	   0.1416626
 0.068598941	  0.14186859
 0.068699643	  0.14206696
 0.068795778	  0.14226913
 0.068893433	   0.1424675
 0.068992615	  0.14267731
 0.069088742	   0.1428833
 0.069187924	  0.14308167
 0.069284059	   0.1432991
 0.069383241	  0.14350128
 0.069479369	  0.14370728
 0.069573976	  0.14390564
 0.069674686	  0.14412308
 0.069770813	  0.14432526
  0.06986694	  0.14453506
  0.06996765	  0.14473724
 0.070065305	  0.14495468
 0.070161439	  0.14514542
 0.070259094	  0.14535522
 0.070355222	  0.14556885
 0.070455931	  0.14576721
 0.070550539	  0.14595795
 0.070648193	   0.1461792
 0.070745848	  0.14636612
 0.070846558	  0.14657974
 0.070942685	  0.14678192
  0.07103882	  0.14698792
 0.071136475	  0.14719009
 0.071237184	  0.14740372
 0.071336366	  0.14760971
 0.071429446	  0.14781189
 0.071527101	  0.14800262
 0.071626283	  0.14821243
 0.071722411	  0.14842224
 0.071820065	  0.14864349
 0.071920775	   0.1488266
  0.07201843	  0.14904022
 0.072114564	  0.14923859
 0.072210692	  0.14945602
 0.072308347	  0.14966965
 0.072406009	   0.1498642
 0.072502136	  0.15006638
 0.072601318	  0.15028381
 0.072698973	  0.15045547
 0.072796628	  0.15067291
  0.07289429	  0.15089417
 0.072991945	  0.15108871
   0.0730896	  0.15129089
 0.073188782	  0.15148926
 0.073284909	   0.1517067
 0.073385619	  0.15190887
 0.073480226	  0.15211487
 0.073577881	  0.15231323
 0.073675536	   0.1525116
 0.073776245	  0.15272903
 0.073870853	  0.15293884
 0.073968507	  0.15314484
 0.074064635	  0.15333557
 0.074163817	  0.15354919
 0.074261472	  0.15376282
 0.074360654	  0.15395737
 0.074456789	  0.15415192
 0.074554443	  0.15437317
 0.074652098	  0.15456009
 0.074748233	   0.1547699
  0.07484436	  0.15497208
  0.07494507	  0.15518188
 0.075041197	  0.15539551
 0.075138852	  0.15560532
 0.075234987	  0.15580368
 0.075334169	   0.1560173
 0.075433351	  0.15621567
 0.075531006	  0.15641785
 0.075627133	  0.15662003
 0.075723268	   0.1568222
  0.07582245	  0.15702438
 0.075920105	  0.15723419
 0.076016232	  0.15744019
 0.076113895	  0.15764618
 0.076211549	  0.15785599
 0.076309204	  0.15805435
 0.076408386	  0.15825653
 0.076504514	  0.15847397
 0.076600648	  0.15866089
 0.076698303	  0.15887451
  0.07680054	  0.15907288
  0.07689514	  0.15927505
 0.076994322	  0.15947723
 0.077090457	  0.15968704
 0.077188112	  0.15990829
 0.077287294	  0.16011047
 0.077381894	  0.16031265
 0.077481076	  0.16052246
 0.077580258	  0.16072845
 0.077673338	    0.160923
 0.077774048	    0.161129
 0.077871703	  0.16135406
 0.077967837	  0.16153336
 0.078065492	  0.16174698
 0.078164674	  0.16194153
 0.078262329	  0.16215515
 0.078359984	  0.16234589
 0.078459166	  0.16255188
 0.078555301	   0.1627655
 0.078651428	   0.1629715
 0.078747556	  0.16317368
 0.078848265	  0.16337967
   0.0789444	  0.16359711
 0.079042055	  0.16381073
 0.079141237	  0.16400909
 0.079237364	   0.1642189
 0.079336546	   0.1644249
 0.079434201	  0.16464233
 0.079531863	  0.16483307
 0.079626463	  0.16504288
 0.079727173	  0.16524506
 0.079826355	  0.16544342
 0.079919435	   0.1656456
 0.080018617	  0.16585922
 0.080117799	  0.16605759
 0.080213927	  0.16625977
 0.080308534	  0.16646576
 0.080410764	  0.16668701
 0.080505371	  0.16687775
 0.080606081	  0.16709137
 0.080700681	  0.16729355
 0.080798343	  0.16750336
 0.080895998	  0.16770935
 0.080993652	  0.16791534
 0.081091307	  0.16811371
 0.081188962	   0.1683197
 0.081288144	  0.16852188
 0.081384279	  0.16873169
 0.081483461	  0.16893768
 0.081579588	  0.16915894
 0.081675723	   0.1693573
 0.081774905	  0.16956711
 0.081869505	  0.16976929
 0.081971742	  0.16997528
  0.08206787	  0.17017365
 0.082167052	  0.17039108
 0.082263187	  0.17058945
 0.082363889	   0.1708107
 0.082460023	  0.17098999
 0.082556151	  0.17120361
  0.08265686	  0.17141724
 0.082751468	  0.17162323
 0.082849123	  0.17182159
 0.082946777	  0.17204285
 0.083042905	  0.17223358
 0.083143614	   0.1724472
 0.083236694	  0.17264557
 0.083337404	  0.17285919
 0.083435059	   0.1730423
 0.083531186	  0.17325592
 0.083627321	  0.17345428
 0.083731078	  0.17367172
 0.083824158	   0.1738739
 0.083920285	   0.1740799
 0.084022522	  0.17428589
 0.084118649	  0.17450714
 0.084216312	  0.17470932
 0.084313966	  0.17492676
 0.084411621	  0.17511749
 0.084507748	  0.17533112
 0.084605411	  0.17552567
 0.084701538	   0.1757431
  0.08480072	  0.17594147
 0.084896848	  0.17616272
 0.084999084	   0.1763649
 0.085093692	  0.17657089
 0.085192874	  0.17676163
 0.085290529	  0.17699051
 0.085388184	  0.17718124
 0.085484311	  0.17739105
 0.085580446	  0.17756653
 0.085681155	  0.17778778
 0.085775755	   0.1780014
 0.085874937	  0.17822266
 0.085972592	  0.17842102
 0.086070254	  0.17863464
 0.086167909	  0.17884445
 0.086267091	  0.17906952
 0.086363219	  0.17924881
 0.086462401	  0.17945862
 0.086557008	  0.17966461
  0.08665619	  0.17987823
  0.08675079	  0.18008423
 0.086849973	  0.18030167
 0.086947635	  0.18050766
 0.087046817	  0.18071747
 0.087142944	  0.18091583
 0.087240599	  0.18112564
 0.087336734	  0.18133163
 0.087435916	  0.18154144
 0.087533571	  0.18173981
 0.087632753	  0.18194962
 0.087727353	  0.18215179
 0.087823488	  0.18236923
 0.087927245	  0.18256378
 0.088020325	  0.18278503
 0.088119507	  0.18298721
 0.088217162	  0.18319702
 0.088314816	  0.18339157
 0.088410951	  0.18360138
 0.088510133	  0.18380737
 0.088607788	  0.18402481
 0.088705443	  0.18423462
  0.08880005	  0.18444824
  0.08890076	  0.18465424
 0.088998415	  0.18485641
 0.089097597	  0.18505478
 0.089193724	  0.18527603
 0.089289859	  0.18547058
 0.089385986	  0.18566513
 0.089489743	  0.18587494
 0.089584351	  0.18608856
 0.089682005	  0.18629074
  0.08977966	  0.18650055
 0.089878842	  0.18670654
 0.089971922	  0.18690491
 0.090071104	   0.1871109
 0.090167239	  0.18732834
 0.090266421	  0.18751907
 0.090361021	  0.18771744
 0.090463258	   0.1879425
 0.090557858	   0.1881485
 0.090658568	  0.18834686
 0.090753175	   0.1885643
  0.09085083	  0.18877029
 0.090945438	   0.1889801
  0.09104462	  0.18919373
 0.091143802	   0.1893959
 0.091238402	   0.1896019
 0.091339111	  0.18981171
 0.091439821	  0.19001007
 0.091534421	  0.19022751
 0.091633603	  0.19042587
  0.09172821	  0.19063568
 0.091827393	   0.1908493
    0.091922	  0.19105148
 0.092022702	  0.19125366
 0.092118837	  0.19146347
 0.092218019	  0.19166183
 0.092312619	  0.19186783
 0.092414856	  0.19207764
 0.092509463	  0.19228363
 0.092611693	  0.19250107
   0.0927063	   0.1926918
 0.092802428	  0.19289398
 0.092898563	  0.19309616
 0.092999265	  0.19330597
 0.093096927	  0.19351196
 0.093193054	  0.19370651
 0.093289182	  0.19392395
 0.093389891	  0.19413757
 0.093487546	  0.19433975
 0.093585208	  0.19454956
 0.093681335	  0.19475174
 0.093783572	  0.19496155
 0.093876645	  0.19517517
 0.093974307	  0.19537354
 0.094071962	   0.1955986
 0.094174191	  0.19578552
 0.094265744	   0.1959877
 0.094366454	  0.19619751
 0.094467163	   0.1964035
  0.09456329	  0.19662094
 0.094659425	  0.19681931
  0.09475708	  0.19703674
 0.094851688	  0.19723511
  0.09495239	   0.1974411
 0.095046997	  0.19764709
 0.095144652	  0.19785309
 0.095242307	  0.19807053
 0.095343016	  0.19828796
 0.095439151	  0.19848251
 0.095536806	  0.19869614
 0.095635988	  0.19891357
  0.09573517	  0.19910812
  0.09582825	  0.19933701
 0.095924377	  0.19955444
  0.09602356	  0.19974899
 0.096118167	   0.1999588
 0.096221924	  0.20016861
 0.096319579	  0.20037842
 0.096417233	  0.20059586
 0.096514896	  0.20080185
 0.096609496	  0.20100784
 0.096710205	  0.20121002
 0.096804813	  0.20142365
 0.096902467	  0.20162582
 0.097000122	  0.20183563
 0.097097777	  0.20204544
 0.097196959	  0.20224762
 0.097296141	  0.20246887
 0.097390749	  0.20267105
 0.097492978	  0.20286942
 0.097586058	  0.20308685
 0.097686768	  0.20330048
 0.097781375	  0.20350647
  0.09787903	  0.20370102
 0.097975157	   0.2039032
 0.098074339	  0.20412064
 0.098170474	  0.20432663
 0.098271176	  0.20454407
 0.098367311	  0.20475006
 0.098466493	  0.20495987
 0.098561093	  0.20516205
 0.098660275	  0.20536041
 0.098754883	  0.20558167
 0.098854065	   0.2057724
 0.098950192	  0.20600128
 0.099050902	  0.20620346
 0.099147037	  0.20640564
 0.099244691	  0.20662689
 0.099343874	  0.20683289
 0.099441528	  0.20704269
 0.099537656	  0.20724487
 0.099636838	  0.20746613
 0.099731445	  0.20765686
 0.099832155	  0.20785904
  0.09992981	  0.20806885
 0.099996947	   0.2082901
 0.099996947	  0.20849609
 0.099996947	   0.2087059
