-0.099543765	 -0.20641708
 -0.09944763	 -0.20619202
-0.099349976	 -0.20599365
-0.099253848	 -0.20579529
-0.099154666	 -0.20558929
-0.099057004	 -0.20536804
-0.098957822	 -0.20516968
 -0.09885864	 -0.20495987
 -0.09876404	  -0.2047348
-0.098666385	 -0.20454407
-0.098568723	 -0.20433807
 -0.09847717	 -0.20413208
-0.098376468	 -0.20391464
-0.098278806	 -0.20370865
-0.098178104	 -0.20349503
-0.098086551	 -0.20330048
-0.097982787	 -0.20308304
-0.097889706	 -0.20287323
-0.097787477	 -0.20267105
-0.097691342	 -0.20245743
-0.097589113	 -0.20225525
 -0.09749756	   -0.202034
-0.097396851	 -0.20182419
-0.097305298	 -0.20162582
-0.097204588	 -0.20141602
-0.097108461	 -0.20121384
-0.097009279	  -0.2009964
-0.096911624	 -0.20078278
-0.096813962	 -0.20057678
-0.096717834	 -0.20036697
-0.096615598	 -0.20016098
-0.096522525	 -0.19995499
-0.096421815	 -0.19974136
-0.096327208	 -0.19953918
-0.096228026	 -0.19934082
-0.096133426	 -0.19913864
-0.096032716	 -0.19892883
-0.095933534	 -0.19871902
-0.095837399	  -0.1985054
-0.095739745	 -0.19829941
-0.095640562	 -0.19808197
-0.095547482	 -0.19787979
 -0.09544678	 -0.19767761
-0.095347598	 -0.19746399
-0.095251463	 -0.19726563
-0.095153809	 -0.19706345
-0.095054626	 -0.19685364
-0.094956972	 -0.19662857
-0.094859317	 -0.19643402
-0.094766237	  -0.1962204
-0.094662473	 -0.19601822
 -0.09457092	 -0.19581223
-0.094471738	 -0.19560242
 -0.09437561	 -0.19538879
-0.094274901	 -0.19519043
-0.094183348	 -0.19497681
-0.094079591	 -0.19476318
-0.093984984	 -0.19456482
-0.093884274	 -0.19434738
 -0.09378662	 -0.19413376
-0.093687437	 -0.19393539
-0.093594357	 -0.19372177
-0.093496703	 -0.19351578
-0.093399048	 -0.19330597
-0.093299866	  -0.1931076
-0.093203738	  -0.1928978
-0.093103029	 -0.19267654
-0.093008421	 -0.19249725
-0.092906192	 -0.19229126
-0.092813112	 -0.19207382
 -0.09271393	 -0.19185638
 -0.09262085	 -0.19166183
 -0.09252014	 -0.19145203
-0.092422485	 -0.19123459
-0.092323303	 -0.19104004
-0.092225648	 -0.19081879
-0.092123412	 -0.19060516
-0.092030331	 -0.19040298
-0.091932677	 -0.19019318
-0.091836549	 -0.18998718
 -0.09173584	   -0.189785
 -0.09164276	 -0.18957901
-0.091543578	 -0.18936157
 -0.09144745	 -0.18915558
-0.091351315	 -0.18894958
-0.091252133	 -0.18873978
-0.091149904	 -0.18852997
-0.091050722	 -0.18831635
-0.090957642	 -0.18810272
-0.090859987	 -0.18791199
-0.090760805	 -0.18770599
-0.090667725	     -0.1875
-0.090567015	 -0.18728638
 -0.09046936	 -0.18709564
-0.090371706	 -0.18687439
-0.090278625	 -0.18667603
-0.090176389	 -0.18645477
-0.090080261	 -0.18624878
-0.089981079	 -0.18603897
-0.089883424	 -0.18583679
-0.089784242	  -0.1856308
-0.089694217	 -0.18541718
 -0.08959198	   -0.185215
-0.089495853	 -0.18500519
 -0.08939819	 -0.18481445
-0.089302063	 -0.18460846
-0.089199826	 -0.18438721
-0.089105226	  -0.1841774
-0.089004517	 -0.18395233
-0.088906862	 -0.18373108
-0.088809207	 -0.18353271
-0.088717654	 -0.18333054
-0.088615417	 -0.18310928
 -0.08851929	  -0.1829071
-0.088421628	  -0.1826973
-0.088323973	  -0.1824913
-0.088223264	 -0.18230438
-0.088127136	 -0.18206787
-0.088029481	 -0.18186569
-0.087933347	 -0.18164825
-0.087831117	 -0.18146515
-0.087739564	 -0.18125916
-0.087640382	  -0.1810379
  -0.0875412	 -0.18084717
-0.087445065	 -0.18063354
-0.087347411	 -0.18042374
-0.087246701	  -0.1802063
-0.087152101	 -0.18001556
-0.087051392	 -0.17980194
-0.086956784	 -0.17959213
-0.086859129	 -0.17938995
-0.086764529	 -0.17919159
 -0.08666382	 -0.17897797
-0.086567685	 -0.17878342
 -0.08647003	 -0.17855835
-0.086373903	 -0.17834473
-0.086270139	 -0.17813873
-0.086178586	 -0.17792892
-0.086077884	 -0.17772293
-0.085980222	 -0.17752075
-0.085882567	 -0.17731094
-0.085787967	 -0.17711639
-0.085687257	 -0.17690277
-0.085591123	 -0.17669296
-0.085494995	 -0.17648697
-0.085394286	 -0.17627335
-0.085295103	 -0.17605209
-0.085200503	 -0.17585754
-0.085101321	 -0.17562866
-0.085003659	 -0.17541504
-0.084902957	 -0.17520523
-0.084812924	  -0.1750145
-0.084713742	 -0.17482758
-0.084616087	 -0.17461014
-0.084515378	 -0.17439651
-0.084423825	 -0.17418289
-0.084320068	 -0.17397308
-0.084222414	 -0.17377853
-0.084124759	 -0.17354965
-0.084030151	 -0.17335129
-0.083929442	 -0.17313004
-0.083834842	 -0.17290878
-0.083734132	 -0.17272568
-0.083639525	 -0.17250824
-0.083538815	 -0.17230225
-0.083447263	 -0.17209244
-0.083346561	 -0.17186737
-0.083248898	 -0.17164993
-0.083149716	 -0.17144775
-0.083053589	 -0.17124557
-0.082955934	  -0.1710434
-0.082862854	 -0.17084503
-0.082759097	 -0.17061996
-0.082662962	 -0.17041779
-0.082565308	 -0.17021942
 -0.08246918	 -0.17001343
-0.082366943	 -0.16980362
-0.082272336	 -0.16959381
-0.082174681	   -0.169384
-0.082077026	 -0.16917419
-0.081977844	 -0.16897202
-0.081884764	 -0.16876221
-0.081787109	 -0.16856003
-0.081689455	 -0.16834259
-0.081590272	 -0.16815567
-0.081494138	 -0.16791534
-0.081393436	 -0.16769791
-0.081295773	 -0.16749573
-0.081198119	 -0.16728973
-0.081100464	 -0.16707611
-0.081001282	 -0.16686249
-0.080908202	 -0.16666412
-0.080807492	 -0.16644287
-0.080711365	 -0.16623688
-0.080612183	 -0.16603851
-0.080519103	 -0.16581345
-0.080415346	  -0.1656189
-0.080322266	  -0.1654129
-0.080221556	 -0.16521454
-0.080126956	 -0.16499329
-0.080026247	 -0.16478729
-0.079931639	 -0.16458893
-0.079832457	 -0.16437149
 -0.07973633	 -0.16413498
-0.079637147	 -0.16392136
-0.079541013	 -0.16371536
-0.079441831	 -0.16349792
-0.079345703	 -0.16327667
-0.079244994	 -0.16305542
-0.079147339	 -0.16285324
-0.079046629	 -0.16262436
-0.078958131	 -0.16239548
-0.078854367	 -0.16220856
-0.078759767	 -0.16196442
-0.078660585	 -0.16174698
 -0.07856445	 -0.16155624
-0.078465268	 -0.16131973
-0.078369141	 -0.16111374
-0.078271486	 -0.16088867
-0.078175351	 -0.16065979
-0.078074649	  -0.1604538
-0.077978514	  -0.1602211
-0.077880859	 -0.16001892
-0.077783205	 -0.15982056
-0.077684022	 -0.15957642
-0.077587888	 -0.15937805
-0.077490233	 -0.15915298
-0.077392578	 -0.15894318
-0.077296451	 -0.15873718
-0.077197269	 -0.15851593
-0.077101134	 -0.15828323
-0.077001952	 -0.15811157
-0.076907352	 -0.15787506
-0.076808169	 -0.15766144
-0.076710507	 -0.15746307
-0.076611325	 -0.15724564
-0.076510623	 -0.15701675
 -0.07641907	  -0.1568222
-0.076319888	 -0.15658188
-0.076223753	 -0.15638733
-0.076123044	 -0.15615082
-0.076025389	  -0.1559639
-0.075930789	 -0.15571213
 -0.07583008	 -0.15548706
-0.075732425	  -0.1552887
-0.075637817	   -0.155056
-0.075538635	 -0.15483093
-0.075442508	 -0.15468979
-0.075343326	 -0.15446091
-0.075244144	 -0.15422821
-0.075149536	 -0.15400696
-0.075050354	 -0.15378952
-0.074954227	 -0.15356827
-0.074855044	  -0.1533432
 -0.07475891	 -0.15312195
-0.074661255	 -0.15288925
-0.074562073	 -0.15264511
-0.074465945	 -0.15244675
-0.074368283	 -0.15223694
-0.074270628	 -0.15203476
-0.074172974	 -0.15181732
-0.074078366	 -0.15162277
-0.073979184	 -0.15138245
-0.073881529	 -0.15116882
  -0.0737793	 -0.15094757
 -0.07368622	 -0.15072632
-0.073587038	  -0.1505127
-0.073487855	 -0.15029526
-0.073394775	 -0.15009308
-0.073294066	 -0.14987183
-0.073200986	 -0.14963531
-0.073101804	 -0.14941788
-0.073001102	 -0.14918137
-0.072903439	 -0.14897156
-0.072805785	 -0.14875793
-0.072709657	 -0.14855957
-0.072608948	  -0.1483345
 -0.07251434	 -0.14813614
-0.072418213	 -0.14791107
-0.072322085	 -0.14770508
-0.072222903	 -0.14746857
-0.072122194	 -0.14723206
-0.072024539	 -0.14702225
-0.071928404	 -0.14681625
 -0.07183075	  -0.1465683
-0.071733095	 -0.14634705
-0.071633913	 -0.14610672
-0.071539305	 -0.14589691
-0.071440123	 -0.14574432
-0.071342468	 -0.14550018
-0.071249388	 -0.14519501
-0.071151733	 -0.14494705
-0.071051024	 -0.14476395
-0.070953369	 -0.14451981
-0.070855714	 -0.14431381
-0.070756532	  -0.1440773
 -0.07065735	 -0.14385986
-0.070559695	 -0.14367294
-0.070465088	  -0.1434021
-0.070364378	 -0.14321136
-0.070269778	 -0.14296341
-0.070172116	 -0.14272308
-0.070074461	 -0.14250946
-0.069976807	  -0.1423111
-0.069876097	 -0.14206696
-0.069776915	 -0.14182281
-0.069682315	 -0.14162827
 -0.06958618	  -0.1414566
-0.069488525	 -0.14123154
-0.069390871	 -0.14102173
-0.069293216	  -0.1407814
-0.069195554	 -0.14060593
-0.069097899	  -0.1403389
-0.069000244	 -0.14012146
-0.068902589	 -0.13993073
-0.068803407	 -0.13970566
-0.068705752	 -0.13951111
 -0.06860657	 -0.13930511
-0.068511963	 -0.13901901
-0.068414308	 -0.13880157
-0.068316653	 -0.13856506
-0.068220519	 -0.13836288
-0.068122864	 -0.13811111
-0.068025209	 -0.13787842
-0.067929074	 -0.13763428
-0.067828372	 -0.13749695
-0.067732237	 -0.13724899
-0.067634583	 -0.13688278
-0.067538455	 -0.13674164
-0.067439273	 -0.13643265
-0.067341611	 -0.13623428
-0.067243956	 -0.13602829
-0.067147829	 -0.13581085
-0.067047119	 -0.13559723
-0.066952512	 -0.13538742
 -0.06685181	 -0.13515472
  -0.0667511	 -0.13487625
-0.066653445	   -0.134655
-0.066558838	 -0.13444138
 -0.06646423	  -0.1342392
-0.066363528	 -0.13402176
-0.066267394	 -0.13380051
-0.066171266	 -0.13344574
-0.066073611	 -0.13332748
-0.065972902	  -0.1330452
-0.065876767	 -0.13280487
-0.065777585	  -0.1325531
 -0.06567993	 -0.13244247
 -0.06558685	 -0.13221741
-0.065484621	 -0.13195419
-0.065390013	 -0.13181686
-0.065290831	 -0.13163757
-0.065191649	 -0.13142014
-0.065095522	  -0.1310997
-0.064997867	 -0.13080597
-0.064898685	 -0.13063431
-0.064801022	 -0.13043976
-0.064706422	 -0.13022232
 -0.06460724	 -0.13000488
-0.064511105	 -0.12980652
-0.064413451	 -0.12966156
-0.064317323	 -0.12924194
-0.064218141	 -0.12892532
-0.064122006	 -0.12883759
-0.064021304	 -0.12860489
-0.063926697	 -0.12844086
-0.063827515	 -0.12817383
 -0.06372986	 -0.12799072
-0.063633725	 -0.12774658
-0.063534543	 -0.12749863
-0.063436888	  -0.1272316
-0.063342288	 -0.12703323
-0.063243106	 -0.12681198
-0.063146971	 -0.12656021
-0.063047789	 -0.12632751
-0.062948607	 -0.12610626
-0.062849425	 -0.12582397
-0.062753297	 -0.12568283
 -0.06265869	 -0.12547302
-0.062559508	 -0.12524796
 -0.06246338	 -0.12495804
-0.062365722	 -0.12477493
-0.062268067	 -0.12459183
-0.062168885	 -0.12434387
-0.062071227	 -0.12416458
-0.061972044	 -0.12392044
-0.061875917	 -0.12372589
-0.061776735	 -0.12359619
-0.061680604	 -0.12334824
-0.061584473	  -0.1231308
-0.061486818	 -0.12284851
 -0.06139221	   -0.122612
-0.061291505	 -0.12241364
-0.061193846	  -0.1222496
-0.061096191	 -0.12203979
-0.060998537	 -0.12182999
-0.060899355	 -0.12158585
-0.060801696	 -0.12137604
-0.060704041	  -0.1211853
-0.060609438	 -0.12097549
-0.060508728	 -0.12072372
-0.060412597	 -0.12047958
-0.060314942	 -0.12023163
-0.060217284	 -0.11994934
-0.060121156	 -0.11978531
-0.060020447	 -0.11971283
-0.059924316	 -0.11947632
-0.059826661	 -0.11914825
-0.059729002	 -0.11885452
-0.059631348	 -0.11865234
-0.059533693	 -0.11806488
-0.059439085	 -0.11796188
-0.059341431	 -0.11780167
-0.059242249	 -0.11749268
-0.059143066	 -0.11722565
-0.059043884	  -0.1170578
 -0.05894623	  -0.1167984
-0.058853149	 -0.11663055
-0.058753967	  -0.1163063
-0.058657836	 -0.11614227
-0.058558654	 -0.11588287
-0.058465578	  -0.1157608
-0.058364868	 -0.11540985
-0.058268737	 -0.11505127
-0.058168031	 -0.11492157
-0.058067322	 -0.11467361
-0.057972718	 -0.11443329
-0.057873536	 -0.11412048
-0.057775877	 -0.11397171
-0.057681274	 -0.11369324
-0.057580568	 -0.11354446
-0.057484437	 -0.11331177
-0.057388306	 -0.11303711
-0.057287596	 -0.11278534
-0.057192992	 -0.11252594
-0.057095338	 -0.11234665
-0.056996156	 -0.11207581
-0.056898497	 -0.11178589
-0.056799315	 -0.11168289
-0.056704711	 -0.11131668
-0.056605529	 -0.11108398
-0.056509398	 -0.11081696
-0.056411743	 -0.11058807
-0.056314088	 -0.11037064
 -0.05621643	 -0.11008072
-0.056118775	 -0.10983276
-0.056021117	 -0.10959244
-0.055923462	 -0.10935974
-0.055827331	  -0.1089859
-0.055728149	 -0.10889435
-0.055632018	 -0.10865021
-0.055532835	 -0.10847092
-0.055436708	 -0.10816574
 -0.05533905	 -0.10805893
-0.055238344	 -0.10795593
-0.055140685	  -0.1075592
-0.055043031	 -0.10707092
-0.054946899	 -0.10645676
-0.054849245	 -0.10629272
-0.054754637	 -0.10641479
-0.054653931	 -0.10635757
-0.054556273	 -0.10629272
-0.054461669	 -0.10603333
-0.054360963	   -0.105896
-0.054264832	 -0.10575485
-0.054168701	 -0.10527039
-0.054071046	 -0.10531616
-0.053973388	 -0.10522842
-0.053875733	 -0.10491943
-0.053778075	  -0.1047287
-0.053681947	 -0.10453033
-0.053578187	 -0.10432434
-0.053488158	 -0.10412216
-0.053384401	 -0.10395432
-0.053289793	 -0.10367966
-0.053192139	 -0.10342789
-0.053094484	 -0.10320282
-0.052995302	 -0.10283279
-0.052899171	  -0.1025238
-0.052798461	 -0.10217285
 -0.05270233	 -0.10199356
-0.052604675	 -0.10169601
-0.052507021	 -0.10141373
-0.052409362	  -0.1011734
-0.052314758	 -0.10102081
-0.052215576	 -0.10073471
-0.052119445	 -0.10041046
-0.052023314	 -0.10025024
-0.051924132	 -0.10020065
 -0.05182495	-0.099845886
-0.051727295	-0.099628448
 -0.05162964	-0.099487305
-0.051533509	-0.099140167
-0.051437378	-0.098934174
-0.051338196	-0.098686218
-0.051237486	-0.098468781
-0.051141359	-0.098186493
-0.051045228	-0.097881317
-0.050952148	-0.097732544
-0.050848387	 -0.09734726
-0.050750732	-0.097187042
 -0.05065155	-0.096939087
 -0.05055847	-0.096664429
-0.050459288	-0.096431732
-0.050361633	-0.096256256
-0.050265502	 -0.09595108
-0.050167847	-0.095691681
-0.050068665	-0.095554352
-0.049971007	-0.095088959
-0.049871825	-0.094837189
 -0.04977417	-0.094535828
-0.049678039	-0.094230652
-0.049581908	-0.093955994
-0.049481202	-0.093757629
-0.049389649	-0.093524933
 -0.04928894	-0.093250275
-0.049191285	-0.093128204
-0.049093626	-0.092788696
-0.049002074	-0.092327118
 -0.04889679	-0.092170715
-0.048797607	-0.091876984
-0.048699953	-0.091510773
  -0.0486084	-0.091175079
-0.048506163	-0.091087341
-0.048410036	-0.090877533
-0.048312377	-0.090709686
-0.048216246	-0.090503693
-0.048117064	-0.090351105
-0.048019409	-0.089729309
  -0.0479187	-0.089653015
-0.047821045	-0.089588165
-0.047726441	 -0.08921814
-0.047628783	-0.089008331
-0.047531128	-0.088829041
-0.047436524	-0.088668823
-0.047334291	-0.088516235
 -0.04723816	-0.087985992
-0.047142029	-0.087909698
-0.047042847	 -0.08757019
-0.046945192	-0.087417603
-0.046847533	 -0.08707428
-0.046749879	-0.086643219
-0.046656799	-0.086494446
-0.046554565	-0.086380005
-0.046458434	-0.085899353
-0.046365358	-0.085353851
-0.046261597	-0.084770203
-0.046165466	-0.084434509
-0.046067812	 -0.08411026
-0.045968629	-0.084251404
-0.045872498	-0.084060669
-0.045773316	-0.083953857
-0.045678712	-0.083850861
-0.045578003	-0.083702087
-0.045481872	-0.083423615
-0.045384217	-0.083259583
-0.045288086	 -0.08290863
-0.045187376	-0.082805634
-0.045092773	-0.082511902
-0.044995118	-0.082530975
-0.044897459	-0.082382202
-0.044799805	-0.081977844
 -0.04470215	-0.081523895
 -0.04460144	-0.081108093
-0.044509888	-0.080974579
-0.044409178	-0.080734253
-0.044309996	-0.080402374
-0.044213869	-0.080276489
-0.044119261	-0.080173492
-0.044015504	-0.080242157
-0.043920897	-0.080112457
-0.043821715	 -0.08014679
-0.043728638	-0.079929352
-0.043624878	-0.079868317
-0.043531798	-0.079376221
-0.043432616	-0.079128265
-0.043336488	-0.078845978
 -0.04323883	-0.078327179
-0.043142699	-0.078151703
-0.043040466	-0.077720642
-0.042942811	-0.077465057
 -0.04284668	-0.077568054
-0.042750549	-0.077285767
-0.042649843	-0.076934814
-0.042556763	-0.076610565
-0.042457581	-0.076328278
-0.042361449	-0.076095581
-0.042260744	-0.075641632
-0.042164613	-0.075458527
 -0.04206543	-0.075416565
-0.041966248	-0.075153351
-0.041871645	-0.074954987
-0.041773986	-0.074958801
 -0.04167328	-0.074867249
  -0.0415802	 -0.07478714
-0.041481018	-0.074440002
-0.041383363	-0.074192047
-0.041284181	-0.073989868
-0.041189574	-0.073741913
-0.041088868	-0.073596954
-0.040992737	-0.073226929
-0.040893555	-0.072937012
-0.040802002	-0.072891235
-0.040698241	 -0.07252121
-0.040600587	-0.072341919
-0.040505983	 -0.07207489
-0.040405273	-0.071971893
 -0.04031067	-0.071720123
-0.040213011	-0.071460724
-0.040112305	-0.071235657
-0.040019225	-0.071216583
-0.039916992	-0.071029663
-0.039822388	 -0.07062149
-0.039721679	-0.070487976
-0.039628603	-0.070194244
-0.039532471	-0.070152283
-0.039433289	-0.069934845
-0.039334107	-0.069732666
-0.039239503	-0.069496155
-0.039135743	-0.069293976
-0.039041139	-0.069068909
-0.038943481	-0.068584442
 -0.03884735	-0.068584442
-0.038746644	-0.068580627
-0.038653564	-0.068599701
-0.038554382	-0.068538666
 -0.03845825	-0.068305969
-0.038357545	-0.067886353
-0.038264465	-0.067459106
-0.038163759	-0.066879272
-0.038064577	-0.066375732
-0.037968446	-0.065929413
-0.037869263	 -0.06570816
-0.037771605	-0.065402985
-0.037678529	-0.065166473
-0.037576295	-0.065086365
-0.037480164	-0.064956665
-0.037380982	 -0.06452179
-0.037287902	-0.064300537
-0.037185669	-0.064090729
-0.037088014	-0.063980103
-0.036990356	-0.063697815
-0.036892701	-0.063480377
 -0.03679657	-0.063301086
-0.036700439	-0.063049316
-0.036602784	-0.062736511
-0.036505125	-0.062553406
-0.036407471	-0.062393188
-0.036309816	-0.062072754
-0.036207579	-0.061923981
-0.036111452	-0.061538696
-0.036016844	-0.061347961
 -0.03592224	-0.061161041
-0.035821535	-0.060977936
-0.035723876	-0.060825348
-0.035626221	-0.060611725
-0.035528563	 -0.06047821
-0.035430908	-0.060287476
-0.035333253	-0.059955597
-0.035232544	-0.059734344
-0.035134889	-0.059513092
-0.035041809	-0.059123993
-0.034945678	-0.058940887
-0.034844972	-0.058670044
-0.034750365	-0.058380127
-0.034651183	-0.058143616
-0.034555055	-0.058044434
-0.034452818	-0.057849884
-0.034359742	-0.057693481
-0.034257509	-0.057498932
-0.034162901	-0.057235718
-0.034063719	 -0.05701828
-0.033969115	-0.056812286
 -0.03386841	-0.056552887
-0.033773802	-0.056331635
-0.033676147	-0.055980682
-0.033578493	-0.055740356
-0.033480834	 -0.05550766
-0.033384703	-0.055286407
-0.033283997	-0.055114746
-0.033187866	-0.054954529
-0.033087157	  -0.0548172
-0.032992553	-0.054656982
-0.032891847	-0.054523468
 -0.03279724	-0.054256439
-0.032698058	-0.053985596
-0.032603454	-0.053787231
-0.032504272	-0.053588867
-0.032406617	-0.053367615
-0.032307435	-0.053153992
-0.032211304	-0.052967072
-0.032113649	-0.052780151
-0.032017518	-0.052520752
-0.031916808	-0.052318573
-0.031820677	-0.052124023
 -0.03172455	-0.051952362
-0.031625368	-0.051700592
-0.031526186	-0.051517487
-0.031431578	-0.051288605
-0.031329345	-0.051025391
-0.031236267	-0.050701141
-0.031137085	-0.050422668
-0.031039428	-0.050224304
 -0.03093872	-0.050060272
-0.030844117	-0.049892426
 -0.03074646	-0.049674988
-0.030648803	-0.049427032
-0.030549621	-0.049209595
-0.030453492	 -0.04901886
-0.030355835	 -0.04875946
-0.030258179	-0.048534393
-0.030163575	-0.048313141
-0.030062865	-0.048095703
-0.029969787	 -0.04782486
-0.029867554	-0.047576904
-0.029768372	-0.047252655
-0.029673766	-0.047042847
-0.029577637	-0.046791077
-0.029476929	-0.046615601
-0.029379273	-0.046459198
-0.029281616	-0.046257019
-0.029185485	 -0.04605484
 -0.02908783	-0.045845032
-0.028991699	-0.045574188
-0.028890992	-0.045383453
-0.028793335	-0.045200348
-0.028692627	-0.044975281
-0.028599549	-0.044723511
-0.028501892	-0.044506073
-0.028405761	-0.044296265
-0.028308105	-0.044052124
 -0.02821045	-0.043842316
-0.028111268	-0.043689728
-0.028012086	-0.043411255
 -0.02791748	-0.043174744
-0.027819823	-0.042900085
-0.027720641	-0.042671204
-0.027621459	-0.042446136
-0.027523804	-0.042221069
-0.027427673	-0.042003632
-0.027326966	-0.041782379
-0.027233887	-0.041507721
-0.027134705	-0.041225433
-0.027038574	 -0.04095459
-0.026939392	 -0.04070282
-0.026846314	-0.040473938
-0.026745606	-0.040260315
-0.026646424	-0.040065765
-0.026545715	-0.039791107
-0.026452636	-0.039527893
-0.026353454	-0.039333344
-0.026260376	-0.039104462
-0.026158143	-0.038852692
-0.026060486	-0.038566589
-0.025964355	-0.038349152
-0.025868226	-0.038093567
-0.025765991	-0.037799835
-0.025669862	-0.037540436
-0.025570679	-0.037322998
-0.025476074	-0.037094116
-0.025378417	-0.036880493
-0.025280762	-0.036621094
-0.025186157	-0.036399841
-0.025085449	-0.036128998
-0.024986267	-0.035877228
-0.024890136	-0.035621643
-0.024795532	-0.035385132
-0.024697876	-0.035106659
-0.024597168	-0.034866333
-0.024497986	 -0.03458786
-0.024403382	-0.034317017
-0.024307251	-0.034061432
-0.024208069	 -0.03383255
-0.024111938	-0.033615112
 -0.02401123	-0.033397675
-0.023916626	-0.033153534
-0.023815919	-0.032909393
-0.023718262	-0.032653809
 -0.02361908	-0.032405853
-0.023524474	 -0.03213501
-0.023423767	-0.031894684
-0.023333739	-0.031684875
-0.023234557	-0.031410217
-0.023135375	-0.031135559
 -0.02303772	 -0.03087616
-0.022940064	-0.030639648
-0.022840882	-0.030422211
-0.022743225	-0.030220032
-0.022644043	-0.030029297
-0.022547912	-0.029788971
-0.022447204	-0.029541016
-0.022354126	-0.029285431
-0.022256469	-0.029056549
-0.022158813	-0.028823853
-0.022061158	-0.028606415
-0.021965027	-0.028343201
-0.021862794	-0.028091431
-0.021768188	-0.027824402
 -0.02166748	-0.027580261
-0.021572877	-0.027362823
-0.021478271	-0.027191162
-0.021377563	-0.026988983
-0.021281432	-0.026779175
-0.021185303	-0.026554108
-0.021087646	-0.026340485
-0.020983886	-0.026092529
-0.020890808	-0.025878906
-0.020791626	-0.025665283
-0.020697022	-0.025436401
-0.020596314	-0.025196075
-0.020501709	 -0.02495575
-0.020402526	-0.024719238
 -0.02030487	-0.024497986
-0.020210266	-0.024311066
-0.020112609	-0.024139404
-0.020011902	-0.023960114
 -0.01991272	-0.023750305
-0.019815063	-0.023525238
-0.019720459	 -0.02331543
-0.019619752	-0.023078918
-0.019525146	 -0.02287674
-0.019427489	-0.022666931
-0.019329835	-0.022426605
-0.019232178	-0.022190094
-0.019134521	-0.021957397
-0.019036865	-0.021743774
-0.018936157	-0.021541595
-0.018841553	-0.021369934
-0.018743897	-0.021205902
 -0.01864624	-0.021018982
-0.018548584	-0.020832062
-0.018450927	-0.020622253
-0.018353272	-0.020420074
-0.018255616	-0.020217896
 -0.01816101	-0.020027161
-0.018057251	-0.019828796
 -0.01796112	-0.019611359
-0.017861938	-0.019390106
-0.017767334	-0.019168854
-0.017668152	-0.018974304
-0.017572021	-0.018791199
-0.017474364	-0.018634796
 -0.01737671	 -0.01845932
   -0.017276	-0.018299103
-0.017182922	-0.018112183
-0.017082214	 -0.01789856
-0.016989136	-0.017696381
-0.016888428	-0.017505646
-0.016790772	-0.017318726
-0.016693115	-0.017127991
-0.016595459	-0.016925812
-0.016497802	-0.016719818
-0.016401673	-0.016517639
-0.016302491	-0.016319275
-0.016206359	-0.016162872
-0.016107177	-0.016014099
-0.016009521	-0.015861511
-0.015908813	-0.015686035
 -0.01581726	-0.015499115
-0.015716553	-0.015293121
-0.015621948	-0.015102386
 -0.01552124	-0.014915466
-0.015426636	-0.014755249
-0.015327454	-0.014575958
-0.015231323	-0.014385223
-0.015130615	-0.014190674
-0.015036011	-0.013999939
-0.014938354	-0.013820648
-0.014842224	 -0.01367569
-0.014741516	-0.013534546
 -0.01464386	-0.013389587
-0.014550781	-0.013221741
-0.014448548	-0.013053894
-0.014350891	-0.012870789
-0.014254761	-0.012695313
-0.014155579	-0.012519836
 -0.01405487	-0.012359619
 -0.01395874	-0.012184143
-0.013864135	-0.012001038
-0.013763428	-0.011817932
-0.013670349	-0.011638641
-0.013571167	-0.011486053
-0.013473511	 -0.01133728
-0.013375854	-0.011203766
 -0.01328125	-0.011054993
-0.013180542	-0.010906219
-0.013084412	-0.010742188
-0.012983704	-0.010559082
-0.012892151	-0.010398865
-0.012786865	-0.010238647
-0.012692261	-0.010093689
 -0.01259613	-0.009929657
-0.012496948	-0.0097389221
-0.012399292	-0.0095748901
-0.012304688	-0.0094146729
-0.012203979	-0.0092658997
-0.012106324	  -0.0091362
-0.012008667	-0.0089988708
 -0.01191101	-0.0088615417
-0.011813355	-0.0087165833
-0.011717224	-0.0085639954
-0.011618042	-0.0083999634
-0.011520386	-0.0082397461
-0.011422729	-0.008102417
-0.011328125	-0.0079574585
-0.011225891	-0.0077934265
-0.011129761	-0.0076293945
 -0.01103363	-0.0074539185
-0.010940552	-0.0073127747
-0.010836792	-0.007183075
-0.010743713	-0.0070648193
-0.010643005	-0.0069351196
-0.010545349	-0.0068092346
-0.010447693	-0.0066604614
-0.010353088	-0.0065116882
-0.010250854	-0.006362915
-0.010154724	-0.0062332153
-0.010055542	-0.0060920715
-0.0099609373	-0.0059585571
-0.0098602297	-0.0058135986
-0.0097686769	-0.0056610107
-0.0096679684	-0.0055084229
-0.0095703127	-0.0053863525
-0.0094726561	-0.0052566528
-0.0093765259	-0.0051460266
-0.0092773438	-0.005027771
-0.0091781616	-0.0049133301
-0.0090820314	-0.0047836304
-0.0089874268	-0.0046348572
-0.0088851927	-0.0045166016
-0.0087921144	-0.0043945313
-0.0086944578	-0.0042686462
-0.0085937502	-0.0041503906
-0.0084945681	-0.0040054321
-0.0083984379	-0.003868103
-0.0083007813	-0.0037460327
-0.0082031246	-0.0036315918
-0.0081085209	-0.0035171509
-0.0080108643	-0.0034179688
-0.0079101566	-0.0033149719
  -0.0078125	-0.0032043457
-0.0077178953	-0.0030784607
-0.0076187132	-0.0029678345
-0.007521057	-0.0028610229
-0.0074249269	-0.0027542114
-0.0073242188	-0.0026473999
-0.0072280886	-0.0025253296
-0.0071289064	-0.0024185181
-0.0070327758	-0.0023002625
-0.0069320677	-0.002204895
-0.0068374635	-0.0021095276
-0.0067382813	-0.0020179749
-0.0066436767	-0.0019378662
-0.0065444945	-0.0018501282
-0.0064483644	-0.001750946
-0.0063491822	-0.0016555786
-0.0062545775	-0.0015487671
-0.0061538694	-0.0014724731
-0.0060577393	-0.001373291
-0.0059585571	-0.0013008118
-0.0058654784	-0.0012130737
-0.0057617188	-0.0011520386
-0.0056671142	-0.0010795593
-0.005567932	-0.0010185242
-0.0054718019	-0.00093841553
-0.0053710938	-0.00086593628
-0.0052734376	-0.00080490112
-0.0051803589	-0.00074386597
-0.0050811768	-0.00067901611
-0.0049819946	-0.00063323975
-0.0048858644	-0.0005645752
-0.0047866823	-0.00051498413
-0.0046890257	-0.00046539307
-0.0045928955	-0.0004196167
-0.0044967653	-0.00038909912
-0.0043991087	-0.00035095215
-0.0043014525	-0.00032424927
-0.0042022704	-0.00030517578
-0.0041046143	-0.00026321411
-0.0040069581	-0.00023651123
-0.0039093019	-0.00020980835
-0.0038116456	-0.00018692017
-0.0037139892	-0.00017166138
-0.003616333	-0.00015258789
-0.0035217286	-0.0001373291
-0.0034210205	-0.00011444092
 -0.00332489	-0.00010681152
-0.0032272339	-8.392334e-005
-0.0031280518	-8.392334e-005
-0.0030303956	-7.6293945e-005
-0.0029357909	-6.4849854e-005
-0.0028350831	-6.1035156e-005
-0.0027374267	-4.5776367e-005
-0.0026397705	-4.5776367e-005
-0.0025451661	-3.4332275e-005
-0.002444458	-3.0517578e-005
-0.0023498535	-3.8146973e-005
-0.0022506714	-3.4332275e-005
-0.002154541	-3.4332275e-005
-0.0020553588	-3.0517578e-005
-0.0019577027	-3.4332275e-005
-0.0018585206	-3.0517578e-005
-0.001763916	-3.0517578e-005
-0.0016662597	-2.2888184e-005
-0.0015701294	-1.9073486e-005
-0.0014678955	-2.6702881e-005
-0.0013717652	-3.4332275e-005
-0.0012756347	-3.0517578e-005
-0.0011779785	-2.6702881e-005
-0.0010818482	-2.6702881e-005
-0.00098419189	-3.0517578e-005
-0.00088500977	-3.4332275e-005
-0.00078735349	-3.0517578e-005
-0.00068664551	-3.0517578e-005
-0.00059356692	-1.9073486e-005
-0.00049438479	-2.2888184e-005
-0.00039520263	-2.2888184e-005
-0.00029907227	-2.6702881e-005
-0.00019836426	-3.0517578e-005
-0.00010375977	-2.2888184e-005
-9.1552738e-006	-2.2888184e-005
9.6130374e-005	-3.0517578e-005
0.00018920898	-2.6702881e-005
0.00028686522	-1.9073486e-005
0.00037841796	-2.2888184e-005
0.00048522948	-2.6702881e-005
0.00057830813	-2.6702881e-005
0.00067596434	-1.9073486e-005
0.00077514647	-4.196167e-005
0.00087280275	-2.6702881e-005
0.00096740725	-2.2888184e-005
0.0010681152	-3.4332275e-005
0.0011657715	-3.8146973e-005
0.0012619018	-1.9073486e-005
0.0013580322	-3.0517578e-005
0.0014602661	-2.6702881e-005
0.0015533448	-3.4332275e-005
0.0016540528	-2.6702881e-005
0.0017486572	-2.6702881e-005
0.0018508912	-3.0517578e-005
0.0019454956	-2.2888184e-005
0.0020462037	-3.0517578e-005
0.0021423339	-2.2888184e-005
 0.002241516	-2.6702881e-005
0.0023345947	-1.1444092e-005
0.0024353028	-2.2888184e-005
 0.002531433	-1.1444092e-005
0.0026275634	-1.1444092e-005
0.0027267456	           0
0.0028244019	-3.8146973e-006
0.0029190064	           0
0.0030227662	1.5258789e-005
0.0031188964	3.4332275e-005
0.0032135011	3.4332275e-005
0.0033111572	5.7220459e-005
0.0034118653	6.8664551e-005
0.0035064698	8.7738037e-005
0.0036041259	0.00010681152
0.0037017823	0.00012207031
0.0037994385	0.00014877319
0.0038986206	0.00017166138
0.0039978027	0.00020599365
0.0040924074	0.00024032593
0.0041885376	0.00026702881
0.0042861938	0.00030517578
0.0043853759	0.00033187866
 0.004483032	0.00038146973
0.0045806887	0.0004196167
0.0046783448	0.00046157837
 0.004776001	0.00051116943
0.0048721312	0.0005531311
0.0049713133	0.00061798096
 0.005065918	0.00067901611
0.0051666261	0.00075149536
0.0052627563	0.00080490112
0.0053619384	0.00086975098
0.0054595945	0.00093841553
0.0055557252	0.0010070801
0.0056533813	0.0010757446
0.0057510375	0.0011558533
0.0058456422	0.0012245178
0.0059463503	0.0012931824
0.0060455324	0.0013771057
0.0061401366	0.0014610291
0.0062362673	0.0015411377
0.0063385009	0.0016403198
 0.006436157	0.0017318726
0.0065307617	0.0018386841
0.0066299438	0.0019302368
   0.0067276	0.0020179749
0.0068267821	0.0021133423
0.0069244383	0.0022125244
0.0070205689	0.0023155212
0.0071166991	0.0024108887
0.0072143553	0.0025100708
0.0073120119	0.0025863647
0.0074096681	0.0027008057
0.0075073242	0.0028076172
0.0076065063	0.0029258728
0.0077056885	0.0030479431
0.0078018187	0.0031738281
0.0079010008	 0.003288269
0.0080001829	0.0033988953
0.0080932621	0.0035171509
0.0081878658	0.0036277771
0.0082916263	0.0037536621
0.0083847046	0.0038757324
0.0084838867	0.0039863586
0.0085830688	0.0041160583
0.0086807255	0.0042266846
0.0087768557	0.0043411255
0.0088745113	 0.004486084
 0.008969116	0.0046272278
0.0090698246	0.0047607422
0.0091659548	 0.004901886
0.0092681888	0.0050430298
0.0093612671	0.0051651001
0.0094604492	0.0052871704
0.0095581058	0.0054206848
 0.009657288	 0.005569458
0.0097534182	0.0057029724
0.0098541258	0.0058403015
 0.009950256	0.0059585571
 0.010046387	0.0060806274
 0.010140991	0.0062179565
 0.010243225	0.0063667297
 0.010336304	0.0065155029
  0.01043396	0.0066833496
 0.010534668	0.0068435669
 0.010635376	0.0069885254
 0.010726929	0.0071296692
 0.010827636	 0.007270813
 0.010925293	0.0074119568
  0.01102295	0.0075683594
 0.011117553	0.0077095032
 0.011218262	0.0078620911
 0.011312867	0.0079879761
 0.011410522	0.0081291199
 0.011509704	0.0082626343
 0.011608887	0.0084381104
 0.011703491	0.0086021423
 0.011801148	0.0087890625
 0.011901855	0.0089492798
 0.011999512	0.0091056824
 0.012094116	0.0092544556
  0.01219635	0.0094108582
 0.012289429	0.0095596313
 0.012385559	0.0097236633
 0.012484741	0.0098762512
 0.012582397	 0.010017395
 0.012680054	 0.010162354
  0.01277771	 0.010311127
 0.012876892	 0.010475159
 0.012976075	  0.01064682
 0.013067627	  0.01083374
 0.013168335	  0.01102829
 0.013265992	 0.011199951
 0.013365174	 0.011371613
 0.013464356	 0.011520386
  0.01355896	 0.011688232
 0.013655091	 0.011859894
 0.013757324	 0.012039185
 0.013851929	 0.012210846
 0.013949585	 0.012355804
 0.014047241	 0.012512207
 0.014144897	  0.01266098
 0.014239502	 0.012832642
  0.01434021	 0.013027191
 0.014437866	  0.01322937
 0.014535522	  0.01342392
 0.014634704	 0.013614655
 0.014730835	 0.013793945
 0.014828491	 0.013957977
 0.014924621	 0.014137268
 0.015020752	 0.014316559
 0.015122985	  0.01449585
  0.01521759	 0.014663696
 0.015316772	 0.014831543
 0.015412902	 0.014995575
 0.015512085	 0.015163422
 0.015606689	 0.015350342
 0.015707398	 0.015563965
  0.01580658	 0.015769958
 0.015901184	 0.015972137
 0.015997315	 0.016170502
 0.016098022	 0.016353607
 0.016192626	 0.016525269
 0.016290283	 0.016716003
 0.016387939	 0.016906738
 0.016488647	 0.017105103
 0.016581725	 0.017280579
 0.016682435	 0.017467499
  0.01678009	 0.017635345
 0.016876221	 0.017818451
 0.016973877	  0.01802063
 0.017074585	 0.018249512
 0.017172242	 0.018470764
 0.017266845	 0.018692017
 0.017364502	 0.018882751
 0.017462159	 0.019077301
 0.017559815	 0.019260406
  0.01765747	   0.0194664
 0.017758179	 0.019668579
 0.017849732	 0.019809723
  0.01795044	 0.020011902
 0.018048096	 0.020240784
 0.018145751	 0.020465851
 0.018243408	 0.020698547
 0.018341064	  0.02091217
 0.018438721	 0.021102905
 0.018536378	 0.021305084
 0.018632507	 0.021518707
 0.018733215	 0.021720886
 0.018829346	 0.021930695
 0.018927002	 0.022129059
 0.019023132	 0.022323608
 0.019122314	 0.022518158
 0.019216919	 0.022712708
 0.019317627	 0.022941589
 0.019415284	 0.023189545
 0.019514466	 0.023429871
 0.019609069	 0.023674011
 0.019711304	 0.023891449
 0.019804383	 0.024105072
 0.019903565	  0.02432251
 0.019998169	 0.024543762
 0.020095825	   0.0247612
 0.020193482	 0.024990082
 0.020294189	 0.025203705
 0.020387268	 0.025402069
 0.020491028	 0.025600433
 0.020587157	 0.025821686
  0.02068634	 0.026054382
  0.02077942	 0.026306152
 0.020878602	 0.026569366
 0.020976257	 0.026817322
 0.021073913	 0.027053833
 0.021170044	 0.027275085
 0.021270752	 0.027496338
 0.021368409	 0.027709961
 0.021466065	 0.027946472
 0.021562194	 0.028190613
 0.021661377	  0.02841568
 0.021755982	 0.028617859
 0.021855164	 0.028842926
 0.021951294	 0.029067993
 0.022050476	 0.029335022
 0.022145081	  0.02960968
 0.022244263	 0.029876709
 0.022341918	 0.030124664
 0.022442628	 0.030357361
 0.022537231	 0.030593872
 0.022636414	 0.030830383
  0.02273407	 0.031066895
 0.022825623	 0.031318665
 0.022926331	 0.031562805
 0.023023987	 0.031776428
 0.023120116	 0.031963348
 0.023222351	  0.03219986
 0.023318481	  0.03245163
 0.023417663	 0.032718658
 0.023512268	 0.032989502
 0.023614502	 0.033267975
 0.023709107	 0.033508301
 0.023808289	 0.033760071
 0.023902893	 0.033996582
 0.024002075	 0.034248352
 0.024096679	 0.034488678
 0.024198914	 0.034744263
 0.024295043	 0.034984589
   0.0243927	 0.035205841
 0.024490356	 0.035442352
  0.02459259	 0.035682678
 0.024684142	 0.035934448
 0.024781799	 0.036205292
  0.02487793	 0.036506653
 0.024975587	 0.036773682
 0.025076294	 0.037025452
 0.025173951	 0.037265778
 0.025271606	 0.037506104
 0.025367737	 0.037750244
 0.025465393	 0.038002014
 0.025564576	 0.038246155
 0.025656128	 0.038467407
 0.025756836	 0.038700104
 0.025852967	 0.038936615
 0.025953675	 0.039165497
 0.026046753	  0.03943634
 0.026148986	  0.03969574
 0.026245117	 0.039966583
 0.026342774	 0.040222168
  0.02644043	 0.040481567
 0.026541138	 0.040721893
 0.026635742	  0.04095459
 0.026733398	 0.041191101
 0.026831055	 0.041412354
 0.026928712	 0.041629791
 0.027023315	 0.041809082
 0.027125549	 0.041984558
 0.027220154	 0.042114258
 0.027319336	 0.042282104
 0.027415466	 0.042469025
 0.027514648	 0.042629242
 0.027609253	 0.042877197
 0.027709961	 0.043075562
 0.027807618	 0.043251038
 0.027903747	 0.043453217
 0.027998352	 0.043624878
 0.028103638	 0.043800354
 0.028196717	 0.044059753
 0.028295899	 0.044269562
 0.028393555	 0.044483185
  0.02849121	 0.044708252
  0.02858429	 0.044887543
 0.028686523	 0.045139313
 0.028781127	 0.045383453
 0.028878784	 0.045581818
  0.02897644	 0.045825958
 0.029077148	 0.046073914
 0.029173279	  0.04624939
 0.029272461	 0.046470642
 0.029370118	 0.046707153
   0.0294693	 0.046920776
 0.029563904	  0.04712677
 0.029660035	 0.047359467
  0.02975769	 0.047561646
 0.029855346	 0.047744751
 0.029949952	 0.047996521
 0.030052185	 0.048202515
 0.030146789	 0.048435211
 0.030245971	 0.048656464
 0.030343628	 0.048877716
 0.030441284	 0.049068451
 0.030538941	 0.049274445
 0.030638123	 0.049514771
 0.030734252	  0.04970932
 0.030831909	 0.049945831
 0.030931091	  0.05014801
 0.031028748	 0.050422668
 0.031124879	 0.050613403
 0.031224061	 0.050788879
 0.031320192	 0.051074982
 0.031420898	  0.05128479
 0.031513978	 0.051448822
  0.03161316	 0.051677704
 0.031710815	 0.051967621
 0.031809997	 0.052230835
 0.031903077	 0.052459717
 0.032006837	 0.052642822
  0.03209839	 0.052845001
 0.032199096	 0.053089142
 0.032296754	 0.053260803
 0.032395937	 0.053470612
 0.032487489	 0.053722382
 0.032586671	 0.053928375
 0.032684326	 0.054145813
 0.032786559	  0.05431366
 0.032879639	 0.054553986
   0.0329834	 0.054767609
 0.033078004	 0.055027008
 0.033175658	 0.055278778
 0.033273317	 0.055500031
 0.033372499	 0.055721283
 0.033467103	 0.055927277
 0.033566285	 0.056148529
 0.033662416	 0.056400299
 0.033760071	 0.056564331
 0.033856202	 0.056865692
 0.033955384	 0.057014465
 0.034051515	 0.057247162
 0.034152221	 0.057441711
 0.034248352	 0.057594299
 0.034349062	 0.057674408
 0.034445189	 0.057914734
  0.03454132	 0.058097839
 0.034637451	  0.05847168
 0.034735106	 0.058540344
 0.034829713	 0.058895111
 0.034930419	 0.059238434
 0.035028078	 0.059429169
 0.035125732	 0.059597015
 0.035224915	  0.05978775
 0.035321046	 0.059997559
   0.0354187	 0.060237885
 0.035513304	  0.06054306
 0.035612486	 0.060852051
 0.035711668	 0.061031342
 0.035809327	 0.061347961
 0.035910033	 0.061561584
  0.03600464	 0.061763763
 0.036102295	 0.061927795
  0.03619995	 0.062217712
 0.036300659	 0.062366486
 0.036393739	  0.06262207
 0.036492921	 0.062820435
 0.036589049	 0.062988281
 0.036689758	 0.063140869
 0.036782838	 0.063499451
 0.036885072	 0.063659668
 0.036979675	 0.063831329
 0.037081908	 0.064041138
 0.037176512	 0.064224243
 0.037275694	 0.064453125
 0.037368774	 0.064781189
 0.037469484	  0.06496048
 0.037565611	 0.065071106
 0.037664793	 0.065319061
 0.037760925	 0.065452576
 0.037860107	 0.065681458
 0.037957765	 0.065952301
 0.038052369	 0.066165924
 0.038150024	 0.066333771
 0.038250733	 0.066482544
  0.03834381	  0.06659317
 0.038442992	 0.066810608
 0.038542174	 0.067321777
 0.038641356	 0.067821503
 0.038735963	 0.067886353
 0.038835146	  0.06803894
 0.038931273	  0.06810379
 0.039031982	 0.068447113
 0.039126586	 0.068950653
 0.039225768	 0.069198608
 0.039320372	 0.069355011
 0.039419554	 0.069705963
 0.039517213	 0.069988251
 0.039614867	 0.070144653
 0.039709471	 0.069854736
 0.039813232	 0.069885254
 0.039907835	 0.070159912
 0.040003967	 0.070457458
 0.040103149	 0.070682526
 0.040200807	 0.070831299
 0.040298462	  0.07100296
 0.040396117	 0.071285248
 0.040493775	 0.071426392
 0.040594481	 0.071632385
 0.040689088	 0.071807861
 0.040786743	 0.071994781
 0.040884398	 0.072093964
  0.04098358	 0.072219849
 0.041079711	 0.072662354
 0.041178893	 0.072990417
 0.041271973	 0.073207855
 0.041369628	 0.073238373
 0.041470338	 0.073551178
 0.041567992	 0.073947906
 0.041662596	 0.074081421
 0.041763306	 0.074440002
 0.041859437	 0.074581146
 0.041957092	 0.074638367
  0.04205475	 0.074874878
 0.042152405	  0.07490921
 0.042248536	 0.075256348
 0.042347718	 0.075622559
 0.042443849	  0.07585144
 0.042544555	 0.076026917
 0.042639159	 0.076293945
 0.042739868	 0.076530457
 0.042835999	 0.076633453
 0.042933654	 0.076908112
 0.043029785	 0.076953888
 0.043130495	 0.077373505
 0.043225098	 0.077777863
 0.043322753	 0.077911377
 0.043423463	 0.078201294
 0.043521117	 0.078262329
 0.043615721	 0.078411102
 0.043716431	 0.078681946
 0.043814085	 0.079212189
 0.043911744	 0.079235077
 0.044007875	 0.079654694
 0.044107057	 0.079792023
 0.044200134	 0.079998016
 0.044300843	 0.080371857
 0.044400025	 0.080497742
 0.044494629	 0.080722809
 0.044592284	 0.080715179
 0.044692993	 0.081035614
 0.044787597	 0.081424713
 0.044885255	 0.081596375
 0.044979859	 0.081821442
  0.04508362	 0.081726074
 0.045176696	 0.082233429
 0.045278929	 0.082443237
 0.045376588	 0.082702637
 0.045472719	 0.083106995
 0.045568846	 0.083385468
 0.045668028	 0.083881378
 0.045764159	 0.084003448
 0.045861818	 0.084144592
 0.045957945	 0.084270477
 0.046058655	 0.084568024
 0.046151735	 0.085056305
 0.046252441	 0.085113525
 0.046350099	  0.08549118
 0.046447754	 0.085731506
 0.046545409	 0.085987091
 0.046643067	 0.086357117
 0.046739198	 0.086257935
 0.046835326	 0.086170197
 0.046936035	 0.086688995
 0.047036745	 0.086639404
  0.04712677	 0.087150574
 0.047230531	 0.087112427
 0.047326662	 0.087234497
 0.047424316	 0.087490082
 0.047521971	 0.087985992
 0.047616579	 0.088474274
 0.047714233	 0.089103699
 0.047813416	 0.089332581
  0.04791107	 0.089736938
 0.048008729	 0.089866638
  0.04810486	 0.089824677
 0.048205566	 0.090114594
 0.048301697	 0.089996338
 0.048397828	 0.090175629
 0.048495483	 0.090801239
 0.048597716	 0.091308594
 0.048689269	 0.091815948
 0.048788451	  0.09172821
 0.048886109	 0.091884613
 0.048983764	 0.092266083
 0.049081422	 0.092517853
 0.049179077	 0.092918396
 0.049276732	 0.092948914
  0.04937439	 0.093070984
 0.049468994	 0.093421936
 0.049569704	 0.093673706
 0.049668886	  0.09387207
 0.049766541	 0.094329834
 0.049864195	 0.094490051
 0.049960326	 0.094764709
  0.05005493	 0.095054626
  0.05015564	 0.095062256
 0.050250243	 0.095348358
 0.050350953	 0.095684052
 0.050448608	 0.095905304
 0.050546266	 0.096290588
 0.050642394	 0.096839905
 0.050738525	 0.097145081
 0.050839234	 0.096824646
 0.050936889	 0.096969604
 0.051029969	 0.096950531
 0.051132202	 0.097278595
 0.051229857	 0.097629547
 0.051327515	 0.097892761
 0.051422119	 0.097759247
 0.051522829	 0.098258972
 0.051618956	 0.098648071
 0.051713564	 0.098804474
 0.051812746	 0.099117279
 0.051908873	 0.099506378
 0.052009583	 0.099647522
 0.052107237	 0.099895477
 0.052206419	  0.10016251
 0.052304078	  0.10020447
 0.052398682	  0.10045624
 0.052499391	  0.10050964
 0.052593995	  0.10097885
  0.05269165	  0.10116959
 0.052790832	  0.10153198
  0.05288849	  0.10202789
 0.052984618	  0.10222626
   0.0530838	  0.10237503
 0.053182982	  0.10247421
 0.053279113	  0.10267639
 0.053375244	  0.10311127
 0.053474426	  0.10336304
 0.053572081	   0.1037941
 0.053668212	  0.10400772
 0.053762816	  0.10443115
 0.053863525	  0.10440063
 0.053959657	  0.10536957
 0.054057311	  0.10560608
 0.054156493	  0.10579681
 0.054254152	  0.10585403
 0.054351807	  0.10581589
 0.054447938	  0.10584641
 0.054545593	  0.10593414
 0.054643251	  0.10656738
 0.054740906	  0.10683823
 0.054843139	  0.10731888
 0.054934692	  0.10739899
 0.055038452	  0.10757065
 0.055133056	  0.10788345
 0.055230714	  0.10815811
 0.055325318	  0.10738373
   0.0554245	  0.10769272
 0.055520631	  0.10812378
 0.055619814	  0.10840225
 0.055715941	  0.10868454
  0.05581665	  0.10919571
 0.055914305	  0.10916901
 0.056010436	  0.10940933
 0.056108095	  0.10951996
  0.05620575	  0.10977936
 0.056303404	  0.10984421
 0.056401063	  0.11026001
 0.056498718	  0.11050415
 0.056594849	  0.11087418
 0.056694031	  0.11103058
 0.056793213	   0.1115036
 0.056887817	  0.11176682
 0.056986999	  0.11193466
  0.05708313	  0.11208725
 0.057183839	  0.11207581
 0.057276916	  0.11241913
 0.057376098	  0.11288452
  0.05747528	  0.11312866
 0.057572939	  0.11338043
 0.057667542	  0.11355591
 0.057765197	  0.11386871
 0.057864379	  0.11394882
  0.05796051	  0.11433792
 0.058059692	  0.11454391
 0.058157347	  0.11462402
 0.058253478	  0.11490631
  0.05835266	  0.11508942
 0.058450319	  0.11531448
 0.058547974	   0.1157074
 0.058645628	  0.11598587
 0.058743287	  0.11623383
 0.058843993	  0.11639786
   0.0589386	   0.1165123
 0.059036255	  0.11669922
  0.05913391	  0.11714554
 0.059231568	  0.11714554
  0.05933075	  0.11725235
 0.059426881	  0.11756897
 0.059524536	  0.11791992
 0.059620667	  0.11835861
 0.059721373	  0.11859131
 0.059814453	   0.1187439
 0.059913635	  0.11889267
 0.060014345	   0.1190834
    0.060112	  0.11931992
 0.060206603	   0.1194458
 0.060302734	  0.11964798
 0.060403444	  0.11981964
 0.060501099	  0.12014008
 0.060598753	  0.12041855
 0.060699463	  0.12067795
 0.060791016	  0.12069321
 0.060891725	  0.12084198
  0.06098938	  0.12129974
 0.061087035	  0.12145996
 0.061183166	  0.12152863
 0.061280824	  0.12186813
 0.061380006	  0.12231827
 0.061477661	  0.12262344
 0.061573792	  0.12284851
 0.061671447	  0.12324142
 0.061767578	  0.12333679
  0.06186676	  0.12316895
  0.06196747	   0.1233902
 0.062060546	  0.12341309
 0.062158205	    0.123909
  0.06225891	  0.12411118
  0.06235199	   0.1245575
 0.062452696	  0.12486267
 0.062548831	  0.12520981
 0.062648013	  0.12533188
 0.062744141	  0.12555313
 0.062843323	  0.12583923
 0.062942505	  0.12609482
 0.063037112	  0.12632751
 0.063134767	  0.12649536
 0.063232422	  0.12690735
 0.063327029	  0.12696457
 0.063426211	  0.12730789
 0.063522339	  0.12758636
 0.063624576	  0.12792206
 0.063720703	  0.12805939
 0.063821413	  0.12828064
  0.06391754	  0.12841034
 0.064013675	  0.12858582
  0.06411133	  0.12848663
 0.064208984	  0.12861633
 0.064303592	  0.12886047
 0.064404294	  0.12914276
 0.064501956	  0.12942886
 0.064602658	  0.12988281
 0.064694211	   0.1302681
 0.064793393	  0.13061523
 0.064889528	  0.13085175
  0.06498871	  0.13103104
  0.06508331	  0.13128662
  0.06518402	  0.13146591
 0.065283202	  0.13168716
 0.065377809	  0.13193512
 0.065475464	  0.13215637
 0.065576173	  0.13241196
 0.065670773	  0.13263321
 0.065771483	  0.13285446
 0.065869138	  0.13307953
 0.065963745	  0.13331985
 0.066064455	  0.13346863
 0.066160582	  0.13367462
 0.066256717	  0.13385773
 0.066352844	  0.13414764
 0.066455081	  0.13441086
 0.066551208	  0.13459778
 0.066647336	   0.1347847
 0.066744998	  0.13500214
   0.0668457	  0.13526154
 0.066940308	   0.1355629
 0.067036435	  0.13570023
 0.067135617	  0.13588333
 0.067234799	   0.1361351
 0.067333981	  0.13632965
 0.067428589	  0.13659286
 0.067524716	  0.13674927
 0.067625426	  0.13695526
 0.067721561	  0.13725662
 0.067819215	  0.13754272
 0.067913815	  0.13783264
 0.068012998	  0.13803101
  0.06811218	  0.13825607
 0.068212889	  0.13851166
 0.068304442	  0.13875961
 0.068409726	  0.13893127
 0.068501279	  0.13917542
 0.068601988	  0.13941574
 0.068698123	  0.13959503
 0.068798825	  0.13983917
 0.068891905	  0.14005661
 0.068991087	  0.14024734
 0.069087222	  0.14044952
 0.069186404	  0.14075089
 0.069282532	   0.1410141
 0.069384769	  0.14120102
 0.069476321	  0.14142609
 0.069580078	   0.1416893
 0.069674686	  0.14191818
 0.069773868	  0.14213181
  0.06986694	   0.1423111
  0.06996765	  0.14250946
 0.070065305	  0.14273071
 0.070162967	  0.14292526
 0.070260622	  0.14304352
 0.070358276	  0.14328384
 0.070457458	  0.14347839
 0.070553586	  0.14366913
 0.070651248	  0.14390182
  0.07075195	  0.14411926
 0.070843503	  0.14440155
 0.070941165	  0.14461136
 0.071040347	  0.14482498
 0.071136475	  0.14502335
 0.071235657	  0.14530182
 0.071334839	  0.14555359
 0.071432494	  0.14578247
 0.071531676	  0.14595413
 0.071624756	  0.14612579
 0.071723938	  0.14634705
 0.071820065	  0.14655685
   0.0719162	  0.14664459
 0.072013855	  0.14683914
 0.072116092	  0.14700699
 0.072210692	  0.14722443
 0.072309874	  0.14750671
 0.072407529	  0.14775467
 0.072503664	  0.14796448
 0.072601318	  0.14821243
 0.072698973	  0.14849854
 0.072792053	  0.14876938
 0.072892763	  0.14899063
 0.072991945	  0.14917374
   0.0730896	  0.14945602
 0.073184207	  0.14973068
 0.073287964	  0.14994049
 0.073382571	  0.15016556
 0.073481753	   0.1504097
 0.073577881	  0.15056229
  0.07367859	  0.15077972
  0.07377167	   0.1509819
 0.073869325	  0.15122986
 0.073965453	  0.15147781
 0.074066162	  0.15167618
  0.07416077	  0.15192413
 0.074261472	  0.15214539
 0.074359134	  0.15237427
 0.074456789	  0.15259933
 0.074555971	   0.1528244
 0.074652098	  0.15302277
 0.074748233	  0.15320587
  0.07484436	  0.15343857
 0.074942015	  0.15364838
 0.075042725	  0.15387344
 0.075135805	  0.15410995
 0.075238034	  0.15432358
 0.075332642	  0.15449905
 0.075431824	  0.15472031
 0.075527951	  0.15494919
 0.075628661	  0.15514374
 0.075723268	   0.1553688
  0.07582245	  0.15555191
 0.075920105	  0.15581894
 0.076019287	  0.15604782
  0.07611084	  0.15624619
 0.076214597	  0.15647507
 0.076309204	   0.1566925
 0.076408386	   0.1568985
 0.076504514	  0.15708542
 0.076603696	   0.1572876
 0.076698303	    0.157547
 0.076797485	  0.15772629
  0.07689514	  0.15796661
 0.076994322	  0.15819931
 0.077087402	  0.15839386
 0.077191159	  0.15857697
 0.077285767	  0.15885925
 0.077383421	  0.15906906
 0.077478029	  0.15924454
 0.077580258	  0.15950012
 0.077674866	  0.15973663
  0.07777252	  0.15994644
 0.077868655	  0.16017914
 0.077969357	  0.16040039
 0.078063965	  0.16061783
 0.078166202	  0.16079712
 0.078260802	  0.16102219
 0.078363039	  0.16122818
 0.078457639	  0.16144562
 0.078555301	  0.16167831
 0.078652956	  0.16187668
 0.078749083	  0.16209412
 0.078846738	  0.16230392
  0.07894592	  0.16252899
 0.079040527	   0.1627121
 0.079139709	  0.16291428
 0.079237364	   0.1631546
 0.079336546	  0.16334152
 0.079431154	  0.16355515
 0.079533383	  0.16375732
 0.079623416	  0.16394424
 0.079722598	  0.16415405
  0.07982178	  0.16437912
 0.079919435	    0.164608
 0.080015562	  0.16481781
 0.080117799	  0.16504669
 0.080215454	  0.16523361
 0.080311581	  0.16543961
 0.080407716	  0.16566467
 0.080508426	  0.16586304
 0.080603026	  0.16610336
 0.080700681	  0.16630936
 0.080799863	  0.16651154
 0.080895998	  0.16670609
 0.080990598	  0.16691971
 0.081092834	   0.1671524
 0.081187442	  0.16737366
 0.081289671	  0.16759491
 0.081384279	  0.16779327
 0.081484988	  0.16801453
 0.081576541	  0.16821671
 0.081680298	  0.16841507
 0.081777953	  0.16861725
 0.081871033	  0.16882324
  0.08196564	  0.16904831
 0.082070924	  0.16926575
 0.082165524	  0.16947556
 0.082263187	  0.16968536
 0.082360841	  0.16989899
 0.082456969	  0.17011261
 0.082553104	  0.17033386
  0.08265686	  0.17052078
 0.082751468	  0.17073059
 0.082849123	  0.17092133
 0.082943723	  0.17113495
 0.083049014	  0.17133713
 0.083142087	  0.17155457
 0.083242796	  0.17176056
 0.083334349	  0.17199326
 0.083435059	  0.17218781
 0.083529666	  0.17238235
 0.083628848	  0.17258835
 0.083724976	   0.1727829
 0.083824158	  0.17298889
 0.083917238	  0.17320633
 0.084020995	  0.17341614
 0.084118649	  0.17363358
 0.084216312	  0.17382813
 0.084310912	  0.17402649
 0.084411621	  0.17422485
 0.084507748	  0.17442703
 0.084606931	  0.17463684
 0.084698483	  0.17487335
 0.084802248	  0.17509842
 0.084895328	  0.17530441
 0.084997557	  0.17549896
 0.085093692	  0.17570877
 0.085192874	  0.17592621
 0.085289001	  0.17613602
 0.085388184	   0.1763382
 0.085482791	  0.17655182
 0.085583493	  0.17675018
 0.085679628	  0.17694855
 0.085775755	  0.17715836
  0.08587189	  0.17736816
 0.085972592	  0.17757416
 0.086071774	  0.17778015
 0.086169437	  0.17799377
 0.086264037	   0.1782074
 0.086361691	  0.17842865
 0.086457826	  0.17861938
 0.086557008	  0.17882919
 0.086653136	  0.17904663
  0.08675079	  0.17924118
 0.086845398	  0.17945862
 0.086949155	  0.17966843
 0.087046817	  0.17987823
 0.087145999	  0.18009567
 0.087236024	  0.18029404
 0.087338254	  0.18050385
 0.087434389	  0.18070602
 0.087533571	   0.1809082
 0.087629698	   0.1811142
  0.08772888	  0.18133163
 0.087823488	  0.18154907
 0.087924197	  0.18175125
 0.088020325	  0.18195343
 0.088119507	  0.18215942
 0.088217162	  0.18236923
 0.088314816	   0.1825676
 0.088409424	  0.18278503
 0.088507079	  0.18299103
 0.088601686	  0.18320465
 0.088702396	   0.1833992
  0.08880005	  0.18361664
 0.088899232	  0.18382645
 0.088998415	  0.18404007
 0.089096069	  0.18424606
 0.089192197	  0.18444061
 0.089294434	  0.18465424
 0.089385986	   0.1848526
 0.089486696	  0.18507385
 0.089581296	   0.1852951
 0.089678958	  0.18548584
 0.089775085	  0.18569183
 0.089877322	  0.18589783
  0.08997345	  0.18610382
 0.090069577	  0.18631363
 0.090167239	  0.18652725
 0.090264894	  0.18672943
 0.090362549	  0.18693542
 0.090460204	  0.18714905
 0.090559386	  0.18735123
 0.090655521	  0.18754578
 0.090753175	  0.18776321
 0.090847775	  0.18798828
 0.090945438	  0.18817902
  0.09104614	  0.18840027
 0.091143802	  0.18862534
 0.091241457	   0.1888237
 0.091339111	  0.18901825
 0.091433719	  0.18922424
 0.091534421	  0.18942261
 0.091630556	  0.18963242
 0.091729738	  0.18983459
 0.091827393	   0.1900444
 0.091925047	   0.1902504
 0.092018127	  0.19044876
  0.09211731	  0.19066238
 0.092216492	  0.19087982
 0.092314146	  0.19107819
 0.092410281	  0.19129181
 0.092507936	   0.1914978
 0.092608646	  0.19170761
 0.092704773	  0.19189453
   0.0928009	  0.19211197
 0.092898563	  0.19232559
 0.092996217	  0.19252777
 0.093093872	  0.19273376
 0.093194582	  0.19293976
 0.093289182	  0.19315338
 0.093388364	  0.19335175
 0.093487546	  0.19356918
 0.093582153	  0.19379044
  0.09368439	  0.19398499
  0.09377899	  0.19419861
 0.093878172	  0.19439697
 0.093975827	  0.19460678
 0.094071962	   0.1948204
 0.094169617	  0.19504547
 0.094265744	  0.19522858
 0.094360352	  0.19543839
 0.094462588	  0.19563293
 0.094561771	  0.19584656
 0.094659425	  0.19604874
 0.094754025	   0.1962471
 0.094851688	  0.19645691
  0.09495239	  0.19665909
 0.095046997	  0.19688416
 0.095147707	  0.19709396
 0.095240787	  0.19729996
 0.095339969	  0.19752121
 0.095440671	  0.19773865
 0.095536806	  0.19796371
 0.095635988	  0.19815445
 0.095730588	  0.19838333
  0.09582825	  0.19857025
 0.095925905	  0.19877243
 0.096025087	  0.19897079
 0.096121214	  0.19918823
 0.096218869	  0.19939423
 0.096318051	  0.19960785
 0.096414186	  0.19982147
 0.096511841	  0.20003128
 0.096609496	  0.20024109
  0.09670563	  0.20045853
 0.096804813	  0.20066452
 0.096902467	  0.20087433
 0.097000122	  0.20108414
 0.097100832	  0.20129776
 0.097195432	  0.20150757
 0.097291566	  0.20171738
 0.097390749	  0.20191574
 0.097488403	  0.20213699
 0.097586058	  0.20235062
  0.09768524	  0.20254517
 0.097779848	  0.20274353
 0.097875975	  0.20294952
 0.097975157	  0.20315933
 0.098074339	  0.20337677
 0.098168947	  0.20357513
 0.098269656	  0.20377731
 0.098368838	  0.20399094
 0.098464966	  0.20420837
 0.098561093	  0.20441055
 0.098658755	  0.20462418
 0.098754883	  0.20482635
  0.09885101	  0.20504379
 0.098950192	  0.20524597
 0.099047855	  0.20544052
 0.099142455	   0.2056427
 0.099243164	  0.20586395
 0.099340819	  0.20608139
 0.099438474	  0.20627975
 0.099537656	  0.20648575
 0.099636838	  0.20668411
 0.099729918	  0.20688248
 0.099827573	  0.20709229
 0.099925235	  0.20729828
 0.099996947	  0.20752335
 0.099996947	   0.2077179
 0.099996947	  0.20793915
