-0.099545285	-0.016055297
-0.099450685	  -0.0160244
-0.099349976	-0.015969466
-0.099255368	-0.015880585
-0.099157713	-0.015823746
-0.099061586	-0.015730668
-0.098960876	-0.015637208
-0.098864749	-0.015599442
-0.098765567	-0.015516663
-0.098667905	-0.015449524
-0.098574832	-0.015405273
 -0.09847717	-0.015328216
-0.098376468	-0.015287399
-0.098278806	-0.015215683
-0.098182678	-0.015192032
-0.098086551	-0.015108871
-0.097987369	-0.015070343
-0.097891234	-0.015043259
-0.097787477	-0.014984894
 -0.09769287	-0.014960861
-0.097595215	-0.014919663
 -0.09749756	 -0.01486702
-0.097401425	-0.014786148
-0.097302243	-0.014735031
-0.097204588	 -0.01471405
-0.097111508	 -0.01468811
-0.097010806	-0.014648438
-0.096914671	-0.014590072
-0.096815489	-0.014476013
-0.096720889	-0.014435959
-0.096621707	-0.014335632
-0.096524045	-0.014300918
-0.096424863	-0.014194489
-0.096325681	-0.014256286
-0.096228026	-0.014254379
-0.096133426	 -0.01416893
-0.096032716	-0.014141083
-0.095939636	-0.014113998
-0.095834352	-0.014073944
-0.095742799	-0.014050675
-0.095645145	-0.014009476
-0.095547482	-0.013923645
  -0.0954483	 -0.01384964
-0.095352173	-0.013777924
-0.095254518	-0.013782119
-0.095156863	 -0.01376381
-0.095059201	-0.013712692
-0.094963074	 -0.01365242
-0.094860837	-0.013533401
-0.094767764	-0.013459777
-0.094667055	-0.013352203
  -0.0945694	-0.013290405
-0.094470218	-0.013231659
-0.094377138	-0.013196945
-0.094281003	-0.013285065
-0.094181821	-0.013213349
-0.094082639	-0.013138962
-0.093986511	-0.013102722
-0.093885802	-0.013073349
-0.093791202	-0.013001251
 -0.09369202	-0.012948608
-0.093594357	-0.012903214
-0.093496703	-0.012805176
-0.093402103	-0.012730027
-0.093301393	-0.012673187
-0.093205258	-0.012614441
-0.093109131	-0.012603378
-0.093013003	-0.012573624
-0.092912294	-0.012546921
-0.092813112	-0.012485886
-0.092720032	-0.012436295
-0.092617795	-0.012390899
-0.092521667	-0.012338638
-0.092422485	-0.012280655
-0.092326358	-0.012232209
-0.092228696	-0.012172699
-0.092131041	-0.012127685
-0.092036441	-0.012052918
-0.091938779	-0.012007904
-0.091839597	-0.011952972
-0.091741942	-0.011878585
-0.091639712	-0.011841965
-0.091543578	-0.011821747
-0.091445923	-0.011787415
-0.091349795	-0.011730957
-0.091253661	-0.011666489
-0.091154478	-0.011603546
-0.091058351	 -0.01156578
-0.090960696	-0.011535645
-0.090863034	 -0.01147995
-0.090768434	-0.011407852
-0.090666197	-0.011351014
 -0.09057007	  -0.0112854
-0.090472415	-0.011228561
-0.090374753	-0.011194229
-0.090277098	  -0.0111866
-0.090177916	-0.011166763
-0.090080261	-0.011113358
-0.089984134	-0.011052323
-0.089886472	-0.010997009
-0.089788817	-0.010955048
-0.089691162	-0.010882187
-0.089593507	-0.010853196
-0.089495853	 -0.01080513
-0.089401245	 -0.01077385
-0.089300536	-0.010713577
-0.089204408	-0.010660172
-0.089105226	-0.010613632
-0.089007571	-0.010570144
-0.088908389	-0.010531616
-0.088813782	-0.010509873
-0.088716127	-0.010473633
-0.088619992	-0.010436249
-0.088522337	-0.010379791
-0.088424683	-0.010320663
-0.088327028	-0.010263443
-0.088227846	-0.010219574
-0.088128664	-0.010196304
-0.088031009	-0.010150528
-0.087934874	-0.010092926
-0.087838747	-0.010039139
-0.087738037	-0.0099796299
-0.087644957	-0.0099319462
-0.087542728	-0.0098880772
 -0.08744812	-0.0098514557
-0.087348938	-0.0098171234
-0.087252811	-0.0097778318
-0.087155148	-0.0097312927
-0.087055966	-0.0096828463
-0.086959839	-0.0096168518
-0.086865231	-0.0095829014
-0.086761475	-0.0095237736
-0.086665347	-0.0094631193
-0.086572267	-0.0094242096
-0.086471558	-0.0093822479
-0.086373903	-0.0093193054
-0.086274721	-0.0092727663
-0.086177066	-0.0092300419
-0.086079404	-0.0091876984
-0.085981749	-0.0091533661
-0.085885622	-0.009121323
-0.085787967	-0.0090705873
-0.085690305	-0.0090297703
-0.085595705	-0.0089897159
-0.085494995	-0.008942795
 -0.08539734	-0.0088970186
-0.085299686	-0.0088474276
-0.085203551	-0.0088088987
-0.085104369	 -0.00874939
-0.085006714	-0.008691025
-0.084912106	-0.0086425785
-0.084811404	-0.0085960384
 -0.08471527	-0.0085559841
-0.084620669	-0.008526993
-0.084521487	-0.0084941862
-0.084423825	-0.0084571838
-0.084323123	-0.0084152222
-0.084228516	-0.0083667757
-0.084127806	-0.0083179474
-0.084030151	-0.0082820896
-0.083935544	-0.0082378387
-0.083837889	-0.0081970217
-0.083741762	-0.0081512453
-0.083644107	-0.0081005096
-0.083538815	-0.0080486294
-0.083445743	-0.008002853
-0.083348081	-0.0079696653
-0.083250426	-0.0079330448
-0.083154298	-0.0079071047
-0.083052061	-0.0078788754
-0.082958981	-0.0078346254
-0.082861327	-0.0077854157
-0.082763672	-0.0077415467
-0.082666017	-0.0077201845
-0.082568362	-0.007679367
-0.082472228	-0.0076419832
-0.082369998	-0.0076049804
-0.082275391	-0.0075447084
-0.082174681	-0.0074916841
-0.082080081	-0.0074497224
-0.081980899	-0.0074153901
-0.081883237	-0.0073814392
-0.081787109	-0.0073558809
-0.081689455	-0.0073299408
  -0.0815918	-0.0072975159
-0.081495665	-0.0072574615
-0.081399538	-0.0072151185
-0.081298828	-0.0071720122
-0.081201173	-0.0071334839
-0.081103519	-0.007098007
-0.081007384	-0.0070587159
-0.080908202	-0.0070163729
-0.080810547	-0.0069740294
-0.080711365	-0.0069248201
-0.080616757	-0.0068847658
-0.080519103	-0.0068496703
 -0.08041992	-0.0068202973
 -0.08032532	-0.0067943572
-0.080227658	-0.0067699431
-0.080130003	-0.0067359926
-0.080029294	-0.0066955565
-0.079930112	-0.0066532134
-0.079833984	-0.0066131591
-0.079739377	-0.0065734861
-0.079638675	-0.006535721
-0.079541013	-0.0064998628
-0.079444885	-0.0064582825
-0.079348758	-0.0064105988
-0.079246521	-0.0063682557
-0.079150394	-0.0063297274
-0.079052731	-0.0063030245
-0.078956604	-0.0062759398
-0.078858949	-0.0062549589
-0.078762814	-0.0062206266
 -0.07866516	-0.0061870576
-0.078567505	-0.0061489106
-0.078468323	-0.0061115264
-0.078372195	-0.0060684206
-0.078274533	-0.0060268403
-0.078176878	-0.0059829713
-0.078076169	-0.0059478758
-0.077983096	-0.0059173582
-0.077883914	-0.0058937073
-0.077789307	-0.0058628083
 -0.07768707	-0.0058399201
 -0.07759247	-0.0058086393
-0.077493288	-0.0057697296
-0.077395633	-0.005731964
-0.077294923	-0.0056976317
-0.077201843	 -0.00566597
-0.077102661	-0.0056392672
-0.077008054	-0.005598831
-0.076907352	-0.0055553438
-0.076812744	-0.0055126189
-0.076710507	-0.0054740906
-0.076617435	-0.0054439544
 -0.07651367	-0.0054187775
 -0.07641907	-0.0053936006
-0.076321408	-0.005364609
-0.076225281	-0.0053276061
-0.076129153	-0.005288315
-0.076031491	-0.0052581788
-0.075932309	-0.0052276612
-0.075834654	-0.0051967623
-0.075733945	-0.0051658629
-0.075637817	-0.0051410673
 -0.07554321	-0.0051052095
-0.075442508	-0.005064392
-0.075343326	-0.0050243377
-0.075250246	-0.0049957274
-0.075152591	-0.0049739839
-0.075053409	-0.0049495697
-0.074955747	-0.0049209595
-0.074859619	-0.0048885345
-0.074760437	-0.0048561096
-0.074661255	-0.004821396
  -0.0745636	-0.0047870637
-0.074468993	-0.0047561647
-0.074371338	-0.0047214506
 -0.07427521	-0.0046779634
-0.074174501	-0.0046730042
-0.074078366	-0.0046356199
-0.073980711	-0.0045970916
-0.073886111	-0.004559326
 -0.07378082	-0.0045288084
-0.073687747	-0.0045043947
-0.073588565	-0.0044811247
-0.073493958	-0.0044628144
-0.073391721	-0.0044399262
-0.073300168	-0.004405594
-0.073202513	-0.0043621063
-0.073103331	-0.0043498995
-0.073007204	-0.0043266295
-0.072909549	-0.0042980192
-0.072805785	-0.0042675016
-0.072712705	-0.0042362213
 -0.07261505	-0.004201889
-0.072517395	-0.0041675568
-0.072416686	-0.0041423799
 -0.07232666	-0.0041164397
-0.072222903	-0.004099655
-0.072125241	-0.0040729521
-0.072024539	-0.0040451051
-0.071932986	-0.0040252684
-0.071832277	-0.0039993287
-0.071736142	-0.0039722444
 -0.07163544	-0.0039459229
-0.071539305	-0.0039176941
-0.071438596	-0.0038917542
-0.071347043	-0.0038650513
-0.071249388	-0.003830719
-0.071151733	-0.0037994385
-0.071051024	-0.0037670135
-0.070959471	-0.0037425994
-0.070857242	-0.0037216186
 -0.07075958	-0.0037044524
-0.070660397	-0.0036815642
 -0.07056427	-0.0036586761
-0.070465088	-0.0036319732
 -0.07037048	-0.0036029816
-0.070272826	-0.0035762787
-0.070175171	-0.0035495758
-0.070077516	-0.003527832
-0.069981381	-0.0034988404
-0.069876097	-0.0034694672
-0.069784544	-0.0034378052
-0.069685362	-0.0034065247
-0.069587708	-0.0033813477
-0.069490053	-0.0033599853
-0.069396973	-0.0033424378
-0.069297791	-0.0033226013
-0.069200136	-0.0033054352
-0.069100954	-0.0032794953
-0.069004819	-0.0032508851
-0.068901062	-0.0032268525
-0.068807982	-0.0031993866
  -0.0687088	-0.0031761169
-0.068612672	-0.0031517029
-0.068515018	   -0.003125
-0.068418883	-0.0030956268
-0.068319701	-0.0030654906
-0.068222046	-0.0030395507
-0.068124391	-0.0030151368
-0.068028256	-0.0029972077
-0.067929074	-0.0029804229
-0.067829892	-0.0029628754
-0.067732237	-0.0029388429
-0.067640685	-0.0029151917
-0.067536928	-0.0028892518
-0.067445375	-0.0028644563
-0.067346193	-0.0028427124
-0.067250058	-0.002822113
-0.067147829	-0.0027980804
-0.067053221	-0.0027717589
-0.066949464	-0.0027446747
-0.066854857	-0.0027164458
 -0.06675873	-0.0026931763
-0.066661075	-0.0026741028
-0.066560365	-0.0026569366
 -0.06646423	-0.0026397705
-0.066368103	-0.0026210784
-0.066268921	-0.0026008605
-0.066174313	-0.0025772094
-0.066078186	-0.0025535584
-0.065972902	-0.0025299073
-0.065881349	-0.0025093078
 -0.06578064	-0.0024868012
-0.065686032	-0.0024631501
-0.065588377	-0.0024368286
-0.065490723	-0.0024105073
-0.065393068	-0.0023868561
-0.065293886	-0.0023654937
-0.065197751	-0.0023502349
-0.065103151	-0.0023345947
-0.065000914	-0.0023189546
-0.064903259	-0.0022998811
-0.064807132	-0.0022792816
-0.064712524	-0.0022556304
 -0.06460724	-0.0022335052
 -0.06451416	-0.0022136688
-0.064416505	-0.0021926879
-0.064318851	-0.0021736145
-0.064219669	-0.0021499633
-0.064126588	-0.002122879
-0.064025879	-0.0020999908
-0.063928224	-0.0020801544
-0.063832089	-0.0020622252
-0.063732907	-0.0020481111
-0.063633725	-0.0020332336
-0.063537598	-0.0020179749
 -0.06344299	-0.0020004273
-0.063342288	-0.0019786835
-0.063241579	-0.0019561767
-0.063150026	-0.0019359589
-0.063049316	-0.0019168854
-0.062954709	-0.0018985749
-0.062854007	-0.001877594
-0.062756345	-0.0018547059
 -0.06265869	-0.0018310547
 -0.06256409	-0.0018100739
-0.062464904	-0.0017913819
-0.062368773	-0.0017787933
-0.062268067	-0.0017673492
-0.062173463	-0.001751709
-0.062072754	-0.0017356873
 -0.06197815	-0.0017158508
-0.061880492	-0.0016975403
-0.061784364	-0.0016796112
-0.061680604	-0.0016605377
-0.061590575	-0.0016422272
-0.061489869	-0.001625061
 -0.06139221	-0.0016059875
-0.061291505	-0.0015830994
-0.061198425	-0.0015644074
-0.061097719	-0.0015468597
 -0.06100006	-0.0015304566
-0.060900878	-0.0015167237
-0.060803223	-0.0015060424
-0.060705565	-0.0014907836
-0.060614012	-0.0014774322
 -0.06051483	-0.0014583587
-0.060417175	-0.0014392852
-0.060317993	-0.0014236451
-0.060220338	-0.0014095306
-0.060121156	-0.0013916015
-0.060025025	-0.0013751984
-0.059924316	-0.001354599
-0.059832763	-0.001335144
-0.059732057	-0.0013172149
-0.059635926	-0.0013031006
-0.059536744	-0.0012886047
 -0.05944214	-0.0012783051
-0.059339903	-0.0012676239
-0.059246827	-0.0012531281
-0.059143066	-0.0012382508
-0.059048463	-0.0012199401
-0.058952332	-0.0012039185
-0.058853149	-0.0011901855
-0.058755495	-0.0011749268
-0.058660887	-0.0011577606
-0.058560181	-0.0011417388
 -0.05846405	-0.0011238098
-0.058364868	-0.0011074066
-0.058270264	-0.0010910034
-0.058168031	-0.0010799408
  -0.0580719	-0.0010658264
-0.057975769	-0.0010570526
-0.057879638	-0.0010448456
-0.057778932	-0.0010311126
-0.057684325	-0.0010158538
 -0.05758667	-0.00099945068
-0.057487488	-0.00098686223
-0.057389833	-0.00097465515
-0.057290651	-0.0009616852
 -0.05719452	-0.00094642641
-0.057098389	-0.00092887878
-0.056999207	-0.00091018679
-0.056901552	-0.00089645386
-0.056805421	-0.00088462827
-0.056707762	-0.0008743286
-0.056610107	-0.00086402893
-0.056512453	-0.00085487368
-0.056411743	-0.0008426666
 -0.05632019	-0.00083007815
 -0.05621643	-0.00081405637
-0.056120299	-0.00080337527
-0.056022644	-0.00078926084
 -0.05592804	-0.00077857974
-0.055828858	-0.00076675415
-0.055732727	-0.00075073243
-0.055630494	-0.00073814392
-0.055538941	-0.00072250364
-0.055436708	-0.00071258546
-0.055340577	-0.0006980896
-0.055239867	-0.0006908417
-0.055145264	-0.0006832123
-0.055047609	-0.000674057
-0.054953001	-0.0006629944
-0.054852296	-0.00065193174
-0.054757692	-0.00063896179
-0.054656982	-0.0006275177
-0.054559328	-0.00061798096
-0.054461669	-0.00060539244
-0.054364014	-0.00058898923
-0.054263305	-0.00057868956
-0.054168701	-0.00057296752
-0.054071046	-0.00056304934
-0.053973388	-0.0005569458
-0.053875733	-0.00054512022
-0.053778075	-0.00053558347
 -0.05368042	-0.00052413938
-0.053582765	-0.00051345828
-0.053488158	-0.00050354004
-0.053385925	-0.0004936218
-0.053289793	-0.00048332213
-0.053190611	-0.00047225953
-0.053096008	-0.00045928956
-0.052998353	-0.00045013428
-0.052899171	-0.00044136046
-0.052801512	-0.00043449402
-0.052706908	-0.00042800902
-0.052606203	-0.00042037963
-0.052508544	-0.00041313173
 -0.05241394	-0.00040435791
-0.052313231	-0.00039558409
-0.052215576	-0.00038490296
-0.052120972	-0.0003768921
-0.052023314	-0.0003704071
-0.051922608	-0.00035934447
-0.051826477	-0.00035018922
-0.051731873	-0.00034103394
 -0.05162964	-0.00033226013
-0.051531982	-0.00032577515
-0.051438905	-0.00031585695
-0.051336668	-0.00031166075
-0.051239014	-0.00030517578
-0.051141359	-0.00029945374
-0.051046751	-0.00029258727
-0.050947569	-0.00028419495
-0.050848387	-0.00027732848
-0.050756834	-0.00027008058
-0.050653078	-0.00026321411
-0.050556947	-0.00025634764
-0.050457764	-0.00025100709
-0.050360106	-0.00024185181
  -0.0502594	-0.00023269653
-0.050167847	-0.00022697449
-0.050068665	-0.00022087098
-0.049974062	-0.0002155304
-0.049874879	-0.00021018981
-0.049781799	-0.00020713806
 -0.04968109	-0.0002029419
-0.049583435	-0.00019302368
-0.049484253	-0.00018997192
-0.049386598	-0.00018348693
-0.049287416	-0.00017890931
-0.049194336	-0.00017547607
-0.049096681	-0.00017051697
-0.048995972	-0.00016288758
-0.048899841	-0.00015716553
-0.048803709	-0.0001499176
-0.048703004	-0.00014686584
-0.048605345	-0.00014076233
-0.048509218	-0.00013847351
-0.048411559	-0.00013542175
-0.048312377	-0.00013046265
-0.048219301	-0.00012779236
-0.048118591	-0.00012207031
 -0.04802246	-0.00011901856
-0.047923278	-0.00011634827
-0.047827147	-0.00011100769
-0.047726441	-0.00010566712
 -0.04763031	-0.00010375977
-0.047531128	-9.7656251e-005
-0.047433473	-9.3460083e-005
-0.047337342	-9.0408328e-005
-0.047241211	-8.9645386e-005
-0.047143556	-8.5830688e-005
-0.047047425	-8.3541869e-005
-0.046945192	-8.0108643e-005
-0.046850584	-7.6293945e-005
-0.046749879	-7.6293945e-005
-0.046655275	-7.324219e-005
-0.046557616	-6.9808957e-005
-0.046459962	-7.0190428e-005
 -0.04636078	-6.7901608e-005
-0.046267699	-6.4849854e-005
-0.046168517	-6.3705447e-005
-0.046070863	-6.1416627e-005
 -0.04597168	-6.0272218e-005
-0.045877077	-5.7983398e-005
 -0.04577484	-5.645752e-005
-0.045678712	-5.6076049e-005
-0.045581054	-5.4931639e-005
-0.045484923	-5.3405762e-005
-0.045384217	-5.0735474e-005
-0.045291137	-4.8828126e-005
-0.045190431	-4.6539306e-005
-0.045095824	-4.6157838e-005
-0.044996642	-4.5394896e-005
-0.044897459	-4.425049e-005
-0.044798277	-4.4631957e-005
-0.044700623	-4.310608e-005
-0.044606019	-3.8909911e-005
-0.044506837	-3.8909911e-005
-0.044409178	-3.967285e-005
-0.044313051	-3.6621095e-005
 -0.04421692	-3.7002563e-005
 -0.04411621	-3.7765501e-005
-0.044018555	-3.4713747e-005
-0.043922424	-3.5476685e-005
-0.043823242	-3.4332275e-005
 -0.04372406	-3.2806398e-005
-0.043627929	-3.1280517e-005
-0.043531798	-3.0899049e-005
-0.043431092	-3.2043456e-005
-0.043336488	-2.9373168e-005
 -0.04323883	-2.8991699e-005
-0.043142699	-3.0136109e-005
-0.043043517	-2.8610229e-005
-0.042947389	-2.708435e-005
 -0.04284668	-2.822876e-005
-0.042750549	-2.746582e-005
-0.042652894	-2.4795532e-005
-0.042556763	-2.4795532e-005
 -0.04245453	-2.6702881e-005
-0.042361449	-2.4032594e-005
-0.042263795	-2.4032594e-005
-0.042166136	-2.2888184e-005
-0.042068481	-2.3651122e-005
-0.041973878	-2.2888184e-005
-0.041873168	-2.2506714e-005
-0.041775513	-2.2125245e-005
-0.041677855	-2.2125245e-005
-0.041577149	-2.1743774e-005
-0.041479491	-2.0217896e-005
-0.041387938	-1.9454956e-005
-0.041287232	-2.0217896e-005
-0.041189574	-2.0599366e-005
-0.041091919	-1.9073486e-005
-0.040997315	-2.0217896e-005
-0.040896606	-2.0599366e-005
-0.040798951	-1.7547607e-005
-0.040698241	-1.8692017e-005
-0.040603638	-1.7547607e-005
-0.040504456	-1.7929076e-005
-0.040411375	-1.6403199e-005
 -0.04031067	-1.6021728e-005
-0.040213011	-1.6403199e-005
-0.040115356	-1.6403199e-005
-0.040020753	-1.5258789e-005
 -0.03991852	-1.7166138e-005
-0.039822388	-1.6784668e-005
-0.039718628	-1.7547607e-005
-0.039625548	-1.6403199e-005
-0.039530944	-1.6784668e-005
-0.039433289	-1.6403199e-005
-0.039337158	-1.5640258e-005
-0.039239503	-1.6021728e-005
-0.039140321	-1.6784668e-005
 -0.03904419	-1.4495849e-005
 -0.03894043	-1.5640258e-005
-0.038845826	-1.7547607e-005
-0.038751222	-1.5258789e-005
-0.038653564	-1.6021728e-005
-0.038555909	-1.5640258e-005
 -0.03845825	-1.6784668e-005
-0.038359068	-1.5640258e-005
-0.038264465	-1.5640258e-005
-0.038165282	-1.5640258e-005
-0.038070679	-1.6784668e-005
-0.037969969	-1.7166138e-005
-0.037869263	-1.5258789e-005
 -0.03777466	-1.6403199e-005
-0.037675478	-1.487732e-005
-0.037577819	-1.7929076e-005
-0.037481688	-1.5640258e-005
-0.037385561	-1.373291e-005
-0.037286378	-1.6403199e-005
 -0.03718872	-1.5640258e-005
-0.037094116	-1.5258789e-005
-0.036990356	-1.7929076e-005
-0.036895752	-1.5258789e-005
 -0.03679657	-1.6784668e-005
-0.036701966	-1.6784668e-005
-0.036602784	-1.6403199e-005
-0.036506653	-1.6784668e-005
-0.036407471	-1.6784668e-005
-0.036309816	-1.5640258e-005
-0.036213685	-1.6403199e-005
-0.036117554	-1.6021728e-005
-0.036016844	-1.6784668e-005
-0.035919189	-1.5258789e-005
-0.035821535	-1.5258789e-005
-0.035725404	-1.6784668e-005
-0.035626221	-1.5640258e-005
-0.035528563	-1.7166138e-005
-0.035432436	-1.6403199e-005
-0.035336304	-1.7547607e-005
-0.035235595	-1.6784668e-005
-0.035140991	-1.6403199e-005
-0.035038758	-1.7929076e-005
-0.034944154	-1.6021728e-005
-0.034846496	-1.5258789e-005
-0.034747314	-1.487732e-005
-0.034649659	-1.7547607e-005
-0.034555055	-1.5258789e-005
-0.034455873	-1.6403199e-005
-0.034358215	-1.6784668e-005
-0.034259032	-1.5640258e-005
-0.034164429	-1.6403199e-005
-0.034065247	-1.7166138e-005
-0.033967592	-1.5640258e-005
 -0.03386841	-1.7166138e-005
-0.033773802	-1.487732e-005
-0.033671569	-1.6403199e-005
-0.033578493	-1.5258789e-005
-0.033480834	-1.6021728e-005
-0.033381652	-1.6403199e-005
-0.033285521	-1.6784668e-005
-0.033189394	-1.5258789e-005
-0.033087157	-1.7166138e-005
-0.032992553	-1.6403199e-005
-0.032894898	-1.5640258e-005
-0.032798767	-1.6784668e-005
-0.032699585	-1.5640258e-005
-0.032604981	-1.5258789e-005
-0.032505799	-1.6403199e-005
-0.032408141	-1.6784668e-005
-0.032307435	-1.6403199e-005
-0.032217406	-1.6403199e-005
-0.032112122	-1.6021728e-005
-0.032014467	-1.5640258e-005
-0.031915285	-1.6403199e-005
-0.031820677	-1.7547607e-005
-0.031721495	-1.6784668e-005
-0.031625368	-1.6021728e-005
-0.031527709	-1.5258789e-005
-0.031433105	-1.6021728e-005
-0.031332396	-1.6403199e-005
-0.031236267	-1.5640258e-005
-0.031137085	-1.6021728e-005
-0.031039428	-1.6403199e-005
 -0.03093872	-1.6021728e-005
-0.030844117	-1.6403199e-005
 -0.03074646	-1.7929076e-005
-0.030654907	-1.411438e-005
  -0.0305542	-1.6021728e-005
-0.030455017	-1.6784668e-005
-0.030357361	-1.487732e-005
-0.030259704	-1.6403199e-005
-0.030158997	-1.5640258e-005
-0.030062865	-1.5258789e-005
-0.029968262	-1.6403199e-005
 -0.02986908	-1.6021728e-005
-0.029772948	-1.7166138e-005
-0.029672241	-1.7166138e-005
-0.029577637	-1.6784668e-005
-0.029476929	-1.6784668e-005
-0.029382324	-1.6021728e-005
-0.029281616	-1.5640258e-005
-0.029182434	-1.5640258e-005
 -0.02908783	-1.487732e-005
-0.028990174	-1.6403199e-005
-0.028890992	-1.6021728e-005
-0.028796386	-1.6021728e-005
-0.028698731	-1.5640258e-005
-0.028601075	-1.7166138e-005
 -0.02849884	-1.6403199e-005
 -0.02840271	-1.6021728e-005
-0.028305054	-1.487732e-005
 -0.02821045	-1.6784668e-005
-0.028112793	-1.411438e-005
-0.028013611	-1.7547607e-005
 -0.02791748	-1.5640258e-005
-0.027819823	-1.5640258e-005
-0.027720641	-1.487732e-005
-0.027619934	-1.6021728e-005
-0.027523804	-1.7166138e-005
-0.027429199	-1.6784668e-005
-0.027331542	-1.5640258e-005
-0.027233887	-1.7547607e-005
-0.027136231	-1.411438e-005
  -0.0270401	-1.7166138e-005
-0.026940918	-1.6784668e-005
-0.026843261	-1.6021728e-005
-0.026747132	-1.5640258e-005
 -0.02664795	-1.9073486e-005
-0.026550293	-1.6784668e-005
-0.026452636	-1.6784668e-005
 -0.02635498	-1.6021728e-005
-0.026254272	-1.6403199e-005
-0.026162719	-1.4495849e-005
-0.026062012	-1.6784668e-005
-0.025965881	-1.5640258e-005
-0.025866698	-1.5640258e-005
-0.025770569	-1.487732e-005
-0.025668334	-1.7166138e-005
 -0.02557373	-1.5640258e-005
-0.025476074	-1.7166138e-005
-0.025378417	-1.5258789e-005
-0.025280762	-1.8692017e-005
-0.025184631	-1.5640258e-005
-0.025085449	-1.6403199e-005
-0.024989318	-1.5258789e-005
-0.024890136	-1.5640258e-005
-0.024795532	-1.487732e-005
-0.024694825	-1.5640258e-005
-0.024597168	-1.5640258e-005
-0.024499511	-1.6021728e-005
-0.024404908	-1.5640258e-005
  -0.0243042	-1.7166138e-005
-0.024209594	-1.6021728e-005
-0.024111938	-1.6021728e-005
-0.024014283	-1.6403199e-005
-0.023916626	-1.5640258e-005
-0.023817444	-1.487732e-005
-0.023718262	-1.5640258e-005
-0.023623656	-1.5258789e-005
-0.023527527	-1.6784668e-005
-0.023425292	-1.6021728e-005
-0.023329163	-1.6784668e-005
-0.023233032	-1.6021728e-005
-0.023135375	-1.487732e-005
 -0.02303772	-1.6021728e-005
-0.022940064	-1.7547607e-005
-0.022842407	-1.6021728e-005
-0.022743225	-1.6021728e-005
-0.022644043	-1.487732e-005
-0.022547912	-1.7929076e-005
-0.022451783	-1.6784668e-005
-0.022351075	-1.7547607e-005
-0.022259522	-1.4495849e-005
 -0.02216034	-1.6784668e-005
-0.022061158	-1.6021728e-005
-0.021963501	-1.4495849e-005
-0.021868896	-1.5258789e-005
-0.021768188	-1.5640258e-005
-0.021670531	-1.7166138e-005
-0.021569824	-1.4495849e-005
-0.021479797	-1.6784668e-005
-0.021374512	-1.6784668e-005
-0.021281432	-1.5640258e-005
-0.021186829	-1.6021728e-005
-0.021086121	-1.6403199e-005
-0.020986939	-1.411438e-005
-0.020892333	-1.4495849e-005
  -0.0207901	-1.487732e-005
-0.020695496	-1.6021728e-005
 -0.02059784	-1.6784668e-005
-0.020503234	-1.6403199e-005
-0.020404052	-1.6021728e-005
-0.020303344	-1.4495849e-005
-0.020205688	-1.6403199e-005
-0.020111084	-1.6021728e-005
-0.020010376	-1.7166138e-005
 -0.01991272	-1.5640258e-005
-0.019816589	-1.7547607e-005
-0.019717406	-1.487732e-005
-0.019619752	-1.5640258e-005
-0.019525146	-1.8310548e-005
-0.019424438	-1.7166138e-005
-0.019329835	-1.487732e-005
-0.019233704	-1.6021728e-005
-0.019134521	-1.6021728e-005
-0.019036865	-1.6403199e-005
-0.018942261	-1.5258789e-005
-0.018838501	-1.7166138e-005
-0.018742371	-1.6403199e-005
 -0.01864624	-1.7166138e-005
-0.018550109	-1.6021728e-005
-0.018447876	-1.6403199e-005
-0.018353272	-1.411438e-005
 -0.01825409	-1.5640258e-005
-0.018159484	-1.5640258e-005
-0.018060302	-1.5640258e-005
-0.017962646	-1.6403199e-005
-0.017861938	-1.6021728e-005
 -0.01776886	-1.7547607e-005
-0.017668152	-1.4495849e-005
-0.017572021	-1.5640258e-005
-0.017471313	-1.7547607e-005
-0.017379761	-1.4495849e-005
-0.017282104	-1.5258789e-005
-0.017182922	-1.7547607e-005
 -0.01708374	-1.5258789e-005
-0.016989136	-1.6021728e-005
-0.016888428	-1.7547607e-005
-0.016787719	-1.6021728e-005
-0.016693115	-1.6021728e-005
-0.016596984	-1.6784668e-005
-0.016497802	-1.5640258e-005
-0.016403198	-1.7166138e-005
-0.016302491	-1.487732e-005
-0.016207885	-1.6021728e-005
-0.016108703	-1.5640258e-005
-0.016012574	-1.487732e-005
-0.015910339	-1.7929076e-005
-0.015815735	-1.6403199e-005
-0.015719604	-1.487732e-005
-0.015623474	-1.7166138e-005
-0.015522766	-1.6021728e-005
-0.015426636	-1.4495849e-005
-0.015325928	-1.6021728e-005
-0.015231323	-1.6021728e-005
-0.015132141	-1.6021728e-005
-0.015036011	-1.411438e-005
-0.014936829	-1.6784668e-005
-0.014840698	-1.6021728e-005
 -0.01473999	-1.6403199e-005
-0.014645386	-1.5640258e-005
-0.014544678	-1.6021728e-005
-0.014450073	-1.7547607e-005
-0.014352417	-1.5640258e-005
-0.014251709	-1.6784668e-005
-0.014158631	-1.6021728e-005
-0.014059449	-1.6021728e-005
-0.013960266	-1.7166138e-005
-0.013864135	-1.6784668e-005
 -0.01376648	-1.5640258e-005
-0.013668823	-1.6403199e-005
-0.013568115	-1.487732e-005
-0.013473511	-1.487732e-005
-0.013377381	-1.7166138e-005
-0.013278198	-1.6021728e-005
-0.013182068	-1.487732e-005
-0.013082886	-1.6021728e-005
-0.012983704	-1.6784668e-005
-0.012884522	-1.6784668e-005
-0.012786865	-1.411438e-005
-0.012695313	-1.8310548e-005
-0.012597656	-1.7547607e-005
     -0.0125	-1.487732e-005
 -0.01240387	-1.5258789e-005
-0.012304688	-1.6784668e-005
-0.012203979	-1.9073486e-005
-0.012109375	-1.7166138e-005
-0.012008667	-1.7547607e-005
 -0.01191101	-1.7547607e-005
-0.011813355	-1.6784668e-005
 -0.01171875	-1.6021728e-005
-0.011618042	-1.6021728e-005
-0.011523438	-1.6403199e-005
-0.011425781	-1.5640258e-005
-0.011328125	-1.6784668e-005
-0.011227417	-1.7166138e-005
-0.011135864	-1.5640258e-005
-0.011035156	-1.6784668e-005
-0.010934448	-1.6021728e-005
-0.010839844	-1.6403199e-005
-0.010740662	-1.6403199e-005
 -0.01064148	-1.7547607e-005
-0.010546875	-1.411438e-005
-0.010449219	-1.6021728e-005
-0.010350036	-1.6021728e-005
-0.010253906	-1.6784668e-005
 -0.01015625	-1.6784668e-005
-0.010055542	-1.6784668e-005
-0.0099594118	-1.5640258e-005
-0.0098632816	-1.6403199e-005
-0.0097686769	-1.5258789e-005
-0.0096679684	-1.6784668e-005
-0.0095703127	-1.411438e-005
-0.009475708	-1.6784668e-005
-0.0093750004	-1.6021728e-005
-0.0092758182	-1.7547607e-005
-0.0091827391	-1.6021728e-005
-0.009080505	-1.6784668e-005
-0.0089828493	-1.7166138e-005
-0.0088851927	-1.487732e-005
-0.008790588	-1.6403199e-005
-0.0086914059	-1.7166138e-005
-0.0085968021	-1.6403199e-005
 -0.00849762	-1.4495849e-005
-0.0084014889	-1.6021728e-005
-0.0083038332	-1.6403199e-005
-0.0082061766	-1.6021728e-005
-0.0081054689	-1.7166138e-005
-0.0080093388	-1.7929076e-005
-0.0079132076	-1.6403199e-005
-0.0078140255	-1.4495849e-005
-0.0077148438	-1.5640258e-005
-0.0076187132	-1.5640258e-005
-0.007522583	-1.6403199e-005
-0.0074249269	-1.8310548e-005
-0.0073287962	-1.6403199e-005
-0.0072296141	-1.5640258e-005
-0.0071273805	-1.5258789e-005
-0.0070312498	-1.6784668e-005
-0.0069366456	-1.8310548e-005
-0.0068374635	-1.6403199e-005
-0.0067382813	-1.7929076e-005
-0.0066467286	-1.6021728e-005
-0.0065460205	-1.6403199e-005
-0.0064468384	-1.5640258e-005
-0.0063507082	-1.7547607e-005
-0.0062469481	-1.7166138e-005
-0.006150818	-1.5258789e-005
-0.0060546873	-1.6784668e-005
-0.0059600831	-1.6403199e-005
-0.0058624269	-1.5640258e-005
-0.0057678223	-1.6021728e-005
-0.0056671142	-1.7166138e-005
-0.005569458	-1.5258789e-005
-0.0054672239	-1.5640258e-005
-0.0053726197	-1.7547607e-005
-0.005278015	-1.6403199e-005
-0.0051788329	-1.6021728e-005
-0.0050811768	-1.6784668e-005
-0.0049865721	-1.487732e-005
-0.0048828125	-1.6021728e-005
-0.0047897338	-1.5640258e-005
-0.0046905517	-1.487732e-005
-0.0045959475	-1.5640258e-005
-0.0044952394	-1.7166138e-005
-0.0043975832	-1.6021728e-005
-0.0042999266	-1.6021728e-005
-0.0042022704	-1.5258789e-005
-0.0041046143	-1.8310548e-005
-0.0040069581	-1.335144e-005
-0.0039093019	-1.5640258e-005
-0.0038131713	-1.6784668e-005
-0.0037139892	-1.6021728e-005
-0.003617859	-1.5640258e-005
-0.0035217286	-1.6784668e-005
-0.0034210205	-1.6403199e-005
-0.0033203126	-1.487732e-005
-0.0032272339	-1.5640258e-005
-0.0031280518	-1.373291e-005
-0.0030334473	-1.6403199e-005
-0.0029342652	-1.6021728e-005
-0.0028350831	-1.4495849e-005
-0.0027374267	-1.6021728e-005
-0.0026428222	-1.6021728e-005
-0.0025421144	-1.5640258e-005
-0.0024459839	-1.6784668e-005
-0.0023452758	-1.5640258e-005
-0.0022506714	-1.411438e-005
-0.0021514893	-1.7547607e-005
-0.0020584106	-1.5258789e-005
-0.0019592284	-1.5258789e-005
-0.0018630981	-1.6403199e-005
-0.001763916	-1.6403199e-005
-0.0016662597	-1.5258789e-005
-0.0015655517	-1.6021728e-005
-0.0014724731	-1.487732e-005
-0.0013717652	-1.6403199e-005
-0.001272583	-1.6784668e-005
-0.0011749268	-1.411438e-005
-0.0010818482	-1.7166138e-005
-0.00098114018	-1.5640258e-005
-0.00088500977	-1.6021728e-005
-0.00078430178	-1.6021728e-005
-0.00068969728	-1.5258789e-005
-0.00059051515	-1.7547607e-005
-0.00049438479	-1.6403199e-005
-0.00039672852	-1.6021728e-005
-0.00029754639	-1.6784668e-005
-0.00019836426	-1.7166138e-005
-0.00010681152	-1.6403199e-005
-6.1035157e-006	-1.6021728e-005
8.8500979e-005	-1.5258789e-005
0.00018768311	-1.6021728e-005
0.0002822876	-1.5640258e-005
0.00038604735	-1.6021728e-005
0.00048065186	-1.7547607e-005
0.00057983398	-1.7547607e-005
0.00067596434	-1.6021728e-005
0.00077514647	-1.5258789e-005
0.00086975098	-1.5258789e-005
0.00096740725	-1.6403199e-005
0.0010650635	-1.6784668e-005
0.0011627197	-1.7166138e-005
 0.001260376	-1.6021728e-005
0.0013610839	-1.5640258e-005
0.0014556885	-1.487732e-005
0.0015548706	-1.6784668e-005
0.0016525269	-1.6021728e-005
 0.001751709	-1.6021728e-005
0.0018463135	-1.6021728e-005
0.0019454956	-1.7166138e-005
0.0020385743	-1.5640258e-005
0.0021392822	-1.5640258e-005
0.0022369386	-1.487732e-005
0.0023345947	-1.6403199e-005
0.0024337769	-1.6784668e-005
0.0025299073	-1.6021728e-005
0.0026275634	-1.487732e-005
0.0027282715	-1.411438e-005
  0.00282135	-1.5258789e-005
0.0029220581	-1.6784668e-005
0.0030151368	-1.5258789e-005
0.0031158447	-1.487732e-005
0.0032119751	-1.411438e-005
0.0033111572	-1.6021728e-005
0.0034072876	-1.7547607e-005
0.0035064698	-1.487732e-005
0.0036041259	-1.6021728e-005
0.0037033081	-1.6784668e-005
0.0037979125	-1.5640258e-005
0.0038940429	-1.487732e-005
0.0039947508	-1.5640258e-005
0.0040908814	-1.6021728e-005
0.0041870116	-1.6403199e-005
0.0042877197	-1.4495849e-005
0.0043884278	-1.487732e-005
 0.004484558	-1.5640258e-005
0.0045806887	-1.7547607e-005
0.0046798708	-1.6784668e-005
 0.004772949	-1.4495849e-005
0.0048706057	-1.6021728e-005
0.0049682618	-1.6784668e-005
0.0050674439	-1.5640258e-005
0.0051620482	-1.6021728e-005
0.0052642822	-1.7166138e-005
0.0053588869	-1.7166138e-005
0.0054595945	-1.7166138e-005
0.0055541992	-1.5640258e-005
0.0056549073	-1.6021728e-005
0.0057495115	-1.7166138e-005
0.0058471682	-1.6784668e-005
0.0059478758	-1.5258789e-005
0.0060455324	-1.487732e-005
0.0061386107	-1.6021728e-005
0.0062408447	-1.7166138e-005
0.0063339234	-1.411438e-005
0.0064331056	-1.6021728e-005
0.0065322877	-1.411438e-005
0.0066314698	-1.7166138e-005
   0.0067276	-1.373291e-005
0.0068237307	-1.6403199e-005
0.0069198608	-1.7166138e-005
 0.007017517	-1.6784668e-005
0.0071166991	-1.487732e-005
0.0072174072	-1.6784668e-005
0.0073120119	-1.6021728e-005
0.0074096681	-1.5258789e-005
0.0075073242	-1.5640258e-005
0.0076065063	-1.8692017e-005
0.0076980591	-1.6403199e-005
0.0077987672	-1.6784668e-005
0.0078994753	-1.5640258e-005
  0.00799408	-1.7166138e-005
0.0080902101	-1.4495849e-005
0.0081939697	-1.7547607e-005
0.0082900999	-1.4495849e-005
0.0083862301	-1.7166138e-005
0.0084854122	-1.6021728e-005
0.0085845944	-1.6784668e-005
0.0086761471	-1.7166138e-005
0.0087768557	-1.5640258e-005
0.0088714603	-1.6021728e-005
0.0089706425	-1.487732e-005
0.0090682982	-1.487732e-005
0.0091674803	-1.5258789e-005
0.0092636105	-1.6021728e-005
0.0093627926	-1.5640258e-005
0.0094589237	-1.6784668e-005
0.0095611569	-1.487732e-005
0.0096557615	-1.5258789e-005
0.0097534182	-1.6403199e-005
0.0098480228	-1.6021728e-005
 0.009947205	-1.4495849e-005
 0.010043335	-1.6403199e-005
 0.010144043	-1.487732e-005
 0.010238647	-1.6403199e-005
  0.01033783	-1.6021728e-005
 0.010435486	-1.7547607e-005
 0.010537719	-1.5258789e-005
 0.010629272	-1.487732e-005
 0.010728454	-1.5640258e-005
 0.010827636	-1.7166138e-005
 0.010922241	-1.5640258e-005
 0.011019898	-1.6021728e-005
 0.011120605	-1.7166138e-005
 0.011216735	-1.5640258e-005
 0.011312867	-1.6403199e-005
 0.011413574	-1.6021728e-005
 0.011511231	-1.6784668e-005
 0.011607361	-1.411438e-005
 0.011703491	-1.4495849e-005
 0.011801148	-1.6021728e-005
 0.011898804	-1.4495849e-005
  0.01199646	-1.7166138e-005
 0.012095642	-1.6784668e-005
 0.012194824	-1.5258789e-005
  0.01229248	-1.6784668e-005
 0.012387085	-1.6021728e-005
 0.012487793	-1.7166138e-005
 0.012582397	-1.4495849e-005
 0.012681579	-1.487732e-005
  0.01277771	-1.6021728e-005
 0.012875366	-1.5640258e-005
 0.012973023	-1.487732e-005
  0.01307373	-1.6403199e-005
 0.013168335	-1.5640258e-005
 0.013265992	-1.5640258e-005
 0.013363647	-1.5258789e-005
 0.013462829	-1.6403199e-005
 0.013555909	-1.6021728e-005
 0.013655091	-1.6021728e-005
 0.013751221	-1.6403199e-005
 0.013851929	-1.487732e-005
 0.013948059	-1.373291e-005
 0.014047241	-1.7929076e-005
 0.014143372	-1.6021728e-005
 0.014242554	-1.6784668e-005
 0.014337158	-1.5258789e-005
 0.014437866	-1.6403199e-005
 0.014530945	-1.6021728e-005
 0.014633179	-1.6784668e-005
 0.014730835	-1.6021728e-005
 0.014828491	-1.5258789e-005
 0.014924621	-1.7166138e-005
 0.015023803	-1.6784668e-005
 0.015118408	-1.5640258e-005
  0.01521759	-1.7929076e-005
 0.015315247	-1.6403199e-005
 0.015411377	-1.4495849e-005
 0.015509034	-1.5258789e-005
 0.015606689	-1.6021728e-005
 0.015704345	-1.4495849e-005
 0.015802002	-1.5258789e-005
 0.015898133	-1.487732e-005
 0.016000366	-1.7166138e-005
 0.016098022	-1.487732e-005
 0.016195679	-1.6021728e-005
 0.016291808	-1.6403199e-005
 0.016389465	-1.6021728e-005
 0.016485596	-1.6403199e-005
 0.016584778	-1.6021728e-005
 0.016677856	-1.6403199e-005
 0.016778564	-1.6021728e-005
 0.016874695	-1.5258789e-005
 0.016973877	-1.6784668e-005
 0.017071534	-1.4495849e-005
 0.017172242	-1.487732e-005
  0.01726532	-1.6784668e-005
 0.017364502	-1.8310548e-005
 0.017460633	-1.6021728e-005
 0.017559815	-1.6403199e-005
  0.01765747	-1.6403199e-005
 0.017755127	-1.6403199e-005
 0.017855834	-1.5258789e-005
 0.017948914	-1.6403199e-005
 0.018045044	-1.5258789e-005
 0.018144226	-1.7929076e-005
 0.018243408	-1.6784668e-005
 0.018341064	-1.5258789e-005
 0.018438721	-1.5640258e-005
 0.018536378	-1.7547607e-005
 0.018634032	-1.6021728e-005
 0.018731689	-1.5258789e-005
 0.018829346	-1.6403199e-005
 0.018923949	-1.4495849e-005
 0.019024659	-1.487732e-005
 0.019120788	-1.6403199e-005
 0.019218445	-1.5640258e-005
 0.019314576	-1.6403199e-005
 0.019412231	-1.6403199e-005
  0.01951294	-1.6403199e-005
 0.019607544	-1.6403199e-005
 0.019708252	-1.6021728e-005
 0.019802857	-1.6403199e-005
 0.019903565	-1.7166138e-005
 0.019996643	-1.6021728e-005
 0.020095825	-1.5258789e-005
 0.020193482	-1.6784668e-005
 0.020291138	-1.487732e-005
 0.020388793	-1.487732e-005
 0.020487975	-1.6784668e-005
 0.020587157	-1.5258789e-005
 0.020680238	-1.5640258e-005
 0.020782471	-1.4495849e-005
 0.020877074	-1.6021728e-005
 0.020974731	-1.5258789e-005
 0.021072388	-1.4495849e-005
 0.021170044	-1.487732e-005
 0.021267701	-1.7166138e-005
 0.021366883	-1.6403199e-005
 0.021461487	-1.487732e-005
  0.02156372	-1.6784668e-005
 0.021659851	-1.5640258e-005
 0.021755982	-1.6403199e-005
  0.02185669	-1.6021728e-005
 0.021957397	-1.4495849e-005
 0.022047425	-1.487732e-005
 0.022145081	-1.6021728e-005
 0.022244263	-1.6021728e-005
 0.022340393	-1.6784668e-005
 0.022439575	-1.6021728e-005
 0.022537231	-1.373291e-005
 0.022636414	-1.487732e-005
 0.022732545	-1.6021728e-005
 0.022830199	-1.487732e-005
 0.022927856	-1.411438e-005
 0.023022462	-1.7547607e-005
 0.023121644	-1.7166138e-005
 0.023217773	-1.6784668e-005
  0.02331543	-1.6403199e-005
 0.023411561	-1.487732e-005
 0.023513794	-1.7166138e-005
 0.023611451	-1.487732e-005
 0.023709107	-1.6021728e-005
 0.023806762	-1.6021728e-005
 0.023902893	-1.6021728e-005
 0.023999024	-1.5258789e-005
 0.024096679	-1.373291e-005
 0.024194336	-1.7166138e-005
 0.024291992	-1.411438e-005
 0.024389649	-1.6403199e-005
 0.024490356	-1.7166138e-005
 0.024588013	-1.487732e-005
  0.02468567	-1.8310548e-005
 0.024783324	-1.7547607e-005
 0.024879456	-1.6021728e-005
 0.024975587	-1.6021728e-005
 0.025073241	-1.6784668e-005
 0.025170898	-1.6784668e-005
 0.025268555	-1.487732e-005
 0.025366211	-1.7166138e-005
 0.025463868	-1.5640258e-005
 0.025564576	-1.6021728e-005
 0.025659179	-1.6784668e-005
  0.02575531	-1.7166138e-005
 0.025854493	-1.4495849e-005
 0.025950622	-1.6784668e-005
 0.026048278	-1.6403199e-005
  0.02614441	-1.5258789e-005
 0.026245117	-1.7166138e-005
 0.026342774	-1.6784668e-005
 0.026443481	-1.5640258e-005
 0.026538085	-1.5640258e-005
 0.026632691	-1.6021728e-005
 0.026733398	-1.6784668e-005
  0.02682953	-1.5258789e-005
 0.026927184	-1.6784668e-005
 0.027026366	-1.6021728e-005
 0.027120972	-1.6021728e-005
  0.02722168	-1.6403199e-005
 0.027316283	-1.6403199e-005
 0.027416993	-1.7547607e-005
 0.027514648	-1.5258789e-005
 0.027609253	-1.6403199e-005
 0.027709961	-1.4495849e-005
 0.027807618	-1.6784668e-005
 0.027905274	-1.6021728e-005
 0.027999878	-1.335144e-005
 0.028100586	-1.4495849e-005
 0.028198242	-1.6403199e-005
 0.028292846	-1.5640258e-005
 0.028393555	-1.6403199e-005
 0.028488159	-1.487732e-005
 0.028590392	-1.5258789e-005
 0.028686523	-1.7166138e-005
 0.028781127	-1.487732e-005
 0.028878784	-1.487732e-005
 0.028979491	-1.5640258e-005
 0.029074097	-1.6403199e-005
 0.029171754	-1.6403199e-005
 0.029266357	-1.6021728e-005
 0.029370118	-1.7929076e-005
 0.029464722	-1.6403199e-005
 0.029562378	-1.4495849e-005
 0.029658508	-1.5640258e-005
 0.029760743	-1.487732e-005
 0.029852295	-1.6784668e-005
 0.029953003	-1.4495849e-005
  0.03005066	-1.4495849e-005
 0.030149842	-1.487732e-005
 0.030245971	-1.6403199e-005
 0.030343628	-1.5640258e-005
 0.030441284	-1.6403199e-005
 0.030541992	-1.5258789e-005
 0.030639648	-1.6021728e-005
 0.030737305	-1.7547607e-005
 0.030830383	-1.5258789e-005
 0.030929565	-1.373291e-005
 0.031027222	-1.4495849e-005
 0.031124879	-1.5258789e-005
 0.031221008	-1.5640258e-005
 0.031320192	-1.7166138e-005
 0.031417847	-1.6403199e-005
 0.031513978	-1.487732e-005
  0.03161316	-1.7166138e-005
 0.031709291	-1.7929076e-005
 0.031806946	-1.6021728e-005
 0.031904601	-1.5640258e-005
 0.032003783	-1.7547607e-005
 0.032099914	-1.6403199e-005
 0.032196045	-1.6784668e-005
 0.032298278	-1.6021728e-005
 0.032392882	-1.5640258e-005
 0.032493591	-1.6403199e-005
 0.032592773	-1.5640258e-005
 0.032687377	-1.6784668e-005
 0.032781981	-1.6403199e-005
 0.032881163	-1.6021728e-005
 0.032978822	-1.7166138e-005
 0.033076476	-1.7547607e-005
 0.033172607	-1.6021728e-005
  0.03327179	-1.6021728e-005
 0.033370972	-1.6403199e-005
 0.033468626	-1.6403199e-005
 0.033563234	-1.4495849e-005
 0.033660889	-1.6784668e-005
 0.033758543	-1.5258789e-005
 0.033854675	-1.6784668e-005
 0.033953857	-1.6403199e-005
 0.034053039	-1.411438e-005
  0.03414917	-1.6021728e-005
 0.034248352	-1.5640258e-005
 0.034342956	-1.4495849e-005
 0.034446716	-1.7166138e-005
 0.034542847	-1.5258789e-005
 0.034640502	-1.5258789e-005
 0.034732055	-1.6784668e-005
 0.034832764	-1.6403199e-005
 0.034930419	-1.7166138e-005
 0.035028078	-1.6784668e-005
 0.035125732	-1.6021728e-005
 0.035226442	-1.6021728e-005
 0.035322569	-1.5640258e-005
   0.0354187	-1.6784668e-005
 0.035516359	-1.7547607e-005
 0.035615541	-1.5258789e-005
 0.035710145	-1.5640258e-005
 0.035809327	-1.5640258e-005
 0.035906982	-1.5640258e-005
 0.036003113	-1.5258789e-005
 0.036102295	-1.487732e-005
 0.036198426	-1.4495849e-005
 0.036297608	-1.6021728e-005
 0.036393739	-1.6784668e-005
 0.036492921	-1.6784668e-005
 0.036592104	-1.6784668e-005
 0.036686707	-1.6021728e-005
 0.036782838	-1.6784668e-005
 0.036883544	-1.6403199e-005
 0.036981203	-1.5640258e-005
 0.037078857	-1.5640258e-005
  0.03717804	-1.6784668e-005
 0.037272643	-1.7166138e-005
 0.037371825	-1.6784668e-005
 0.037471008	-1.6021728e-005
 0.037567139	-1.487732e-005
  0.03766327	-1.5258789e-005
 0.037759401	-1.6021728e-005
 0.037857056	-1.5640258e-005
 0.037957765	-1.487732e-005
 0.038050842	-1.411438e-005
 0.038150024	-1.7166138e-005
 0.038250733	-1.487732e-005
 0.038345337	-1.5640258e-005
 0.038446046	-1.6021728e-005
  0.03854065	-1.6403199e-005
 0.038638305	-1.7166138e-005
 0.038735963	-1.6021728e-005
 0.038832091	-1.6784668e-005
 0.038929749	-1.6021728e-005
 0.039027404	-1.487732e-005
 0.039128114	-1.5258789e-005
 0.039224245	-1.6784668e-005
  0.03932495	-1.7166138e-005
 0.039419554	-1.7929076e-005
 0.039518736	-1.487732e-005
 0.039611816	-1.6403199e-005
 0.039712526	-1.7166138e-005
 0.039808653	-1.7547607e-005
 0.039907835	-1.5258789e-005
 0.040002443	-1.4495849e-005
 0.040103149	-1.6021728e-005
 0.040200807	-1.6784668e-005
 0.040299989	-1.6403199e-005
 0.040396117	-1.5258789e-005
 0.040493775	-1.6784668e-005
  0.04059143	-1.6403199e-005
 0.040689088	-1.7166138e-005
 0.040789794	-1.7929076e-005
 0.040884398	-1.373291e-005
 0.040979005	-1.7166138e-005
 0.041079711	-1.6784668e-005
  0.04117737	-1.6021728e-005
 0.041276552	-1.6784668e-005
 0.041371156	-1.4495849e-005
 0.041471861	-1.6784668e-005
 0.041564941	-1.6021728e-005
 0.041665651	-1.6784668e-005
 0.041760255	-1.487732e-005
  0.04186096	-1.5640258e-005
 0.041957092	-1.6021728e-005
 0.042057801	-1.6021728e-005
 0.042153932	-1.373291e-005
 0.042248536	-1.5258789e-005
 0.042347718	-1.6021728e-005
 0.042443849	-1.373291e-005
 0.042541504	-1.2588501e-005
 0.042643737	-1.6021728e-005
 0.042738341	-1.2588501e-005
 0.042834472	-1.487732e-005
  0.04293213	-1.1444092e-005
 0.043031313	-1.335144e-005
  0.04312744	-1.0299683e-005
 0.043225098	-1.1825561e-005
 0.043322753	-1.2969971e-005
 0.043421935	-1.335144e-005
 0.043518066	-9.9182125e-006
 0.043617249	-1.1825561e-005
 0.043714903	-1.1825561e-005
 0.043812562	-9.1552738e-006
 0.043907166	-9.1552738e-006
 0.044009399	-9.1552738e-006
 0.044100951	-7.6293945e-006
 0.044201661	-5.3405761e-006
 0.044299316	-6.8664549e-006
 0.044396974	-6.8664549e-006
 0.044494629	-6.4849855e-006
 0.044595338	-4.1961671e-006
 0.044689942	-3.0517579e-006
 0.044789124	-2.670288e-006
 0.044883728	-1.9073486e-006
 0.044984438	-3.8146973e-007
 0.045077514	           0
 0.045176696	-7.6293946e-007
 0.045275878	           0
  0.04537506	2.2888185e-006
 0.045472719	2.670288e-006
 0.045568846	2.2888185e-006
 0.045666505	3.0517579e-006
  0.04576721	3.4332274e-006
 0.045861818	7.2479247e-006
    0.045961	6.8664549e-006
 0.046054076	7.2479247e-006
 0.046154786	7.2479247e-006
 0.046253968	8.0108639e-006
 0.046350099	8.7738035e-006
 0.046444703	1.1825561e-005
 0.046545409	9.9182125e-006
 0.046643067	1.1825561e-005
 0.046739198	1.411438e-005
 0.046835326	1.5258789e-005
 0.046939086	1.7166138e-005
 0.047032166	1.7166138e-005
 0.047131348	1.8310548e-005
  0.04722748	1.9073486e-005
 0.047326662	1.8692017e-005
 0.047421265	2.1362304e-005
 0.047521971	2.3269653e-005
  0.04761963	2.2888184e-005
 0.047717284	2.5177002e-005
 0.047813416	2.6702881e-005
 0.047912598	2.8991699e-005
 0.048007201	3.0899049e-005
  0.04810486	3.2806398e-005
 0.048202515	3.6621095e-005
 0.048303224	3.9291383e-005
 0.048397828	4.1198731e-005
 0.048498534	4.196167e-005
 0.048594665	4.6539306e-005
 0.048690796	4.8446655e-005
 0.048788451	5.1879884e-005
  0.04888916	5.3405762e-005
 0.048983764	5.41687e-005
 0.049078368	5.8364869e-005
 0.049182128	5.9509279e-005
 0.049279787	6.2561034e-005
 0.049375914	6.8664551e-005
 0.049472045	7.0953371e-005
 0.049571227	7.4005125e-005
 0.049670409	7.7438352e-005
 0.049761962	8.0490114e-005
 0.049862672	8.4686282e-005
 0.049960326	8.8119508e-005
 0.050056458	9.3078612e-005
 0.050152589	9.727478e-005
 0.050254822	0.00010070801
 0.050347902	0.00010757447
 0.050448608	0.00010528565
 0.050546266	0.00010948181
 0.050643921	0.00011558532
 0.050741576	0.00012283325
 0.050839234	0.00012664795
 0.050935365	0.00013427735
 0.051034547	0.00013847351
 0.051132202	0.00014457703
 0.051229857	0.00014877319
 0.051324464	0.00015411378
  0.05142517	0.00015716553
 0.051524352	0.00016517639
 0.051620483	0.00017051697
 0.051715087	0.00017547607
 0.051815797	0.00017738342
 0.051907349	0.00018310547
 0.052008055	0.00018768311
 0.052107237	0.00019454956
 0.052204896	0.0002040863
 0.052301027	0.0002117157
 0.052401733	0.00021743774
 0.052494813	0.00022735595
 0.052597046	0.00023117065
 0.052688599	0.00023994446
 0.052790832	0.0002468109
 0.052885436	0.00025405883
 0.052984618	0.00026168823
 0.053085327	0.00026664734
 0.053182982	0.00027275085
 0.053279113	0.00027656555
 0.053375244	0.00028343202
 0.053475954	0.00029373169
 0.053572081	0.00030288697
 0.053668212	0.00031318664
 0.053768922	0.00032424927
 0.053865053	0.00033302308
 0.053958129	0.00033874513
 0.054058839	0.00034561157
 0.054156493	0.00035476685
 0.054251097	0.00036544801
 0.054351807	0.00037231445
 0.054449461	0.00038223265
 0.054548644	0.00038833619
 0.054643251	0.00039634705
 0.054743957	0.00040245056
  0.05483551	0.00041046142
 0.054936219	0.00042266847
 0.055035401	0.00043640137
 0.055134583	0.00044822693
 0.055230714	0.00045738221
 0.055328369	0.00046844484
 0.055427551	0.00047836304
 0.055520631	0.00048599244
 0.055618286	0.00049819949
 0.055720519	0.00050964358
  0.05581665	0.00051956176
 0.055911254	0.00052719115
 0.056010436	0.00053634646
 0.056109618	0.00054550171
  0.05620575	0.0005531311
 0.056306459	0.00056304934
 0.056402586	0.00057792664
 0.056500245	0.00059280393
 0.056594849	0.00060691836
 0.056695558	0.00062103273
 0.056790162	0.0006309509
 0.056889344	0.00063972472
 0.056988526	0.00065116881
 0.057086181	0.00066413882
 0.057182312	0.00067749026
 0.057281494	0.00068588258
 0.057379149	0.00069656374
 0.057476807	0.00070724485
 0.057571411	0.00071182253
 0.057673644	0.00072708132
 0.057769775	0.00074310304
  0.05786743	0.0007575989
 0.057962038	0.00077400205
 0.058062743	0.00078964233
 0.058157347	0.00080184935
 0.058258057	0.00081214902
 0.058354188	0.00082588196
 0.058451843	0.00083770754
 0.058547974	0.00085105898
 0.058648683	0.00086479186
 0.058743287	0.00087699888
 0.058839418	0.00088577269
   0.0589386	0.00089569093
 0.059036255	0.00090675353
  0.05913391	0.00092163088
 0.059230041	0.00093803403
  0.05933075	0.00095901487
 0.059428405	0.00097427366
 0.059523009	0.00098991394
 0.059626769	0.0010044097
 0.059719849	0.0010169983
 0.059819032	0.0010314941
 0.059916686	0.0010433197
 0.060012817	0.0010604858
 0.060110472	0.0010749816
 0.060208131	0.0010883331
 0.060307313	0.0010997772
 0.060403444	0.0011123657
 0.060501099	0.0011260987
 0.060598753	0.0011425018
 0.060693361	  0.00116539
 0.060794067	0.0011863708
 0.060890198	 0.001203537
  0.06098938	0.0012187958
  0.06108246	0.0012332916
 0.061183166	0.0012470245
 0.061282348	0.0012634278
 0.061380006	0.0012794494
 0.061473083	0.0012962341
 0.061575316	0.0013088227
 0.061671447	0.0013214111
 0.061770629	0.0013339997
 0.061868288	0.0013473511
 0.061962891	0.0013660431
 0.062060546	0.0013851166
 0.062158205	0.0014080048
 0.062257387	0.0014312745
 0.062355042	 0.001449585
 0.062454224	0.0014663696
 0.062551878	0.0014808655
 0.062649533	0.0014980317
 0.062744141	0.0015163422
 0.062843323	  0.00153656
 0.062942505	0.0015514374
 0.063034058	0.0015655517
 0.063134767	0.0015789032
 0.063235477	0.0015930176
 0.063330077	0.0016101837
 0.063427731	0.0016311646
 0.063525394	0.0016548156
 0.063619994	0.0016746521
 0.063717648	0.0016990661
 0.063816831	0.0017173768
 0.063916013	0.0017341614
  0.06401062	 0.001750946
 0.064109802	0.0017700195
 0.064212039	 0.001789856
 0.064306639	0.0018093109
 0.064404294	0.0018268585
 0.064503476	0.0018405914
 0.064601138	0.0018547059
 0.064695738	0.0018726349
 0.064793393	0.0018913269
 0.064889528	 0.001914215
 0.064990237	0.0019420624
 0.065086365	0.0019664764
 0.065182492	0.0019901276
 0.065284729	0.0020076751
 0.065374754	0.0020248413
 0.065480039	0.0020462037
 0.065574646	0.0020656586
 0.065673828	0.0020874024
 0.065769956	0.0021045685
 0.065869138	0.0021232604
  0.06596832	0.0021354675
   0.0660614	 0.002162552
 0.066163637	0.0021896362
 0.066256717	0.0022125244
 0.066357419	0.0022335052
 0.066453554	0.0022514344
 0.066551208	0.0022727966
 0.066650391	0.0022937774
 0.066749573	0.0023159026
 0.066842653	 0.002338028
 0.066943362	0.0023578643
 0.067037962	0.0023715973
 0.067137145	0.0023880005
 0.067231752	0.0024082183
 0.067330934	0.0024341582
 0.067428589	0.0024612427
 0.067529298	0.0024906159
 0.067623898	0.0025173188
 0.067724608	0.0025390624
 0.067820743	0.0025608062
  0.06791687	0.0025806427
  0.06801758	0.0026035309
 0.068115234	0.0026264191
 0.068209842	0.0026519776
 0.068309024	0.0026718141
 0.068403624	0.0026905059
 0.068501279	0.0027084351
 0.068597414	0.0027263642
  0.06870117	0.0027496337
 0.068798825	0.0027786256
 0.068891905	0.0028114319
 0.068994142	0.0028400421
 0.069091797	 0.002867508
  0.06918335	0.0028903962
 0.069287106	 0.002909088
 0.069381714	0.0029338836
 0.069479369	0.0029579164
 0.069573976	0.0029827119
 0.069677733	0.0030067444
  0.06977234	0.0030281066
 0.069869995	0.0030467988
 0.069966123	0.0030647279
 0.070065305	0.0030868531
 0.070158385	0.0031166077
 0.070259094	0.0031475066
 0.070356749	0.0031818389
 0.070455931	0.0032108307
 0.070552066	 0.003238678
 0.070652768	0.0032596588
  0.07075043	 0.003284073
 0.070846558	0.0033092499
 0.070944212	 0.003333664
 0.071043395	0.0033607483
  0.07113342	0.0033824921
 0.071235657	0.0034023286
 0.071330264	0.0034236908
 0.071432494	0.0034461976
 0.071527101	0.0034732819
 0.071629331	0.0035037994
 0.071723938	0.0035385131
 0.071820065	0.0035736084
 0.071920775	0.0036048889
 0.072021484	0.0036262511
 0.072113037	0.0036525726
 0.072210692	0.0036766052
 0.072308347	0.0037075044
 0.072407529	0.0037334443
 0.072503664	0.0037593842
 0.072604373	0.0037826537
 0.072703555	0.0038028718
 0.072796628	0.0038253784
  0.07289429	0.0038490295
 0.072994992	0.0038810731
 0.073088072	0.0039165495
 0.073188782	0.0039535523
 0.073283389	 0.003985214
 0.073384091	0.0040172576
 0.073478699	0.0040435791
 0.073580936	0.0040695192
 0.073674008	0.0040977476
  0.07377319	0.0041294098
 0.073869325	 0.004156494
 0.073970035	0.0041843415
 0.074063107	0.0042079925
 0.074163817	0.0042282105
 0.074258424	0.0042541502
 0.074360654	0.0042823791
 0.074453734	0.0043201447
 0.074554443	0.0043560029
 0.074652098	0.0043941499
 0.074749753	0.0044307709
  0.07484436	0.0044601439
 0.074946597	0.0044853212
 0.075042725	0.0045135496
 0.075140379	0.0045448304
 0.075238034	0.0045776367
 0.075335696	0.0046077729
 0.075430296	0.0046314239
 0.075531006	0.0046554566
 0.075625613	0.0046791076
 0.075724795	0.0047080992
 0.075823978	0.0047424315
 0.075920105	0.0047840117
 0.076014712	 0.004825592
 0.076112367	0.0048610689
 0.076213077	 0.004893112
 0.076310731	0.0049221041
 0.076405331	0.0049499511
 0.076507568	0.0049827574
 0.076602176	0.0050148009
 0.076701358	0.0050510406
 0.076797485	0.0050800322
 0.076898195	0.0051033022
 0.076991275	0.0051273345
 0.077090457	0.0051548006
 0.077185057	0.0051856996
 0.077287294	0.0052261353
 0.077380374	0.0052677155
 0.077481076	 0.005308914
 0.077578738	0.0053459168
 0.077674866	0.0053787231
 0.077774048	0.0054092407
  0.07787323	0.0054401397
 0.077967837	0.0054748533
  0.07806702	 0.005511093
 0.078163147	0.0055431365
 0.078262329	  0.00557251
 0.078356937	0.0055999756
 0.078457639	0.0056251525
 0.078555301	0.0056556701
 0.078651428	0.0056964876
 0.078746036	0.0057388307
  0.07885132	0.0057853698
 0.078942873	  0.00582428
 0.079043582	0.0058597564
 0.079135135	0.0058925627
 0.079237364	 0.005926895
 0.079331972	0.0059593199
 0.079435728	0.0059989928
 0.079530336	0.0060344697
 0.079631045	0.0060680388
 0.079724118	0.0060951235
 0.079824828	0.0061187744
 0.079919435	0.0061523439
 0.080020145	0.0061893463
 0.080114745	0.0062316894
 0.080215454	0.0062805177
 0.080313109	0.0063259127
 0.080409244	0.0063621523
 0.080506898	 0.006399536
 0.080604553	0.0064323423
 0.080699161	0.0064697266
  0.08080139	0.0065067289
 0.080895998	0.0065441132
  0.08099518	0.0065811155
 0.081091307	0.0066127777
 0.081188962	0.0066421507
 0.081285097	0.0066734315
 0.081387326	0.0067085265
 0.081481934	0.0067512514
 0.081579588	0.0067989351
 0.081677243	0.0068492889
 0.081777953	0.0068962099
  0.08187256	0.0069301603
 0.081971742	0.0069686892
 0.082064822	0.0070060729
 0.082165524	0.0070442199
 0.082263187	0.0070827482
 0.082360841	0.0071250917
 0.082458496	0.0071605681
 0.082557678	0.0071899416
 0.082649231	0.0072231293
 0.082754515	0.0072540282
 0.082847595	0.0072959899
  0.08294525	0.0073444368
 0.083042905	0.0073947906
 0.083142087	0.0074455263
 0.083239749	0.0074909208
 0.083338931	0.0075321198
 0.083435059	0.0075702667
 0.083534241	0.0076065063
 0.083628848	  0.00765152
 0.083731078	 0.007693863
  0.08382263	0.0077346801
 0.083920285	0.0077728271
 0.084020995	0.0078025819
 0.084117129	  0.00783577
 0.084214784	0.0078762053
 0.084317014	0.0079227444
 0.084411621	0.0079757692
 0.084510803	0.0080287931
 0.084608458	0.0080783842
 0.084704593	 0.008123016
 0.084799193	0.0081619266
 0.084898375	 0.008205032
 0.084997557	  0.00824585
 0.085093692	 0.008289719
 0.085189819	0.0083339689
 0.085290529	0.0083744051
 0.085388184	  0.00840683
 0.085484311	0.0084423069
 0.085578918	0.0084804539
 0.085681155	 0.008526993
 0.085775755	0.0085807797
 0.085874937	0.0086368565
 0.085972592	0.0086868284
 0.086071774	0.0087268827
 0.086167909	0.0087676998
 0.086268619	0.0088077541
 0.086364746	 0.008852005
 0.086462401	0.0088745113
 0.086557008	0.0089389803
 0.086657718	0.0089824675
  0.08675079	0.0089820866
   0.0868515	0.0090515139
 0.086947635	0.0090930937
 0.087046817	0.0091373445
 0.087141417	0.0091869356
 0.087243654	0.0092441561
 0.087338254	0.0093070986
 0.087435916	0.0093559269
 0.087532043	0.0094028469
  0.08763428	0.0094432831
 0.087727353	0.0094852448
 0.087826535	 0.009531403
 0.087924197	0.0095726009
 0.088021852	0.0096168518
 0.088116452	  0.00966301
 0.088223264	0.0097053526
 0.088316344	0.0097457888
 0.088415526	0.0097686769
 0.088505551	0.0098175053
 0.088607788	0.0098804478
 0.088705443	0.0099361418
 0.088803098	0.0099948887
  0.08890076	 0.010049438
 0.088996887	 0.010087204
 0.089094542	 0.010110092
 0.089193724	 0.010150147
 0.089289859	 0.010191726
 0.089387514	 0.010261917
 0.089483641	 0.010287094
 0.089584351	 0.010323715
 0.089678958	 0.010368347
 0.089776613	  0.01039238
 0.089875795	 0.010432434
  0.08997345	 0.010486221
 0.090069577	 0.010550308
 0.090170287	 0.010610199
 0.090269469	 0.010638809
 0.090365604	 0.010683822
 0.090463258	 0.010735703
 0.090560913	 0.010774612
 0.090658568	 0.010808945
 0.090753175	  0.01087532
  0.09085083	 0.010902787
 0.090948485	 0.010959243
  0.09104462	 0.010990143
 0.091145322	 0.011053848
 0.091242984	  0.01112175
 0.091340639	 0.011167144
 0.091436766	 0.011198807
 0.091537476	 0.011227036
  0.09163513	 0.011266708
  0.09172821	 0.011312103
 0.091830447	 0.011375427
 0.091928102	 0.011424636
 0.092025757	 0.011442184
 0.092120364	 0.011465073
 0.092219546	 0.011529541
 0.092315674	  0.01159401
 0.092414856	 0.011636352
 0.092507936	  0.01169014
 0.092605591	 0.011724472
 0.092703246	 0.011767578
 0.092803955	 0.011836624
 0.092903137	  0.01187439
 0.092999265	 0.011892319
 0.093096927	 0.011952972
 0.093196109	 0.012005234
 0.093290709	 0.012034607
 0.093389891	 0.012099457
 0.093487546	 0.012139892
 0.093585208	  0.01216507
 0.093682863	 0.012215423
 0.093780518	 0.012261963
 0.093878172	  0.01232338
 0.093974307	 0.012374878
 0.094073489	 0.012453461
 0.094174191	 0.012484741
 0.094268799	 0.012540435
 0.094366454	 0.012594605
 0.094461061	 0.012623215
 0.094561771	 0.012678146
 0.094656371	 0.012744904
  0.09475708	  0.01281929
 0.094854735	 0.012844086
  0.09495239	 0.012874985
 0.095050052	 0.012932968
 0.095147707	 0.012960816
 0.095242307	 0.013025666
 0.095341489	 0.013038253
 0.095440671	 0.013110352
 0.095532224	 0.013201142
 0.095635988	 0.013271332
  0.09573517	 0.013297272
  0.09582825	 0.013333512
 0.095928952	 0.013380433
  0.09602356	 0.013434982
 0.096124269	 0.013511658
 0.096218869	 0.013570404
 0.096315004	 0.013636017
 0.096417233	 0.013664627
 0.096511841	 0.013697815
 0.096607968	 0.013763046
 0.096710205	 0.013795853
 0.096806332	 0.013820648
 0.096905515	 0.013915253
 0.097000122	 0.013998413
 0.097097777	 0.014040756
 0.097193912	 0.014083862
 0.097294614	 0.014107132
 0.097392276	 0.014176941
 0.097488403	 0.014248276
 0.097583011	 0.014289093
 0.097686768	 0.014354706
 0.097781375	 0.014377212
 0.097877502	 0.014437104
 0.097978212	 0.014527893
 0.098075867	 0.014608383
 0.098168947	 0.014626694
 0.098268129	 0.014730453
 0.098367311	 0.014778137
 0.098464966	 0.014751052
 0.098561093	 0.014772033
 0.098661803	 0.014818573
 0.098757938	  0.01483574
 0.098855592	 0.014950943
 0.098956302	 0.015143204
 0.099050902	 0.015213013
 0.099145509	 0.015244293
 0.099246219	 0.015246963
 0.099343874	 0.015303421
 0.099441528	 0.015349579
 0.099536136	 0.015384674
 0.099636838	  0.01543045
   0.0997345	 0.015573883
 0.099833682	 0.015655899
 0.099931337	 0.015746688
 0.099996947	 0.015844345
 0.099996947	 0.015838623
 0.099996947	 0.015937423
