-0.099545285	 -0.20293808
 -0.09944763	 -0.20273209
-0.099349976	 -0.20251846
-0.099252321	 -0.20226288
-0.099151611	 -0.20200348
-0.099060059	 -0.20180511
-0.098959349	 -0.20156097
-0.098867796	 -0.20133209
 -0.09876404	 -0.20108414
-0.098669432	 -0.20089722
-0.098571777	  -0.2006073
-0.098471068	 -0.20037079
 -0.09837494	 -0.20013809
-0.098278806	 -0.19988632
-0.098176576	 -0.19963837
-0.098080441	 -0.19940948
-0.097982787	 -0.19922638
-0.097885132	 -0.19897842
-0.097787477	 -0.19874191
-0.097695924	 -0.19850922
-0.097593687	 -0.19828033
-0.097499087	 -0.19795227
-0.097398378	 -0.19775391
-0.097302243	  -0.1974678
-0.097200014	 -0.19725037
-0.097103879	 -0.19699097
-0.097009279	 -0.19678116
-0.096911624	 -0.19651794
-0.096809387	 -0.19632339
-0.096717834	 -0.19608688
-0.096618652	 -0.19584656
-0.096520998	 -0.19553375
-0.096423343	 -0.19524384
-0.096327208	 -0.19498062
-0.096221924	 -0.19475937
-0.096128844	 -0.19457245
-0.096031189	 -0.19435501
-0.095938109	 -0.19408798
-0.095837399	 -0.19381332
-0.095742799	 -0.19364166
-0.095643617	 -0.19333267
 -0.09554901	  -0.1930275
 -0.09544678	 -0.19284058
-0.095352173	 -0.19261932
-0.095248416	 -0.19235992
-0.095153809	 -0.19206238
-0.095059201	  -0.1918335
-0.094958499	 -0.19163513
 -0.09485779	 -0.19140244
-0.094766237	 -0.19117355
-0.094667055	 -0.19088364
 -0.09457092	 -0.19063568
-0.094470218	 -0.19037247
-0.094374083	 -0.19013596
-0.094274901	 -0.18989182
-0.094177246	 -0.18965912
-0.094079591	 -0.18940353
-0.093981937	 -0.18922806
-0.093885802	  -0.1889801
-0.093789674	 -0.18873215
-0.093688965	 -0.18839264
-0.093594357	 -0.18806076
-0.093493655	 -0.18768692
-0.093399048	  -0.1876297
-0.093298338	 -0.18729401
-0.093200684	 -0.18704987
-0.093103029	 -0.18673706
-0.093008421	 -0.18647766
-0.092907712	 -0.18621063
-0.092813112	 -0.18595505
-0.092715457	 -0.18571472
-0.092617795	 -0.18538666
 -0.09252014	 -0.18516541
 -0.09242554	  -0.1848793
-0.092324831	 -0.18461609
-0.092225648	 -0.18438721
-0.092127994	 -0.18408966
-0.092034914	 -0.18381882
-0.091931149	 -0.18350983
-0.091836549	 -0.18319702
-0.091740415	 -0.18296814
 -0.09164276	 -0.18269348
-0.091545105	 -0.18230057
 -0.09144745	 -0.18205643
-0.091345213	 -0.18186569
-0.091250613	   -0.181633
-0.091152951	  -0.1812706
-0.091055296	  -0.1809845
-0.090956114	 -0.18078995
-0.090863034	 -0.18059921
-0.090763852	 -0.18026352
-0.090667725	 -0.17996979
-0.090567015	  -0.1796608
-0.090473935	 -0.17937088
-0.090368651	 -0.17917252
-0.090274051	 -0.17882919
-0.090176389	 -0.17866135
-0.090078734	 -0.17818069
-0.089979552	  -0.1775856
-0.089886472	 -0.17732239
-0.089788817	  -0.1771965
-0.089688107	 -0.17649841
 -0.08959198	 -0.17679596
-0.089497373	 -0.17671204
-0.089395143	 -0.17631531
-0.089297488	 -0.17596436
-0.089199826	 -0.17571259
-0.089106753	 -0.17551804
-0.089004517	 -0.17522812
-0.088909909	 -0.17500305
-0.088810727	 -0.17471313
  -0.0887146	 -0.17444229
 -0.08861389	  -0.1741333
 -0.08852081	  -0.1739006
-0.088418581	 -0.17364502
-0.088323973	 -0.17331696
-0.088226318	 -0.17300034
-0.088125609	 -0.17271423
-0.088031009	  -0.1724205
-0.087936401	 -0.17214203
-0.087835692	  -0.1718483
-0.087738037	 -0.17151642
-0.087637328	 -0.17123032
-0.087544248	  -0.1709404
-0.087442018	 -0.17073059
-0.087347411	 -0.17042923
-0.087246701	 -0.17015457
-0.087152101	 -0.16986465
-0.087055966	 -0.16953278
-0.086959839	  -0.1670723
-0.086860657	 -0.16358185
-0.086761475	  -0.1640892
-0.086666867	 -0.16178131
-0.086566165	 -0.16273499
-0.086466983	 -0.16187668
-0.086373903	 -0.16217422
-0.086273193	 -0.16142273
-0.086178586	 -0.15956497
-0.086074829	 -0.16004944
-0.085983276	 -0.16204071
-0.085884094	 -0.16012573
-0.085787967	 -0.15645599
 -0.08568573	 -0.15968704
-0.085594177	  -0.1567421
 -0.08549194	  -0.1524086
-0.085395813	 -0.15436935
-0.085299686	 -0.15415955
-0.085205078	 -0.15193558
-0.085101321	 -0.15133667
-0.085006714	 -0.14923859
-0.084909059	  -0.1501236
-0.084811404	 -0.15093231
-0.084713742	 -0.14994431
-0.084619142	 -0.15124893
-0.084515378	 -0.15108109
-0.084422305	 -0.14705276
-0.084320068	 -0.15035629
-0.084226988	 -0.15017319
-0.084124759	 -0.15023422
-0.084031679	 -0.14706421
-0.083930969	 -0.14920044
-0.083836362	 -0.14960098
 -0.08373718	 -0.14910889
-0.083639525	 -0.15088272
-0.083538815	 -0.15078354
-0.083442688	 -0.14995575
-0.083345033	 -0.15033722
-0.083248898	 -0.14959335
-0.083151244	 -0.14906311
-0.083053589	 -0.14868546
-0.082957461	 -0.14728165
-0.082859799	 -0.14534378
-0.082762145	 -0.14318085
-0.082666017	 -0.13994217
 -0.08256378	 -0.14258194
 -0.08246918	 -0.14256668
-0.082369998	 -0.14215088
-0.082275391	 -0.13341522
-0.082173154	 -0.12789917
-0.082081601	 -0.12639236
-0.081979372	 -0.12557983
-0.081886292	  -0.1240654
-0.081787109	 -0.12389755
-0.081689455	 -0.12238312
-0.081588745	 -0.12056732
-0.081492618	 -0.11744308
-0.081394956	  -0.1115799
-0.081298828	 -0.10852051
-0.081198119	 -0.10492706
-0.081103519	 -0.10110092
-0.081002809	-0.099960327
-0.080908202	 -0.09526825
-0.080807492	-0.092617035
-0.080712892	-0.091686249
-0.080612183	-0.089580536
-0.080517575	-0.088085175
-0.080416873	-0.085208893
-0.080323793	-0.077747345
-0.080224611	 -0.07649231
-0.080130003	-0.075080872
-0.080029294	-0.073589325
-0.079931639	-0.072780609
 -0.07983093	-0.072174072
 -0.07973633	-0.071437836
 -0.07963562	 -0.07068634
-0.079541013	 -0.07081604
-0.079441831	-0.069828033
-0.079344176	-0.068687439
-0.079246521	-0.067363739
-0.079150394	-0.066635132
-0.079052731	 -0.06595993
-0.078953549	-0.065475464
-0.078857422	-0.063816071
-0.078761294	 -0.06280899
-0.078659058	-0.062042236
 -0.07856445	-0.061256409
-0.078463748	-0.060810089
-0.078370668	-0.060371399
-0.078269958	-0.060352325
-0.078175351	-0.059555054
-0.078076169	-0.058452606
-0.077976987	-0.057971954
-0.077880859	-0.057933807
-0.077781677	-0.057739258
 -0.07768555	-0.056266785
-0.077587888	-0.055667877
-0.077493288	-0.055389404
-0.077394105	-0.055355072
-0.077294923	-0.055202484
-0.077200316	-0.054862976
-0.077105716	-0.054187775
-0.077001952	-0.053924561
-0.076904297	-0.053714752
-0.076806642	-0.052783966
-0.076708987	-0.052146912
 -0.07661438	-0.051586151
-0.076516725	-0.050697327
-0.076416016	-0.050525665
-0.076319888	-0.050186157
-0.076225281	-0.049503326
-0.076126099	-0.049388885
-0.076025389	-0.049041748
-0.075930789	-0.048736572
-0.075831607	-0.048358917
-0.075732425	-0.047885895
 -0.07563629	-0.047664642
-0.075540163	-0.047538757
-0.075442508	-0.047115326
-0.075343326	-0.046722412
-0.075247191	-0.046394348
-0.075149536	-0.045516968
-0.075048827	-0.045936584
-0.074951172	-0.046108246
-0.074856564	-0.046092987
-0.074757382	-0.046638489
-0.074661255	 -0.04650116
  -0.0745636	-0.046001434
-0.074467465	-0.045124054
-0.074368283	-0.044483185
-0.074272156	-0.044048309
-0.074171446	-0.044147491
-0.074078366	 -0.04384613
-0.073979184	-0.043533325
-0.073880002	-0.043224335
-0.073782347	-0.043117523
-0.073684692	-0.042598724
-0.073590085	-0.042243958
-0.073490903	-0.041954041
-0.073393248	 -0.04209137
-0.073300168	-0.041748047
-0.073196411	-0.041172028
-0.073101804	 -0.04114151
-0.072998047	-0.041069031
-0.072903439	-0.040538788
-0.072808839	-0.040679932
 -0.07270813	-0.040355682
-0.072613522	  -0.0402565
-0.072517395	-0.040092468
-0.072415158	-0.039928436
-0.072322085	-0.039577484
-0.072219849	-0.039325714
-0.072122194	-0.039226532
-0.072026059	-0.038967133
-0.071929932	 -0.03862381
 -0.07183075	-0.038486481
-0.071733095	-0.038391113
 -0.07163696	 -0.03830719
-0.071537778	-0.038230896
-0.071435548	-0.038276672
-0.071345523	-0.037651062
-0.071246341	 -0.03723526
-0.071150206	-0.037094116
-0.071047977	 -0.03723526
-0.070950314	-0.037101746
-0.070855714	-0.036872864
 -0.07075958	-0.036773682
-0.070660397	-0.036582947
-0.070565797	-0.036258698
-0.070463561	-0.036060333
 -0.07036896	-0.036003113
-0.070271298	-0.035907745
-0.070172116	-0.035686493
-0.070075989	-0.035381317
-0.069978334	-0.035289764
-0.069879152	-0.034946442
-0.069781497	-0.034706116
-0.069683835	-0.034511566
 -0.06958618	-0.034351349
-0.069488525	-0.034107208
-0.069392398	 -0.03401947
-0.069294736	-0.033828735
-0.069195554	-0.033630371
-0.069097899	 -0.03345108
-0.069000244	-0.033317566
-0.068902589	-0.033008575
-0.068804935	-0.032783508
  -0.0687088	-0.032672882
-0.068609618	-0.032432556
-0.068508908	-0.032157898
-0.068417355	-0.032032013
-0.068316653	-0.031917572
-0.068217471	-0.031707764
-0.068121336	-0.031658173
-0.068025209	-0.031581879
-0.067926027	-0.031532288
-0.067831419	-0.031242371
-0.067733765	-0.031017303
-0.067633055	-0.030963898
  -0.0675354	-0.030773163
-0.067439273	-0.030403137
-0.067343138	-0.030025482
-0.067243956	-0.029884338
-0.067147829	-0.029766083
-0.067045592	-0.029758453
-0.066949464	 -0.02947998
 -0.06685333	-0.029243469
-0.066757202	-0.029205322
-0.066659547	-0.029136658
-0.066561893	-0.029094696
 -0.06646423	-0.029003143
 -0.06636963	-0.029018402
-0.066268921	 -0.02897644
-0.066169739	-0.028926849
-0.066073611	-0.028793335
-0.065975949	-0.028629303
-0.065878294	-0.028411865
-0.065782167	-0.028247833
-0.065682985	 -0.02804184
 -0.06558533	-0.027877808
-0.065490723	-0.027767181
-0.065391541	-0.027633667
-0.065292358	-0.027412415
-0.065194704	 -0.02722168
-0.065095522	-0.027015686
-0.064999387	-0.026882172
-0.064903259	-0.026687622
-0.064804077	-0.026538849
-0.064706422	-0.026382446
-0.064610288	-0.026222229
-0.064511105	-0.026077271
-0.064413451	-0.026008606
-0.064315796	 -0.02589035
-0.064219669	-0.025810242
-0.064123534	-0.025756836
-0.064022824	-0.025672913
-0.063928224	-0.025424957
-0.063832089	-0.025215149
 -0.06372986	-0.025211334
-0.063632205	 -0.02520752
-0.063537598	-0.025016785
-0.063438416	-0.024902344
-0.063342288	-0.024822235
-0.063241579	-0.024742126
-0.063142397	-0.024646759
-0.063049316	 -0.02450943
-0.062951662	-0.024356842
-0.062855527	-0.024223328
-0.062754825	-0.024154663
-0.062655643	-0.024051666
-0.062561035	-0.023849487
 -0.06246338	-0.023654938
-0.062362671	  -0.0234375
-0.062271118	 -0.02325058
-0.062168885	-0.023109436
-0.062069703	-0.022960663
-0.061975099	-0.022819519
-0.061877441	-0.022632599
-0.061779786	 -0.02248764
-0.061682127	-0.022415161
   -0.061586	-0.022373199
-0.061489869	-0.022315979
-0.061384581	-0.022209167
-0.061291505	-0.022106171
-0.061195374	-0.021972656
-0.061097719	-0.021827698
-0.060998537	-0.021678925
-0.060902406	 -0.02154541
-0.060803223	-0.021438599
 -0.06070862	-0.021270752
-0.060609438	-0.021133423
-0.060513306	-0.020969391
-0.060412597	-0.020874023
-0.060314942	-0.020774841
-0.060218811	-0.020690918
-0.060116578	-0.020580292
-0.060025025	-0.020477295
-0.059927367	-0.020366669
-0.059828185	-0.020271301
-0.059732057	-0.020175934
-0.059631348	-0.020069122
-0.059533693	 -0.01997757
-0.059439085	-0.019851685
-0.059335329	-0.019741058
  -0.0592453	-0.019607544
-0.059144594	-0.019493103
-0.059049986	-0.019416809
-0.058947753	-0.019325256
-0.058853149	-0.019248962
 -0.05875244	 -0.01915741
-0.058657836	-0.019012451
-0.058560181	-0.018913269
-0.058459472	-0.018806458
-0.058363341	-0.018714905
-0.058267213	-0.018634796
-0.058168031	-0.018531799
-0.058073424	-0.018405914
-0.057975769	-0.018287659
-0.057876587	-0.018119812
-0.057778932	-0.017993927
-0.057681274	-0.017883301
-0.057580568	-0.017807007
 -0.05748596	-0.017730713
-0.057385255	-0.017665863
-0.057290651	-0.017593384
-0.057192992	-0.017498016
-0.057095338	 -0.01739502
-0.056997679	-0.017307281
-0.056900024	-0.017215729
 -0.05680237	-0.017089844
-0.056706239	-0.016979218
-0.056607056	-0.016868591
-0.056509398	 -0.01676178
-0.056411743	-0.016658783
-0.056318663	-0.016582489
 -0.05621643	-0.016517639
-0.056118775	-0.016448975
-0.056018066	-0.016342163
-0.055923462	 -0.01625824
-0.055825807	-0.016170502
  -0.0557312	-0.016052246
-0.055632018	-0.015953064
 -0.05553589	-0.015861511
-0.055435181	-0.015769958
-0.055337526	-0.015644073
-0.055239867	-0.015522003
-0.055142213	-0.015445709
-0.055044554	-0.015357971
-0.054946899	-0.015312195
 -0.05484619	-0.015216827
-0.054756165	-0.015140533
-0.054656982	-0.015045166
-0.054559328	-0.014930725
-0.054460146	-0.014831543
-0.054364014	 -0.01473999
-0.054266356	-0.014667511
-0.054168701	-0.014564514
-0.054069519	-0.014450073
-0.053970337	-0.014347076
-0.053875733	-0.014278412
-0.053776551	-0.014228821
-0.053677369	-0.014144897
-0.053578187	-0.014045715
-0.053485107	-0.013946533
-0.053384401	-0.013870239
-0.053289793	-0.013778687
-0.053190611	-0.013679504
-0.053096008	 -0.01360321
-0.052995302	-0.013496399
 -0.05289612	-0.013404846
-0.052796938	-0.013313293
-0.052705385	   -0.013237
-0.052604675	-0.013168335
-0.052508544	-0.013114929
-0.052410889	-0.013034821
-0.052314758	-0.012943268
-0.052217104	-0.012859344
-0.052119445	-0.012775421
-0.052020263	-0.012687683
-0.051924132	-0.012607574
 -0.05182495	-0.012523651
-0.051728822	-0.012432098
-0.051626585	-0.012325287
-0.051533509	-0.012237549
-0.051434327	-0.012168884
-0.051336668	-0.012104034
-0.051239014	-0.012050629
 -0.05114441	 -0.01197052
  -0.0510437	-0.011890411
-0.050946046	-0.011798859
-0.050848387	-0.011726379
-0.050753783	-0.011631012
 -0.05065155	-0.011573792
-0.050559998	-0.011497498
-0.050460815	 -0.01140213
-0.050361633	-0.011314392
-0.050263979	-0.011226654
-0.050170898	 -0.01115799
-0.050067138	 -0.01109314
-0.049969483	-0.011035919
-0.049871825	 -0.01096344
-0.049775697	-0.010894775
-0.049676515	-0.010818481
-0.049581908	-0.010746002
-0.049484253	-0.010673523
-0.049388122	-0.010597229
 -0.04928894	 -0.01052475
-0.049192809	-0.010444641
-0.049090575	-0.010345459
-0.048995972	-0.010246277
-0.048898317	-0.010177612
-0.048800658	-0.010108948
-0.048701476	-0.010047913
  -0.0486084	-0.0099945068
-0.048509218	-0.0099334717
-0.048410036	-0.0098609924
-0.048312377	-0.0097885132
-0.048216246	-0.0097122192
 -0.04811554	-0.0096321106
-0.048019409	-0.0095672607
-0.047921754	-0.0095024109
-0.047825623	-0.0094261169
-0.047727965	-0.0093421936
-0.047631837	-0.0092697144
-0.047534179	-0.009185791
-0.047434997	-0.0091247559
-0.047338866	-0.0090827942
 -0.04723816	-0.0090255737
-0.047140501	-0.0089530945
-0.047044374	-0.0088768005
-0.046946716	-0.0088043213
-0.046847533	-0.008731842
-0.046748351	-0.0086631775
-0.046653748	-0.008605957
-0.046556093	-0.0085296631
-0.046459962	-0.0084571838
-0.046359252	-0.0083770752
-0.046264648	-0.0083084106
-0.046163939	-0.0082397461
-0.046067812	-0.0081939697
-0.045968629	-0.0081367493
-0.045874022	-0.0080833435
-0.045771789	-0.0080299377
-0.045678712	-0.0079460144
-0.045581054	-0.0078849792
-0.045483399	-0.0078277588
-0.045387268	-0.0077590942
-0.045288086	-0.0077018738
-0.045190431	-0.0076332092
  -0.0450943	-0.0075531006
-0.044995118	-0.0074882507
-0.044897459	-0.0074157715
-0.044796754	-0.0073661804
-0.044703674	-0.0073165894
-0.044607542	-0.0072593689
 -0.04450836	-0.0072097778
-0.044412233	-0.0071487427
-0.044309996	-0.0070877075
-0.044213869	-0.0070228577
-0.044113159	-0.0069580078
-0.044015504	-0.0069007874
-0.043920897	-0.0068435669
-0.043823242	-0.0067634583
-0.043727111	-0.0067024231
 -0.04363098	-0.0066223145
-0.043531798	-0.0065803528
 -0.04343567	-0.006526947
-0.043334961	-0.0064926147
-0.043234251	-0.006439209
-0.043139648	-0.0063934326
-0.043041993	-0.0063247681
-0.042945862	-0.0062599182
-0.042843629	-0.0062103271
-0.042750549	-0.0061569214
-0.042652894	-0.0060958862
-0.042555235	-0.0060310364
-0.042459108	-0.0059661865
-0.042361449	-0.0059051514
-0.042262267	-0.0058403015
-0.042164613	-0.0057907104
-0.042063903	-0.0057487488
-0.041967772	-0.0057067871
-0.041871645	-0.0056686401
-0.041775513	-0.0056152344
-0.041676331	-0.0055541992
-0.041577149	-0.0054931641
-0.041479491	-0.0054473877
-0.041381836	-0.0053939819
-0.041285705	-0.0053329468
-0.041186523	-0.0052719116
-0.041090392	-0.0052146912
-0.040992737	-0.0051498413
-0.040895082	-0.0051040649
-0.040800475	-0.0050582886
-0.040701292	-0.0050086975
-0.040600587	-0.0049819946
-0.040502928	-0.0049285889
-0.040408324	-0.0048751831
 -0.04031067	-0.0048065186
 -0.04020996	-0.0047531128
-0.040110778	-0.0047073364
-0.040017702	-0.0046615601
-0.039920043	-0.0046157837
-0.039820861	-0.0045547485
 -0.03972473	-0.0044975281
-0.039628603	-0.004447937
 -0.03952942	-0.0044021606
-0.039434813	-0.0043640137
-0.039334107	-0.004322052
-0.039234925	-0.0042877197
-0.039137267	-0.004234314
-0.039041139	-0.0041809082
 -0.03894043	-0.0041351318
-0.038848877	-0.0040893555
-0.038749695	-0.0040435791
-0.038650513	-0.0039978027
-0.038552858	-0.003944397
-0.038456727	-0.0038909912
-0.038357545	-0.0038452148
-0.038259886	-0.0037918091
-0.038160704	-0.0037536621
-0.038064577	-0.0037155151
-0.037966918	-0.003692627
-0.037869263	-0.0036506653
 -0.03777466	-0.0035934448
-0.037670899	-0.0035438538
-0.037577819	-0.0035018921
-0.037480164	-0.0034599304
-0.037382506	-0.0034179688
-0.037286378	-0.0033683777
 -0.03718872	-0.003326416
-0.037088014	-0.003276825
-0.036988832	-0.0032310486
-0.036897279	-0.0031890869
-0.036798097	-0.0031585693
-0.036700439	-0.0031280518
-0.036602784	-0.0030899048
-0.036505125	-0.0030441284
-0.036407471	-0.0030097961
-0.036308289	-0.0029602051
-0.036209106	-0.0029220581
-0.036114503	-0.0028762817
-0.036013793	-0.0028495789
-0.035919189	-0.0027961731
-0.035821535	-0.002746582
-0.035723876	-0.0027122498
-0.035627745	-0.0026779175
-0.035527039	-0.0026550293
-0.035430908	-0.0026092529
-0.035333253	-0.0025749207
-0.035234071	-0.0025405884
 -0.03513794	-0.0024986267
-0.035040282	-0.002456665
-0.034942627	-0.0024185181
-0.034848023	-0.0023841858
-0.034747314	-0.0023498535
-0.034648132	-0.0023078918
   -0.034552	-0.0022544861
-0.034452818	-0.0022239685
-0.034356691	-0.0021896362
-0.034259032	-0.0021705627
-0.034161378	-0.0021362305
-0.034066774	-0.0020980835
-0.033967592	-0.0020751953
 -0.03386841	-0.0020294189
-0.033770751	-0.0019950867
-0.033676147	-0.0019607544
-0.033576965	-0.0019302368
-0.033479311	-0.0018997192
-0.033380128	-0.001865387
-0.033285521	-0.0018348694
-0.033181764	-0.001789093
-0.033088684	-0.001750946
-0.032991029	-0.0017242432
-0.032894898	-0.0017089844
-0.032794189	-0.0016708374
-0.032699585	-0.0016593933
-0.032600403	-0.0016288757
-0.032504272	-0.0015792847
 -0.03240509	-0.0015487671
-0.032312013	-0.0015220642
-0.032209776	-0.0014877319
-0.032115173	-0.0014686584
-0.032012939	-0.0014343262
-0.031916808	-0.0014038086
-0.031820677	-0.001373291
-0.031723022	-0.0013465881
-0.031622313	-0.0013160706
-0.031524658	-0.0012969971
-0.031425476	-0.0012664795
-0.031332396	-0.0012359619
 -0.03123169	-0.0012207031
-0.031137085	-0.0011901855
-0.031039428	-0.0011558533
-0.030941773	-0.0011329651
-0.030841064	-0.0011100769
-0.030749511	-0.001083374
-0.030647278	-0.0010528564
-0.030548096	-0.0010299683
-0.030453492	-0.00099945068
-0.030355835	-0.00098419189
-0.030255128	-0.00096130371
-0.030160522	-0.00093460083
-0.030062865	-0.00091552734
-0.029962158	-0.00089645386
-0.029866029	-0.00086593628
-0.029771423	-0.0008430481
 -0.02966919	-0.00082397461
-0.029571533	-0.00079727173
 -0.02947998	-0.00077819824
-0.029377747	-0.00074768066
-0.029281616	-0.00074005127
 -0.02918396	-0.00072097778
-0.029086303	-0.00071334839
-0.028990174	-0.00068664551
-0.028890992	-0.00065994263
-0.028788757	-0.00064468384
-0.028692627	-0.00061798096
-0.028598022	-0.00060653687
-0.028500367	-0.00058746338
-0.028405761	-0.0005645752
-0.028306579	-0.0005569458
 -0.02821045	-0.00052261353
-0.028112793	-0.00050735474
-0.028012086	-0.00048828125
-0.027914429	-0.00048828125
-0.027818298	-0.00046539307
-0.027719116	-0.00045013428
-0.027621459	-0.00043106079
 -0.02752533	-0.0004196167
-0.027430724	-0.00040054321
-0.027331542	-0.00038146973
-0.027233887	-0.00037765503
-0.027136231	-0.00036621094
-0.027037049	-0.00034332275
-0.026939392	-0.00032806396
 -0.02684021	-0.00031280518
-0.026745606	-0.00030136108
-0.026646424	-0.00029754639
-0.026550293	-0.0002822876
-0.026449585	-0.0002822876
 -0.02635498	-0.00025939941
 -0.02625885	-0.00025558472
-0.026159668	-0.00022888184
-0.026060486	-0.00022506714
 -0.02596283	-0.00022506714
-0.025866698	-0.00020599365
-0.025767516	-0.00019836426
-0.025671387	-0.00019073486
-0.025575256	-0.00018692017
-0.025476074	-0.00017166138
-0.025378417	-0.00015258789
-0.025280762	-0.00015258789
-0.025184631	-0.0001411438
-0.025085449	-0.0001373291
-0.024984742	-0.00012969971
-0.024887085	-0.00012588501
-0.024792481	-0.00012588501
-0.024691772	-0.00012207031
-0.024600219	-9.9182129e-005
-0.024499511	-0.00011062622
-0.024404908	-9.9182129e-005
  -0.0243042	-9.5367432e-005
-0.024209594	-8.7738037e-005
-0.024105836	-7.6293945e-005
 -0.02401123	-6.8664551e-005
-0.023913573	-6.8664551e-005
-0.023815919	-6.8664551e-005
-0.023719788	-6.1035156e-005
-0.023623656	-6.1035156e-005
-0.023526002	-5.3405762e-005
 -0.02342682	-4.9591064e-005
-0.023330688	-5.7220459e-005
-0.023233032	-5.3405762e-005
 -0.02313385	-5.7220459e-005
-0.023036193	-5.3405762e-005
-0.022935485	-4.5776367e-005
-0.022839356	-5.3405762e-005
-0.022744751	-3.8146973e-005
-0.022647094	-3.8146973e-005
-0.022549439	-4.5776367e-005
-0.022451783	-3.4332275e-005
-0.022354126	-4.196167e-005
-0.022256469	-3.4332275e-005
-0.022155762	-3.0517578e-005
-0.022061158	-3.0517578e-005
-0.021963501	-3.0517578e-005
-0.021865845	-3.4332275e-005
-0.021768188	-3.0517578e-005
-0.021672059	-3.4332275e-005
-0.021569824	-3.0517578e-005
 -0.02147522	-3.0517578e-005
-0.021377563	-3.4332275e-005
 -0.02128296	-3.4332275e-005
-0.021179199	-2.2888184e-005
-0.021083068	-2.6702881e-005
-0.020986939	-3.0517578e-005
-0.020889282	-3.0517578e-005
-0.020788575	-1.9073486e-005
-0.020693969	-3.0517578e-005
-0.020596314	-2.2888184e-005
-0.020500183	-1.9073486e-005
-0.020401001	-3.0517578e-005
-0.020303344	-2.2888184e-005
-0.020207215	-2.6702881e-005
-0.020108033	-2.6702881e-005
-0.020013427	-1.5258789e-005
 -0.01991272	-2.6702881e-005
-0.019812012	-3.0517578e-005
-0.019717406	-3.0517578e-005
-0.019621277	-2.2888184e-005
-0.019522095	-3.0517578e-005
-0.019425964	-2.2888184e-005
 -0.01933136	-2.2888184e-005
-0.019229125	-1.9073486e-005
 -0.01913147	-2.2888184e-005
-0.019032288	-3.0517578e-005
-0.018936157	-2.2888184e-005
-0.018838501	-1.9073486e-005
-0.018743897	-1.9073486e-005
 -0.01864624	-1.9073486e-005
-0.018548584	-2.2888184e-005
-0.018450927	-1.9073486e-005
-0.018353272	-2.2888184e-005
-0.018252563	-2.2888184e-005
-0.018154908	-2.2888184e-005
-0.018058777	-2.6702881e-005
-0.017959595	-2.2888184e-005
-0.017858887	-1.5258789e-005
-0.017765809	-2.2888184e-005
-0.017669678	-2.2888184e-005
-0.017572021	-3.0517578e-005
-0.017472839	-2.2888184e-005
-0.017379761	-2.6702881e-005
   -0.017276	-2.2888184e-005
-0.017181396	-4.196167e-005
-0.017080689	-1.9073486e-005
-0.016986083	-2.2888184e-005
-0.016885376	-3.0517578e-005
-0.016790772	-2.6702881e-005
-0.016693115	-2.2888184e-005
-0.016595459	-1.5258789e-005
-0.016503906	-1.5258789e-005
-0.016400147	-1.9073486e-005
-0.016300965	-3.4332275e-005
-0.016204834	-2.2888184e-005
-0.016107177	-1.5258789e-005
-0.016009521	-2.2888184e-005
-0.015911866	-2.2888184e-005
 -0.01581726	-1.9073486e-005
-0.015718078	-2.6702881e-005
-0.015618896	-3.8146973e-005
 -0.01552124	-2.6702881e-005
-0.015426636	-2.2888184e-005
-0.015327454	-2.2888184e-005
-0.015228271	-2.2888184e-005
-0.015127564	-2.6702881e-005
-0.015034485	-3.0517578e-005
-0.014935303	-3.0517578e-005
-0.014837647	-3.0517578e-005
-0.014741516	-3.4332275e-005
-0.014642334	-2.6702881e-005
 -0.01454773	-2.6702881e-005
-0.014451599	-2.2888184e-005
-0.014349366	-1.9073486e-005
-0.014253234	-2.2888184e-005
-0.014154052	-3.0517578e-005
-0.014056397	-1.9073486e-005
-0.013960266	-2.2888184e-005
-0.013864135	-3.0517578e-005
-0.013763428	-2.6702881e-005
-0.013670349	-2.6702881e-005
-0.013571167	-2.2888184e-005
-0.013471985	-3.0517578e-005
-0.013375854	-2.6702881e-005
-0.013276672	-3.0517578e-005
 -0.01317749	-3.0517578e-005
-0.013079834	-3.0517578e-005
-0.012980652	-2.2888184e-005
-0.012887573	-2.2888184e-005
-0.012789917	-3.4332275e-005
-0.012689209	-1.5258789e-005
 -0.01259613	-2.2888184e-005
-0.012496948	-1.9073486e-005
-0.012397766	-1.9073486e-005
-0.012300109	-3.0517578e-005
-0.012200927	-3.0517578e-005
-0.012106324	-2.2888184e-005
-0.012008667	-1.9073486e-005
-0.011914062	-3.0517578e-005
-0.011813355	-2.2888184e-005
-0.011715698	-3.0517578e-005
-0.011618042	-2.6702881e-005
-0.011520386	-2.6702881e-005
-0.011422729	-3.8146973e-005
-0.011325073	-1.9073486e-005
-0.011228943	-2.2888184e-005
-0.011131287	-1.9073486e-005
 -0.01103363	-2.2888184e-005
  -0.0109375	-3.4332275e-005
-0.010836792	-2.2888184e-005
-0.010739136	-2.6702881e-005
-0.010643005	-2.6702881e-005
-0.010545349	-2.6702881e-005
-0.010446167	-3.0517578e-005
-0.010348511	-2.6702881e-005
-0.010250854	-2.6702881e-005
-0.010150147	-2.2888184e-005
-0.010055542	-2.2888184e-005
-0.0099578854	-3.0517578e-005
-0.0098617552	-2.6702881e-005
-0.0097640995	-1.9073486e-005
-0.0096710203	-2.2888184e-005
-0.0095703127	-2.6702881e-005
-0.0094696041	-2.2888184e-005
-0.0093719484	-2.6702881e-005
-0.0092742918	-2.2888184e-005
-0.0091781616	-2.6702881e-005
-0.0090789795	-2.2888184e-005
-0.0089797974	-2.6702881e-005
-0.0088882446	-3.0517578e-005
-0.008790588	-2.2888184e-005
-0.0086914059	-2.6702881e-005
-0.0085968021	-2.2888184e-005
 -0.00849762	-1.9073486e-005
-0.0083984379	-1.9073486e-005
-0.0082992557	-3.0517578e-005
-0.0082031246	-3.0517578e-005
-0.0081039425	-3.0517578e-005
-0.0080093388	-1.9073486e-005
-0.0079116821	-2.6702881e-005
-0.0078140255	-2.2888184e-005
-0.0077163698	-2.6702881e-005
-0.0076187132	-2.6702881e-005
-0.0075195311	-2.6702881e-005
-0.0074218749	-2.2888184e-005
-0.0073226928	-3.0517578e-005
-0.0072265626	-2.2888184e-005
-0.0071289064	-2.2888184e-005
-0.0070327758	-3.4332275e-005
-0.0069351196	-3.4332275e-005
-0.0068389894	-2.2888184e-005
-0.0067382813	-2.2888184e-005
-0.0066406252	-2.2888184e-005
-0.0065414431	-2.2888184e-005
-0.0064453124	-3.0517578e-005
-0.0063491822	-2.2888184e-005
-0.0062500001	-2.6702881e-005
-0.006149292	-1.5258789e-005
-0.0060562133	-2.6702881e-005
-0.0059600831	-2.2888184e-005
-0.005859375	-2.6702881e-005
-0.0057601929	-1.9073486e-005
-0.0056640627	-3.0517578e-005
-0.0055633546	-3.8146973e-005
-0.0054718019	-2.6702881e-005
-0.0053741457	-2.2888184e-005
-0.0052764891	-2.2888184e-005
-0.0051742555	-3.0517578e-005
-0.0050811768	-2.6702881e-005
-0.0049819946	-2.2888184e-005
-0.0048858644	-2.6702881e-005
-0.0047882078	-2.6702881e-005
-0.0046905517	-3.0517578e-005
-0.0045898436	-2.6702881e-005
-0.0044952394	-1.9073486e-005
-0.0043975832	-2.6702881e-005
-0.0042999266	-2.2888184e-005
-0.0042022704	-1.9073486e-005
-0.0041046143	-2.6702881e-005
-0.0040069581	-1.9073486e-005
 -0.00390625	-3.0517578e-005
-0.0038085938	-2.2888184e-005
-0.0037139892	-2.2888184e-005
-0.0036132813	-3.4332275e-005
-0.0035186769	-1.9073486e-005
-0.0034194947	-2.2888184e-005
-0.0033233643	-1.9073486e-005
-0.0032272339	-3.0517578e-005
-0.0031295777	-3.0517578e-005
-0.0030242919	-1.9073486e-005
-0.0029327392	-1.9073486e-005
-0.0028335571	-3.4332275e-005
-0.0027389526	-2.2888184e-005
-0.0026367188	-2.2888184e-005
-0.0025451661	-2.6702881e-005
-0.0024459839	-2.6702881e-005
-0.0023468018	-2.6702881e-005
-0.0022521974	-1.9073486e-005
-0.0021530152	-2.2888184e-005
-0.0020538331	-2.2888184e-005
-0.0019561767	-1.9073486e-005
-0.0018585206	-2.2888184e-005
-0.0017608643	-2.6702881e-005
-0.001663208	-1.5258789e-005
-0.0015686036	-3.0517578e-005
-0.0014709473	-2.6702881e-005
-0.001373291	-3.0517578e-005
-0.0012756347	-2.6702881e-005
-0.0011779785	-2.2888184e-005
-0.0010772705	-3.0517578e-005
-0.00098266604	-2.6702881e-005
-0.00088043214	-2.2888184e-005
-0.00078430178	-2.6702881e-005
-0.00068664551	-2.2888184e-005
-0.000592041	-3.0517578e-005
-0.00049591064	-1.5258789e-005
-0.00039672852	-3.0517578e-005
-0.00029907227	-2.6702881e-005
-0.00019989014	-2.6702881e-005
-0.00010375977	-2.2888184e-005
-3.0517579e-006	-3.0517578e-005
9.1552734e-005	-2.2888184e-005
0.00018768311	-2.6702881e-005
0.00028839111	-2.2888184e-005
0.00038146973	-1.5258789e-005
0.00048370362	-3.4332275e-005
0.00057983398	-3.0517578e-005
0.00067596434	-2.6702881e-005
0.00077362062	-1.5258789e-005
0.00087280275	-2.2888184e-005
0.00097045896	-2.2888184e-005
0.0010665894	-3.8146973e-005
0.0011642457	-1.9073486e-005
0.0012634278	-3.0517578e-005
0.0013580322	-2.2888184e-005
0.0014572144	-3.8146973e-005
0.0015563965	-2.6702881e-005
0.0016510009	-2.6702881e-005
0.0017486572	-1.9073486e-005
0.0018508912	-3.0517578e-005
0.0019470215	-2.2888184e-005
0.0020446777	-2.2888184e-005
0.0021392822	-2.2888184e-005
0.0022384643	-3.0517578e-005
0.0023330688	-3.0517578e-005
0.0024322509	-2.2888184e-005
0.0025299073	-3.0517578e-005
0.0026306151	-3.0517578e-005
0.0027236938	-1.9073486e-005
0.0028259277	-2.2888184e-005
0.0029205321	-2.2888184e-005
0.0030212402	-2.6702881e-005
0.0031158447	-2.6702881e-005
0.0032165528	-2.2888184e-005
0.0033096313	-2.6702881e-005
0.0034057617	-2.6702881e-005
0.0035064698	-2.2888184e-005
0.0036041259	-2.2888184e-005
0.0036987304	-3.0517578e-005
0.0038024902	-2.2888184e-005
0.0038986206	-1.5258789e-005
0.0039962768	-2.2888184e-005
0.0040924074	-3.0517578e-005
0.0041915895	-2.2888184e-005
0.0042831423	-1.5258789e-005
0.0043838499	-3.0517578e-005
0.0044784546	-3.0517578e-005
0.0045791627	-2.6702881e-005
0.0046752929	-2.2888184e-005
 0.004776001	-2.6702881e-005
0.0048736571	-2.2888184e-005
0.0049713133	-2.6702881e-005
0.0050689699	-2.2888184e-005
0.0051666261	-2.6702881e-005
0.0052612303	-1.9073486e-005
0.0053619384	-1.9073486e-005
0.0054565431	-3.0517578e-005
0.0055572512	-1.5258789e-005
0.0056518554	-1.9073486e-005
0.0057525635	-1.9073486e-005
0.0058486937	-3.0517578e-005
0.0059478758	-1.5258789e-005
0.0060424805	-1.9073486e-005
0.0061416626	-3.0517578e-005
0.0062377928	-2.6702881e-005
0.0063385009	-2.6702881e-005
 0.006436157	-2.2888184e-005
0.0065338137	-1.9073486e-005
0.0066268919	-2.2888184e-005
 0.006729126	-1.9073486e-005
0.0068237307	-2.2888184e-005
0.0069213868	-3.8146973e-005
 0.007019043	-3.0517578e-005
0.0071197511	-2.2888184e-005
0.0072143553	-2.2888184e-005
0.0073150634	-2.6702881e-005
 0.007411194	-3.0517578e-005
0.0075103762	-1.9073486e-005
0.0076019289	-2.2888184e-005
0.0077056885	-2.2888184e-005
0.0078018187	-2.2888184e-005
0.0078979488	-1.9073486e-005
0.0080001829	-2.6702881e-005
0.0080963131	-3.0517578e-005
0.0081893923	-2.6702881e-005
0.0082885744	-2.2888184e-005
0.0083862301	-2.6702881e-005
0.0084838867	-3.0517578e-005
0.0085784914	-1.9073486e-005
 0.008682251	-2.6702881e-005
0.0087783812	-2.2888184e-005
0.0088729858	-1.5258789e-005
0.0089752199	-2.2888184e-005
0.0090713501	-3.0517578e-005
0.0091690067	-2.2888184e-005
0.0092651369	-1.9073486e-005
 0.009364319	-2.6702881e-005
0.0094619747	-3.0517578e-005
0.0095565794	-2.2888184e-005
0.0096557615	-2.2888184e-005
0.0097518917	-2.2888184e-005
0.0098541258	-2.6702881e-005
0.0099487305	-2.2888184e-005
 0.010047913	-3.0517578e-005
 0.010140991	-2.2888184e-005
 0.010238647	-2.2888184e-005
 0.010339355	-2.6702881e-005
 0.010435486	-2.6702881e-005
 0.010533142	-1.5258789e-005
 0.010632324	-2.2888184e-005
 0.010729981	-2.6702881e-005
 0.010827636	-1.9073486e-005
 0.010923767	-3.0517578e-005
  0.01102295	-3.0517578e-005
 0.011117553	-2.2888184e-005
  0.01121521	-2.6702881e-005
  0.01131134	-2.6702881e-005
 0.011408997	-3.0517578e-005
 0.011508179	-2.6702881e-005
 0.011608887	-2.2888184e-005
 0.011705017	-3.0517578e-005
 0.011805725	-2.6702881e-005
 0.011901855	-1.9073486e-005
 0.011999512	-2.2888184e-005
 0.012094116	-3.0517578e-005
 0.012191772	-2.6702881e-005
  0.01229248	-3.0517578e-005
 0.012390137	-2.2888184e-005
 0.012483215	-2.6702881e-005
 0.012586975	-3.0517578e-005
 0.012683106	-2.2888184e-005
 0.012780761	-1.9073486e-005
 0.012873841	-1.9073486e-005
   0.0129776	-2.6702881e-005
 0.013070678	-1.9073486e-005
 0.013163758	-1.5258789e-005
 0.013265992	-2.2888184e-005
 0.013363647	-2.6702881e-005
 0.013458252	-2.2888184e-005
 0.013557434	-1.9073486e-005
 0.013655091	-3.0517578e-005
 0.013757324	-3.0517578e-005
 0.013853455	-2.2888184e-005
 0.013949585	-2.2888184e-005
 0.014041138	-2.2888184e-005
 0.014146423	-2.6702881e-005
 0.014239502	-3.0517578e-005
 0.014338684	-1.5258789e-005
 0.014437866	-1.9073486e-005
 0.014537049	-2.2888184e-005
 0.014631653	-2.2888184e-005
 0.014730835	-2.2888184e-005
 0.014828491	-2.2888184e-005
 0.014926148	-2.2888184e-005
 0.015020752	-2.6702881e-005
 0.015118408	-3.0517578e-005
 0.015216065	-2.2888184e-005
 0.015315247	-1.9073486e-005
 0.015411377	-3.0517578e-005
 0.015510559	-3.0517578e-005
 0.015609741	-2.2888184e-005
 0.015707398	-1.9073486e-005
 0.015805054	-2.2888184e-005
 0.015905762	-2.6702881e-005
 0.015995789	-3.0517578e-005
 0.016096497	-2.6702881e-005
 0.016195679	-2.2888184e-005
 0.016293336	-2.2888184e-005
 0.016384888	-3.0517578e-005
 0.016488647	-3.0517578e-005
 0.016586304	-3.0517578e-005
 0.016682435	-2.6702881e-005
  0.01678009	-3.0517578e-005
 0.016882325	-3.0517578e-005
 0.016973877	-3.0517578e-005
 0.017071534	-3.0517578e-005
 0.017169189	-2.6702881e-005
 0.017269898	-2.6702881e-005
 0.017364502	-2.2888184e-005
  0.01746521	-2.2888184e-005
 0.017561341	-2.6702881e-005
 0.017658997	-3.0517578e-005
 0.017755127	-2.2888184e-005
 0.017855834	-3.0517578e-005
 0.017947387	-1.9073486e-005
 0.018048096	-2.6702881e-005
 0.018145751	-1.9073486e-005
 0.018243408	-2.6702881e-005
 0.018341064	-2.2888184e-005
 0.018438721	-3.0517578e-005
 0.018536378	-2.6702881e-005
 0.018630981	-2.2888184e-005
 0.018731689	-2.2888184e-005
 0.018832397	-2.2888184e-005
 0.018925477	-3.0517578e-005
 0.019023132	-1.9073486e-005
 0.019125367	-2.6702881e-005
  0.01921997	-2.2888184e-005
 0.019317627	-3.0517578e-005
 0.019416809	-2.2888184e-005
  0.01951294	-2.2888184e-005
 0.019607544	-2.2888184e-005
 0.019705201	-1.5258789e-005
 0.019804383	-2.2888184e-005
 0.019900512	-2.6702881e-005
 0.020001221	-3.0517578e-005
 0.020098876	-3.0517578e-005
 0.020196533	-3.0517578e-005
 0.020289611	-2.2888184e-005
 0.020391846	-2.2888184e-005
 0.020489503	-2.2888184e-005
 0.020584106	-2.6702881e-005
 0.020681763	-2.2888184e-005
 0.020780945	-2.2888184e-005
 0.020877074	-3.4332275e-005
 0.020977784	-2.6702881e-005
 0.021075439	-2.6702881e-005
  0.02117157	-2.2888184e-005
 0.021267701	-2.2888184e-005
 0.021366883	-2.2888184e-005
 0.021461487	-1.5258789e-005
 0.021560669	-1.9073486e-005
 0.021658326	-2.2888184e-005
 0.021755982	-1.5258789e-005
 0.021853637	-1.9073486e-005
 0.021951294	-2.2888184e-005
 0.022052001	-2.2888184e-005
 0.022148132	-1.5258789e-005
 0.022241211	-1.5258789e-005
 0.022344971	-2.2888184e-005
 0.022439575	-1.9073486e-005
 0.022540282	-2.2888184e-005
 0.022636414	-1.9073486e-005
 0.022732545	-1.9073486e-005
 0.022830199	-1.5258789e-005
 0.022926331	-1.5258789e-005
 0.023023987	-7.6293945e-006
 0.023123169	-3.8146973e-006
 0.023220826	-3.8146973e-006
 0.023318481	-1.1444092e-005
 0.023414612	-3.8146973e-006
 0.023513794	           0
 0.023611451	           0
 0.023712158	7.6293945e-006
 0.023805236	           0
 0.023904419	           0
 0.024002075	3.8146973e-006
 0.024099732	1.5258789e-005
 0.024197388	7.6293945e-006
 0.024295043	1.5258789e-005
 0.024391174	2.6702881e-005
 0.024491882	2.2888184e-005
 0.024588013	1.5258789e-005
 0.024687195	2.6702881e-005
 0.024781799	3.0517578e-005
 0.024880981	3.0517578e-005
 0.024978638	3.4332275e-005
 0.025076294	3.0517578e-005
 0.025170898	4.5776367e-005
 0.025271606	3.8146973e-005
 0.025366211	5.3405762e-005
 0.025463868	4.9591064e-005
 0.025561523	5.7220459e-005
 0.025657654	6.4849854e-005
 0.025756836	6.1035156e-005
 0.025856018	6.8664551e-005
   0.0259552	8.392334e-005
 0.026049804	9.1552734e-005
 0.026147461	0.00010299683
 0.026245117	0.00010681152
 0.026342774	0.00011825562
 0.026438903	0.00012207031
 0.026535034	0.00012969971
 0.026635742	0.00012969971
 0.026730347	0.0001373291
 0.026832581	0.00015258789
 0.026928712	0.00016403198
 0.027026366	0.00017166138
 0.027122498	0.00018310547
  0.02722168	0.00019073486
 0.027317811	0.00021362305
 0.027418518	0.00022125244
 0.027514648	0.00022125244
 0.027612304	0.00023269653
  0.02770691	0.00025177002
 0.027807618	0.00026702881
   0.0279068	0.0002784729
 0.027999878	0.00028610229
  0.02809906	0.00028991699
 0.028198242	0.00030517578
 0.028295899	0.00032424927
 0.028392028	0.00034332275
 0.028488159	0.00035476685
 0.028588867	0.00037384033
 0.028684998	0.00038146973
  0.02878418	0.00039672852
 0.028878784	0.0004196167
 0.028977966	0.00044250488
 0.029072572	0.00045013428
 0.029174805	0.00046539307
 0.029267883	0.00048446655
 0.029368591	0.00049209595
 0.029464722	0.00051879883
 0.029566955	0.00053405762
 0.029660035	0.00054931641
  0.02975769	0.00057983398
 0.029856872	0.00059509277
 0.029953003	0.00063323975
  0.03005066	0.00062561035
 0.030148316	0.00065612793
 0.030245971	0.00068664551
 0.030343628	0.0007019043
 0.030441284	0.00071716309
 0.030541992	0.00073623657
  0.03063507	0.00075912476
 0.030734252	0.00077438354
 0.030833434	0.00080108643
 0.030932616	0.00082397461
 0.031024169	0.00085067749
  0.03112793	0.00088119507
 0.031221008	0.00091552734
 0.031320192	0.00093841553
 0.031419374	0.00094985962
 0.031515501	0.00098419189
 0.031611633	0.0010032654
 0.031710815	0.0010299683
 0.031811524	0.0010528564
 0.031906128	0.0010757446
 0.032003783	0.0011024475
 0.032101441	0.0011253357
 0.032199096	0.0011520386
 0.032295227	0.0011863708
 0.032391358	0.0012168884
 0.032493591	0.0012435913
 0.032586671	0.0012741089
 0.032685854	0.0013008118
 0.032785036	 0.001335144
 0.032884218	0.0013504028
 0.032978822	0.0013923645
 0.033078004	0.0014228821
 0.033174135	0.0014419556
 0.033273317	0.0014610291
 0.033369444	0.0014953613
 0.033467103	0.0015144348
 0.033563234	0.0015678406
 0.033665467	0.0015983582
 0.033761598	0.0016326904
 0.033859253	 0.001663208
 0.033953857	 0.001701355
 0.034054566	0.0017242432
 0.034150697	0.0017623901
 0.034249879	0.0017929077
 0.034344483	0.0018234253
 0.034446716	 0.001865387
 0.034542847	0.0018997192
 0.034637451	 0.001914978
 0.034735106	0.0019493103
 0.034834288	 0.001991272
  0.03493347	0.0020217896
 0.035028078	0.0020675659
 0.035125732	0.0021133423
 0.035224915	0.0021438599
 0.035321046	0.0021858215
 0.035420228	0.0022201538
 0.035513304	0.0022506714
 0.035617065	0.0022888184
 0.035711668	0.0023269653
 0.035809327	0.0023574829
 0.035906982	0.0023918152
 0.036006164	0.0024261475
 0.036102295	0.0024719238
 0.036196899	0.0025024414
 0.036294557	0.0025482178
 0.036398314	0.0025978088
 0.036489867	0.0026397705
 0.036589049	0.0026779175
 0.036688231	0.0027084351
 0.036785889	0.0027503967
 0.036880493	0.0027923584
 0.036981203	0.0028381348
 0.037074279	0.0028762817
 0.037176512	0.0029144287
 0.037274171	 0.002948761
 0.037373353	0.0029830933
 0.037466429	0.0030174255
 0.037567139	0.0030670166
 0.037664793	0.0031166077
 0.037760925	0.0031700134
 0.037860107	0.0032157898
 0.037957765	0.0032501221
 0.038052369	 0.003288269
 0.038150024	0.0033340454
 0.038250733	0.0033798218
 0.038348388	0.0034255981
 0.038442992	0.0034637451
 0.038543701	0.0034980774
 0.038638305	0.0035324097
 0.038735963	0.0035858154
 0.038833618	0.0036239624
 0.038934328	0.0036849976
 0.039028931	0.0037460327
 0.039126586	 0.003780365
 0.039225768	0.0038414001
 0.039321899	0.0038833618
 0.039419554	0.0039367676
 0.039520264	0.0039749146
 0.039617918	0.0040283203
 0.039715577	0.0040740967
  0.03980713	0.0041122437
 0.039907835	  0.00415802
 0.040002443	0.0041847229
   0.0401062	 0.004234314
 0.040200807	0.0042877197
 0.040298462	0.0043525696
 0.040396117	  0.00440979
 0.040495299	0.0044555664
  0.04059143	0.0045051575
 0.040689088	0.0045585632
 0.040786743	0.0046005249
 0.040887453	0.0046577454
 0.040979005	 0.004699707
 0.041079711	0.0047569275
 0.041175842	0.0047988892
 0.041278075	0.0048446655
 0.041369628	0.0048751831
 0.041470338	0.0049438477
  0.04156952	0.0050086975
 0.041665651	 0.005065918
 0.041760255	0.0051269531
 0.041862488	0.0051803589
 0.041955568	0.0052261353
 0.042053223	 0.005279541
 0.042153932	0.0053443909
 0.042254638	0.0053977966
 0.042346191	0.0054244995
   0.0424469	0.0054855347
 0.042543031	0.0055274963
 0.042639159	0.0056037903
  0.04273529	0.0056648254
 0.042835999	0.0057296753
  0.04293213	0.0057754517
 0.043029785	0.0058364868
  0.04312744	0.0058746338
 0.043226622	0.0059356689
 0.043325804	0.0060005188
 0.043420412	0.0060577393
 0.043521117	0.0061035156
 0.043614198	 0.006149292
  0.04371338	0.0062026978
 0.043809511	0.0062637329
 0.043910217	0.0063247681
 0.044006348	 0.006401062
 0.044107057	 0.006477356
 0.044204712	0.0065231323
 0.044303894	0.0065803528
 0.044398498	0.0066452026
 0.044496156	0.0067062378
  0.04459076	0.0067634583
 0.044688415	0.0068130493
 0.044787597	0.0068817139
 0.044883728	0.0069236755
  0.04498291	 0.006980896
 0.045080565	0.0070419312
 0.045181274	0.0071182251
 0.045275878	0.0071792603
  0.04537506	0.0072555542
 0.045471191	0.0073242188
 0.045567323	0.0073852539
 0.045666505	0.0074386597
 0.045764159	0.0075073242
 0.045861818	0.0075683594
 0.045959473	0.0076408386
 0.046060182	0.0077018738
 0.046154786	0.0077552795
 0.046252441	0.0078048706
 0.046350099	0.0078582764
 0.046447754	0.0079231262
 0.046543885	0.0079994202
 0.046640016	0.0080871582
 0.046742249	0.0081710815
 0.046835326	0.0082397461
 0.046932984	0.0082969666
  0.04703369	0.0083618164
  0.04712677	0.0084228516
 0.047229003	0.0084877014
 0.047326662	0.0085678101
 0.047424316	0.0086174011
  0.04751892	0.0086784363
 0.047618102	0.0087394714
 0.047714233	0.0088119507
 0.047813416	0.0088920593
 0.047909547	0.0089683533
 0.048010252	0.0090560913
 0.048106384	0.0091400146
 0.048207093	0.0091972351
 0.048301697	0.0092697144
 0.048400879	0.0093307495
  0.04849701	0.0094032288
 0.048596192	0.0094795227
 0.048693847	0.0095443726
 0.048788451	0.0096206665
 0.048886109	 0.009677887
 0.048983764	0.0097312927
 0.049081422	0.0098075867
 0.049182128	0.0098876953
 0.049276732	 0.009979248
 0.049375914	 0.010070801
 0.049468994	 0.010147095
 0.049569704	 0.010211945
 0.049667358	 0.010288239
 0.049765013	 0.010364532
 0.049861144	 0.010433197
 0.049963377	 0.010528564
 0.050057985	 0.010585785
 0.050157167	 0.010658264
 0.050253294	 0.010719299
 0.050354004	 0.010795593
 0.050448608	 0.010871887
 0.050546266	  0.01096344
 0.050643921	 0.011054993
 0.050740052	 0.011135101
 0.050836183	 0.011230469
 0.050936889	 0.011306763
 0.051031493	 0.011375427
 0.051130675	 0.011455536
 0.051229857	 0.011535645
 0.051325988	 0.011619568
 0.051422119	 0.011692047
 0.051521301	 0.011756897
 0.051620483	 0.011833191
 0.051718138	  0.01190567
 0.051814269	 0.011997223
 0.051913451	 0.012096405
  0.05201111	 0.012199402
 0.052108765	  0.01228714
 0.052206419	 0.012355804
 0.052302551	 0.012435913
 0.052398682	 0.012516022
 0.052496336	 0.012599945
 0.052593995	 0.012687683
  0.05269165	 0.012786865
 0.052789308	 0.012844086
  0.05288849	 0.012931824
 0.052986145	 0.012992859
   0.0530838	 0.013092041
 0.053182982	 0.013191223
  0.05328064	 0.013298035
 0.053375244	 0.013401031
 0.053472899	 0.013504028
 0.053572081	 0.013580322
 0.053665161	 0.013664246
 0.053762816	 0.013759613
 0.053866576	 0.013839722
  0.05396118	 0.013938904
 0.054060362	 0.014015198
 0.054158021	 0.014091492
 0.054257203	 0.014152527
 0.054350279	  0.01424408
 0.054452516	 0.014347076
  0.05454712	 0.014450073
 0.054644775	 0.014564514
 0.054739378	 0.014671326
 0.054841615	 0.014759064
  0.05493927	 0.014854431
 0.055035401	 0.014938354
 0.055133056	 0.015037537
 0.055232238	 0.015140533
 0.055322267	 0.015228271
 0.055422973	 0.015319824
 0.055523682	 0.015392303
 0.055619814	 0.015476227
 0.055715941	 0.015563965
 0.055818178	 0.015674591
 0.055914305	 0.015792847
 0.056013487	 0.015895844
 0.056108095	 0.015991211
 0.056207277	 0.016075134
 0.056304932	 0.016166687
 0.056399535	 0.016262054
 0.056497194	 0.016372681
 0.056596376	 0.016471863
 0.056692503	 0.016555786
 0.056793213	 0.016654968
 0.056887817	 0.016727448
 0.056988526	 0.016799927
 0.057086181	 0.016906738
 0.057180785	 0.017036438
 0.057276916	  0.01714325
 0.057376098	 0.017242432
 0.057473756	 0.017311096
 0.057571411	 0.017372131
 0.057667542	 0.017459869
 0.057766724	 0.017532349
 0.057864379	 0.017627716
 0.057965089	 0.017715454
 0.058059692	 0.017822266
 0.058160402	 0.017860413
 0.058255006	 0.017932892
  0.05835266	 0.017990112
 0.058447264	 0.018081665
 0.058547974	 0.018188477
 0.058644105	 0.018318176
 0.058743287	 0.018413544
 0.058840942	 0.018531799
 0.058940124	 0.018596649
 0.059039306	 0.018665314
  0.05913391	 0.018768311
 0.059230041	 0.018852234
 0.059329223	 0.018951416
 0.059426881	 0.019050598
 0.059524536	 0.019138336
 0.059622191	 0.019176483
 0.059716798	 0.019268036
 0.059819032	 0.019363403
 0.059915163	 0.019504547
 0.060012817	  0.01958847
 0.060110472	 0.019664764
  0.06020508	 0.019802094
 0.060302734	 0.019889832
 0.060403444	 0.019992828
 0.060499571	 0.020095825
 0.060595702	 0.020175934
 0.060696412	 0.020290375
 0.060794067	 0.020374298
 0.060891725	 0.020435333
 0.060990907	 0.020553589
 0.061088562	 0.020645142
 0.061183166	 0.020740509
 0.061279297	 0.020904541
 0.061378479	 0.021026611
 0.061473083	 0.021087646
 0.061572265	 0.021202087
 0.061668396	 0.021278381
 0.061770629	 0.021339417
 0.061868288	  0.02148819
 0.061965942	 0.021595001
 0.062062073	 0.021701813
 0.062159728	 0.021747589
  0.06225891	 0.021839142
 0.062356569	 0.021945953
 0.062451173	 0.022140503
 0.062545776	 0.022258759
 0.062646486	 0.022274017
 0.062744141	 0.022396088
 0.062841795	 0.022602081
  0.06293945	 0.022693634
 0.063038632	 0.022838593
 0.063131712	 0.022911072
 0.063233949	 0.023017883
 0.063331604	 0.023124695
 0.063427731	  0.02318573
 0.063523866	 0.023273468
 0.063623048	 0.023410797
 0.063717648	 0.023544312
 0.063819885	 0.023609161
 0.063919067	 0.023704529
 0.064016722	  0.02381134
  0.06411133	 0.024024963
 0.064207457	 0.024093628
 0.064306639	 0.024215698
 0.064402774	 0.024375916
 0.064501956	  0.02444458
 0.064601138	 0.024589539
  0.06470032	 0.024745941
  0.06479492	 0.024848938
 0.064892575	 0.024936676
 0.064987183	 0.025058746
 0.065084837	 0.025150299
 0.065182492	 0.025211334
 0.065281674	 0.025310516
 0.065377809	 0.025432587
 0.065476991	 0.025867462
 0.065573119	  0.02583313
 0.065673828	 0.025882721
 0.065771483	 0.026035309
 0.065870665	 0.026268005
   0.0659668	  0.02614212
   0.0660614	 0.026359558
 0.066162109	 0.026363373
 0.066256717	 0.026451111
 0.066354372	 0.026687622
 0.066453554	 0.026790619
 0.066552736	 0.027133942
 0.066644289	 0.027294159
 0.066744998	 0.027309418
 0.066842653	 0.027370453
 0.066943362	 0.027606964
 0.067034915	 0.027732849
 0.067138672	 0.027759552
 0.067233279	  0.02791214
 0.067333981	 0.028148651
 0.067430116	 0.028121948
 0.067527771	 0.028255463
 0.067620851	  0.02841568
 0.067720033	 0.028678894
 0.067817688	 0.028736115
  0.06791687	 0.028900146
  0.06800995	 0.028869629
 0.068118289	 0.029087067
 0.068209842	 0.029373169
 0.068310544	 0.029624939
 0.068403624	 0.029533386
 0.068505861	 0.029548645
 0.068597414	 0.029506683
 0.068698123	 0.029773712
 0.068795778	 0.030239105
 0.068893433	 0.030521393
  0.06898804	 0.030590057
  0.06909027	 0.030529022
 0.069186404	 0.030529022
 0.069284059	 0.030509949
 0.069381714	 0.030925751
 0.069482423	 0.031158447
 0.069577023	 0.031196594
 0.069674686	 0.031303406
 0.069769286	 0.031208038
 0.069869995	 0.031620026
 0.069964603	 0.031913757
 0.070068359	 0.032154083
 0.070162967	 0.032306671
 0.070260622	 0.032302856
 0.070358276	 0.032527924
 0.070457458	 0.032539368
 0.070550539	 0.032653809
 0.070648193	 0.033096313
 0.070745848	 0.033103943
 0.070843503	  0.03339386
 0.070942685	 0.033634186
 0.071044922	 0.034088135
 0.071139529	 0.034187317
 0.071235657	  0.03421402
 0.071334839	 0.034030914
 0.071432494	 0.034412384
 0.071527101	 0.034572601
 0.071627811	 0.034496307
 0.071723938	 0.034873962
 0.071818545	 0.034965515
 0.071917728	 0.035289764
  0.07201843	 0.035629272
 0.072114564	 0.035930634
 0.072212219	 0.035747528
 0.072308347	 0.035877228
 0.072412111	 0.035987854
 0.072502136	 0.036281586
 0.072601318	 0.036323547
 0.072694398	  0.03673172
 0.072799683	  0.03710556
 0.072892763	 0.037044525
 0.072994992	 0.037143707
 0.073092654	 0.037044525
 0.073188782	 0.037101746
 0.073284909	 0.037696838
 0.073385619	 0.037956238
 0.073480226	 0.038646698
 0.073576353	 0.038959503
 0.073674008	  0.03900528
  0.07377167	 0.038990021
 0.073867798	  0.03937912
 0.073970035	 0.039749146
 0.074066162	  0.04001236
 0.074165344	 0.039901733
 0.074261472	 0.040298462
 0.074360654	 0.040714264
 0.074450687	 0.040325165
 0.074554443	 0.040401459
 0.074652098	 0.040748596
 0.074748233	 0.041370392
  0.07484436	 0.041267395
  0.07494507	 0.041835785
 0.075042725	 0.041496277
 0.075140379	 0.041980743
 0.075234987	 0.042346954
 0.075335696	 0.042366028
 0.075428769	 0.042919159
 0.075529478	 0.043525696
 0.075625613	 0.043689728
 0.075724795	 0.043613434
 0.075819395	 0.043041229
 0.075921632	 0.043388367
  0.07601776	  0.04416275
 0.076115415	 0.044723511
 0.076214597	 0.045040131
 0.076309204	 0.044887543
 0.076408386	 0.045120239
 0.076504514	 0.045310974
 0.076602176	 0.045215607
 0.076701358	  0.04567337
 0.076797485	 0.046527863
 0.076896667	 0.047161102
 0.076994322	 0.047359467
 0.077091977	 0.047138214
 0.077185057	 0.047939301
 0.077287294	 0.048065186
 0.077383421	 0.047939301
 0.077481076	 0.048980713
 0.077575684	 0.049167633
 0.077676393	 0.050373077
 0.077774048	  0.05047226
  0.07787323	  0.05078125
 0.077970885	 0.050899506
  0.07806854	 0.051147461
 0.078163147	  0.05173111
 0.078265384	 0.051399231
 0.078358456	 0.052242279
 0.078456119	 0.052066803
 0.078553773	 0.052616119
 0.078651428	 0.054077148
 0.078747556	 0.054714203
  0.07885132	  0.05544281
 0.078947447	 0.054965973
 0.079043582	 0.055450439
 0.079139709	 0.056365967
 0.079238892	 0.055992126
 0.079335019	  0.05670929
 0.079432681	 0.058834076
 0.079530336	 0.058052063
 0.079629518	 0.058074951
 0.079722598	 0.058246613
   0.0798233	 0.060092926
 0.079919435	 0.059963226
 0.080021665	 0.061077118
 0.080117799	 0.060554504
 0.080215454	 0.057983398
 0.080310062	 0.057929993
 0.080410764	 0.059074402
 0.080506898	 0.057907104
 0.080606081	 0.058013916
 0.080697633	 0.058540344
  0.08080139	 0.060016632
 0.080900572	 0.062091827
  0.08099518	 0.062221527
 0.081092834	 0.063362122
 0.081190489	 0.064453125
 0.081286624	 0.065128326
 0.081382751	  0.06640625
 0.081481934	 0.067451477
 0.081582643	 0.069404602
 0.081674196	 0.070140839
 0.081774905	 0.072853088
 0.081875607	  0.08247757
 0.081970215	 0.088184357
  0.08206787	  0.09009552
 0.082168579	 0.093910217
 0.082266234	  0.09129715
 0.082360841	 0.085739136
 0.082458496	 0.079631805
 0.082559206	 0.078052521
 0.082650758	 0.079227448
 0.082754515	 0.079566956
 0.082849123	 0.080989838
 0.082946777	 0.085567474
 0.083044432	 0.089431763
 0.083140567	  0.09368515
 0.083239749	 0.095729828
 0.083334349	  0.10313416
 0.083435059	  0.10622406
 0.083532713	  0.11054611
 0.083628848	  0.11347961
  0.08372803	  0.11962128
  0.08382263	  0.11946869
  0.08392334	   0.1183548
 0.084020995	   0.1198616
 0.084118649	  0.12419891
 0.084211729	  0.12534714
 0.084310912	  0.13070679
 0.084410094	  0.13524628
 0.084509276	  0.13087845
 0.084605411	  0.12067795
 0.084704593	  0.12255478
 0.084799193	  0.12210846
 0.084899902	  0.12149811
  0.08499451	  0.11737823
 0.085095212	  0.11525726
 0.085191347	  0.11521149
 0.085284427	  0.11901093
 0.085386656	  0.12728882
 0.085487366	  0.13758469
 0.085581973	  0.13727951
 0.085682675	  0.13408279
 0.085780337	  0.13322067
 0.085874937	  0.13709259
 0.085972592	  0.13939667
 0.086074829	  0.14486313
 0.086166382	   0.1473999
 0.086264037	   0.1515007
 0.086363219	  0.15116882
 0.086459354	  0.15335083
 0.086552426	  0.15645981
  0.08665619	   0.1552887
 0.086752318	  0.15138626
   0.0868515	  0.14561462
 0.086946107	  0.14590073
  0.08704529	  0.14896011
 0.087142944	  0.14630127
 0.087240599	  0.15256119
 0.087338254	  0.15461349
 0.087438963	  0.15649414
 0.087532043	  0.15948105
  0.08763428	  0.15924835
 0.087731935	  0.16241074
 0.087828062	  0.16392517
  0.08792267	  0.16574478
 0.088029481	  0.16520691
 0.088116452	  0.16939163
 0.088217162	  0.16636658
 0.088317871	  0.16261673
 0.088415526	  0.16573334
 0.088514708	  0.16472244
 0.088609315	  0.17129898
  0.08870697	  0.16849136
  0.08880005	  0.17068481
 0.088899232	  0.17043686
 0.089001462	  0.17134857
 0.089089967	  0.17250061
 0.089193724	  0.17358398
 0.089291379	  0.17490005
 0.089385986	   0.1757431
 0.089486696	  0.17617798
 0.089582823	  0.17670059
 0.089682005	  0.17663956
  0.08977814	  0.17668533
 0.089877322	  0.17770386
 0.089971922	  0.17786789
 0.090069577	  0.17808151
 0.090170287	   0.1783905
 0.090267941	  0.17856216
 0.090365604	  0.17887497
 0.090461731	  0.17917633
 0.090557858	  0.17949295
 0.090658568	  0.17975616
 0.090756223	  0.18004608
  0.09085083	  0.18030548
  0.09095154	  0.18056488
  0.09104614	  0.18083191
 0.091143802	  0.18101883
 0.091242984	  0.18112946
 0.091342166	  0.18147659
 0.091438293	  0.18180084
 0.091537476	  0.18205261
 0.091632083	  0.18231201
 0.091732785	  0.18257523
 0.091824338	  0.18285751
 0.091928102	  0.18307495
 0.092022702	  0.18341446
 0.092123412	  0.18365479
 0.092219546	  0.18400192
 0.092317201	  0.18424988
 0.092413329	  0.18453979
 0.092510983	  0.18480682
 0.092611693	  0.18512344
 0.092707828	  0.18542099
   0.0928009	  0.18569565
 0.092903137	  0.18592072
 0.092999265	  0.18614578
 0.093098447	    0.186306
 0.093194582	  0.18660355
 0.093292236	  0.18694305
 0.093389891	  0.18724442
 0.093486026	  0.18757629
 0.093583681	  0.18779755
 0.093682863	  0.18809128
 0.093777463	  0.18839645
 0.093878172	  0.18861771
 0.093975827	  0.18889236
 0.094075009	  0.18919754
 0.094171144	  0.18937683
 0.094270326	  0.18963623
 0.094360352	  0.18986893
 0.094464108	  0.19015121
 0.094561771	  0.19044495
 0.094656371	  0.19068909
 0.094754025	  0.19097137
 0.094853207	  0.19124603
 0.094955444	  0.19150925
 0.095050052	  0.19178009
 0.095147707	  0.19199753
 0.095248416	   0.1921196
 0.095341489	  0.19244766
 0.095440671	   0.1926384
 0.095535278	  0.19285583
 0.095632933	  0.19322586
 0.095729068	  0.19345093
 0.095831297	  0.19372177
 0.095932007	  0.19400024
 0.096026614	   0.1942482
 0.096125796	  0.19451523
 0.096223451	  0.19469833
 0.096316531	  0.19494247
 0.096414186	  0.19512177
 0.096514896	  0.19535446
 0.096609496	  0.19556808
  0.09670715	  0.19581223
 0.096804813	  0.19614792
 0.096903995	  0.19639587
 0.097003177	  0.19663239
 0.097102359	  0.19691086
 0.097198486	  0.19715881
 0.097294614	  0.19742203
 0.097392276	  0.19768524
 0.097488403	  0.19795227
 0.097586058	  0.19814301
 0.097686768	  0.19841003
 0.097781375	  0.19868088
  0.09787903	  0.19895172
 0.097976685	  0.19915009
 0.098078921	   0.1993866
 0.098173521	  0.19966888
 0.098268129	  0.19994354
 0.098367311	   0.2001915
 0.098464966	  0.20042801
 0.098562621	  0.20063019
 0.098657228	  0.20090103
 0.098759457	  0.20114136
 0.098855592	   0.2014122
 0.098953247	  0.20161438
 0.099050902	  0.20185089
 0.099151611	  0.20204163
 0.099246219	  0.20227051
 0.099342346	  0.20254517
 0.099441528	  0.20275497
 0.099539183	  0.20298767
 0.099633791	  0.20324707
   0.0997345	  0.20347977
 0.099832155	  0.20370483
 0.099931337	   0.2039566
 0.099996947	  0.20423126
 0.099996947	  0.20446014
 0.099996947	  0.20469666
