-0.099545285	-1.4648437e-005
-0.099444583	-1.468277e-005
-0.099349976	-1.468277e-005
-0.099250793	-1.4102936e-005
-0.099154666	-1.4564514e-005
-0.099057004	-1.4598846e-005
-0.098962404	-1.4385223e-005
-0.098861694	-1.4949798e-005
-0.098765567	-1.4434814e-005
-0.098667905	-1.4278412e-005
-0.098571777	-1.4427185e-005
-0.098471068	-1.4499665e-005
-0.098373413	-1.4213562e-005
-0.098275758	-1.4289856e-005
-0.098175049	-1.4312744e-005
-0.098080441	-1.4362336e-005
-0.097985841	-1.4060975e-005
-0.097888187	-1.4316559e-005
-0.097789004	-1.4389038e-005
 -0.09769287	-1.399231e-005
-0.097593687	-1.4339447e-005
-0.097494505	-1.4732361e-005
-0.097396851	-1.461792e-005
-0.097297668	-1.4511108e-005
-0.097204588	-1.4396667e-005
-0.097105406	-1.4522552e-005
-0.097012326	-1.4362336e-005
-0.096911624	-1.4244079e-005
-0.096812442	-1.4263153e-005
-0.096716307	-1.4457702e-005
-0.096618652	-1.4286041e-005
-0.096517943	-1.4633179e-005
-0.096420288	-1.4438629e-005
-0.096324161	-1.4144897e-005
-0.096228026	-1.4503479e-005
-0.096130371	-1.4575959e-005
-0.096034244	-1.4328003e-005
-0.095936581	-1.4488221e-005
-0.095837399	-1.4549255e-005
-0.095742799	-1.4522552e-005
-0.095640562	-1.4823913e-005
-0.095545962	-1.4907837e-005
-0.095445253	-1.4434814e-005
-0.095349118	-1.4495849e-005
-0.095251463	-1.5060425e-005
-0.095156863	-1.3839722e-005
-0.095059201	-1.4476776e-005
-0.094960019	-1.4575959e-005
-0.094859317	-1.4518738e-005
-0.094766237	-1.3904571e-005
-0.094662473	-1.504898e-005
-0.094567873	-1.4526368e-005
 -0.09446869	-1.442337e-005
-0.094371036	-1.4736175e-005
-0.094273373	-1.4606476e-005
-0.094180301	-1.3729095e-005
-0.094081119	-1.4335632e-005
-0.093988039	-1.4533996e-005
-0.093884274	-1.4572143e-005
-0.093789674	-1.3904571e-005
-0.093687437	-1.4850616e-005
 -0.09359131	-1.4503479e-005
-0.093493655	-1.4156341e-005
-0.093395993	-1.4392853e-005
-0.093298338	-1.4724731e-005
-0.093203738	-1.3881683e-005
-0.093106076	-1.4095306e-005
-0.093008421	-1.4427185e-005
-0.092910767	-1.4385223e-005
-0.092813112	-1.391983e-005
-0.092712402	-1.4904022e-005
-0.092617795	-1.4228821e-005
-0.092518613	-1.4518738e-005
-0.092420958	-1.4465332e-005
-0.092323303	-1.4743805e-005
-0.092230223	-1.3767242e-005
-0.092126466	-1.4469147e-005
-0.092030331	-1.4636993e-005
-0.091934204	-1.4713288e-005
-0.091839597	-1.4072418e-005
-0.091737367	-1.5220642e-005
-0.091641232	-1.4228821e-005
 -0.09154205	-1.4312744e-005
-0.091445923	-1.4236451e-005
-0.091343686	-1.4690399e-005
-0.091256715	-1.3736725e-005
-0.091156006	-1.4259338e-005
-0.091058351	-1.4392853e-005
-0.090956114	-1.4228821e-005
-0.090859987	-1.4194488e-005
-0.090759277	-1.4972687e-005
 -0.09066315	-1.4335632e-005
-0.090565488	-1.4259338e-005
-0.090467833	-1.4377594e-005
-0.090370178	-1.4720917e-005
-0.090275571	-1.3629913e-005
-0.090176389	-1.4064789e-005
-0.090081789	-1.4408111e-005
-0.089979552	-1.4320373e-005
-0.089886472	-1.4087677e-005
-0.089784242	-1.5148163e-005
-0.089689635	-1.4636993e-005
 -0.08959198	-1.4339447e-005
-0.089492798	-1.4492035e-005
-0.089395143	-1.4827729e-005
-0.089299008	-1.3767242e-005
-0.089201353	-1.4087677e-005
-0.089105226	-1.4503479e-005
-0.089004517	-1.4514923e-005
-0.088911436	-1.3793945e-005
 -0.08880768	-1.4808655e-005
-0.088713072	-1.4328003e-005
-0.088610843	-1.4266968e-005
 -0.08851929	-1.4205933e-005
-0.088418581	-1.4831543e-005
-0.088327028	-1.3442993e-005
-0.088226318	-1.3980865e-005
-0.088130191	-1.417923e-005
-0.088029481	-1.4522552e-005
-0.087936401	-1.4160156e-005
-0.087835692	-1.5163421e-005
 -0.08773651	-1.4411927e-005
-0.087638855	-1.4385223e-005
-0.087542728	-1.4217377e-005
-0.087440491	-1.4526368e-005
-0.087347411	-1.3568878e-005
-0.087254331	-1.4232635e-005
-0.087153628	-1.4404297e-005
-0.087051392	-1.4446258e-005
-0.086959839	-1.3565063e-005
-0.086857602	-1.4774322e-005
-0.086761475	-1.4308929e-005
 -0.08666382	-1.4263153e-005
-0.086564638	-1.4579773e-005
-0.086468503	-1.5052796e-005
 -0.08637695	-1.3748169e-005
-0.086273193	-1.4095306e-005
-0.086178586	-1.4743805e-005
-0.086076356	-1.4335632e-005
-0.085983276	-1.3702393e-005
 -0.08587952	-1.4701844e-005
-0.085784912	-1.4347076e-005
-0.085690305	-1.4350891e-005
-0.085589603	-1.4232635e-005
 -0.08549194	-1.4255524e-005
-0.085395813	-1.4133453e-005
-0.085298158	-1.4377594e-005
-0.085200503	-1.4255524e-005
-0.085102841	-1.4263153e-005
-0.085006714	-1.4247894e-005
-0.084906004	-1.4492035e-005
-0.084811404	-1.4297485e-005
 -0.08471527	-1.4453888e-005
 -0.08461304	-1.4530182e-005
-0.084516905	-1.4278412e-005
-0.084420778	-1.4064789e-005
-0.084320068	-1.4240265e-005
-0.084222414	-1.4431e-005
-0.084126279	-1.4099121e-005
-0.084030151	-1.4225006e-005
-0.083930969	-1.4621734e-005
-0.083834842	-1.4354706e-005
 -0.08373718	-1.4308929e-005
-0.083639525	-1.4701844e-005
 -0.08354187	-1.4549255e-005
-0.083444215	-1.4335632e-005
-0.083345033	-1.4350891e-005
-0.083248898	-1.4415741e-005
-0.083151244	-1.4476776e-005
-0.083050534	-1.4461517e-005
-0.082954407	-1.4801026e-005
-0.082859799	-1.4472961e-005
-0.082760617	-1.4274598e-005
 -0.08266449	-1.4339447e-005
-0.082562253	-1.4415741e-005
 -0.08246918	-1.3996124e-005
-0.082369998	-1.442337e-005
-0.082273863	-1.4945984e-005
-0.082177736	-1.4385223e-005
-0.082078554	-1.4659881e-005
-0.081977844	-1.4656067e-005
-0.081878662	-1.4255524e-005
-0.081781007	-1.4652253e-005
-0.081689455	-1.4492035e-005
 -0.08158569	-1.4518738e-005
-0.081494138	-1.4240265e-005
-0.081396483	-1.4579773e-005
-0.081297301	-1.4591217e-005
-0.081201173	-1.4633179e-005
-0.081100464	-1.4541626e-005
-0.081002809	-1.4858246e-005
-0.080905154	-1.4507294e-005
 -0.08080902	-1.4328003e-005
 -0.08070831	-1.4484405e-005
-0.080609128	-1.4427185e-005
-0.080519103	-1.4019012e-005
-0.080416873	-1.4335632e-005
-0.080320738	-1.4526368e-005
-0.080224611	-1.4427185e-005
-0.080123901	-1.4415741e-005
-0.080029294	-1.4465332e-005
-0.079928592	-1.418686e-005
 -0.07983093	-1.4244079e-005
 -0.07973633	-1.4328003e-005
-0.079637147	-1.4236451e-005
-0.079544067	-1.4217377e-005
-0.079443358	-1.4556885e-005
-0.079345703	-1.4533996e-005
-0.079249576	-1.4381409e-005
-0.079150394	-1.4755249e-005
-0.079051211	-1.442337e-005
-0.078953549	-1.4305115e-005
-0.078857422	-1.4247894e-005
 -0.07875824	-1.4453888e-005
-0.078662112	-1.4480591e-005
-0.078565978	-1.399231e-005
-0.078460693	-1.5140534e-005
-0.078366086	-1.4461517e-005
-0.078268431	-1.4141083e-005
-0.078175351	-1.4347076e-005
-0.078074649	-1.4873504e-005
-0.077981569	-1.3561249e-005
-0.077880859	-1.4389038e-005
-0.077783205	-1.4743805e-005
 -0.07768555	-1.4568329e-005
-0.077587888	-1.3866425e-005
-0.077490233	-1.504898e-005
-0.077391051	-1.4461517e-005
-0.077291869	-1.3988495e-005
-0.077197269	-1.4328003e-005
-0.077099606	-1.4148713e-005
-0.077003479	-1.4434814e-005
-0.076907352	-1.4205933e-005
-0.076805115	-1.4431e-005
-0.076710507	-1.4221191e-005
 -0.07661438	-1.4507294e-005
 -0.07651367	-1.467514e-005
 -0.07641907	-1.404953e-005
-0.076318361	-1.3988495e-005
-0.076223753	-1.4919281e-005
-0.076119997	-1.4377594e-005
-0.076028444	-1.4122009e-005
-0.075932309	-1.4568329e-005
-0.075833127	-1.4453888e-005
-0.075733945	-1.4080048e-005
-0.075637817	-1.4533996e-005
-0.075537108	-1.435852e-005
-0.075444028	-1.4396667e-005
-0.075341798	-1.4286041e-005
-0.075244144	-1.4522552e-005
-0.075146481	-1.4461517e-005
-0.075051881	-1.392746e-005
-0.074954227	-1.4213562e-005
-0.074856564	-1.4335632e-005
-0.074760437	-1.4007568e-005
-0.074661255	-1.4175415e-005
-0.074562073	-1.4846802e-005
-0.074467465	-1.4354706e-005
-0.074366763	-1.4377594e-005
-0.074270628	-1.4698028e-005
-0.074172974	-1.5014649e-005
-0.074075319	-1.4442444e-005
-0.073979184	-1.4587402e-005
-0.073881529	-1.4720917e-005
-0.073783875	-1.4343262e-005
-0.073687747	-1.4526368e-005
 -0.07358551	-1.4526368e-005
-0.073490903	-1.4270782e-005
-0.073391721	-1.4293671e-005
-0.073294066	-1.4526368e-005
-0.073194884	-1.4198303e-005
-0.073104858	-1.4038086e-005
-0.073002622	-1.4274598e-005
-0.072904967	-1.4411927e-005
-0.072805785	-1.4019012e-005
-0.072712705	-1.4629364e-005
-0.072612002	-1.4980316e-005
-0.072515868	-1.455307e-005
-0.072415158	-1.4579773e-005
-0.072317503	-1.4892578e-005
-0.072219849	-1.4724731e-005
-0.072125241	-1.4648437e-005
-0.072027586	-1.4762878e-005
-0.071926877	-1.4762878e-005
-0.071829222	-1.4392853e-005
-0.071731567	-1.4644623e-005
-0.071633913	-1.4690399e-005
-0.071539305	-1.4728546e-005
-0.071440123	-1.4335632e-005
-0.071340941	-1.4793396e-005
-0.071243286	-1.4293671e-005
-0.071151733	-1.4503479e-005
-0.071047977	-1.4251709e-005
-0.070953369	-1.4766693e-005
-0.070857242	-1.4690399e-005
 -0.07075806	-1.461029e-005
 -0.07065735	-1.4808655e-005
-0.070559695	-1.4556885e-005
-0.070465088	-1.4560699e-005
-0.070367433	-1.4762878e-005
-0.070269778	-1.4465332e-005
-0.070175171	-1.4350891e-005
-0.070074461	-1.4442444e-005
-0.069978334	-1.4633179e-005
-0.069877625	-1.435852e-005
-0.069783017	-1.436615e-005
-0.069683835	-1.4293671e-005
-0.069587708	-1.3957977e-005
-0.069486998	-1.4190674e-005
-0.069390871	-1.461792e-005
-0.069291689	-1.4209747e-005
-0.069195554	-1.4213562e-005
-0.069100954	-1.4217377e-005
-0.069001772	-1.4385223e-005
-0.068904117	-1.4080048e-005
-0.068807982	-1.4274598e-005
  -0.0687088	-1.4900207e-005
-0.068609618	-1.4480591e-005
-0.068515018	-1.3954163e-005
-0.068412781	-1.4080048e-005
-0.068316653	-1.4453888e-005
-0.068222046	-1.4484405e-005
-0.068124391	-1.4705658e-005
-0.068026736	-1.4808655e-005
-0.067929074	-1.4282226e-005
-0.067831419	-1.4434814e-005
 -0.06773071	-1.4739991e-005
-0.067633055	-1.4278412e-005
  -0.0675354	-1.4244079e-005
-0.067439273	-1.4404297e-005
-0.067341611	-1.4503479e-005
-0.067248538	-1.4213562e-005
-0.067146301	-1.4396667e-005
-0.067048647	-1.4232635e-005
-0.066954039	-1.4209747e-005
-0.066856384	-1.4541626e-005
-0.066754147	-1.4530182e-005
-0.066654965	-1.4217377e-005
-0.066560365	-1.4476776e-005
-0.066461183	-1.4293671e-005
-0.066363528	-1.4808655e-005
-0.066268921	-1.3900757e-005
-0.066171266	-1.4709472e-005
-0.066073611	-1.4698028e-005
-0.065975949	-1.4408111e-005
-0.065878294	-1.4335632e-005
 -0.06578064	-1.455307e-005
 -0.06567993	-1.417923e-005
 -0.06558533	-1.4282226e-005
-0.065487668	-1.4621734e-005
-0.065388486	-1.4217377e-005
-0.065292358	-1.4339447e-005
-0.065194704	-1.4778137e-005
-0.065097049	-1.4511108e-005
-0.064999387	-1.4350891e-005
-0.064904787	-1.4755249e-005
-0.064801022	-1.4961242e-005
 -0.06470947	-1.4762878e-005
-0.064611815	-1.4514923e-005
-0.064509585	-1.4446258e-005
-0.064411923	-1.4705658e-005
-0.064318851	-1.4144897e-005
-0.064219669	-1.4293671e-005
-0.064123534	-1.4450074e-005
-0.064025879	-1.4492035e-005
-0.063928224	-1.4278412e-005
 -0.06382446	-1.4450074e-005
 -0.06372986	-1.4156341e-005
-0.063632205	-1.4163971e-005
-0.063534543	-1.4369964e-005
-0.063436888	-1.4480591e-005
-0.063342288	-1.4190674e-005
-0.063244626	-1.4400483e-005
-0.063146971	-1.4347076e-005
-0.063050844	-1.4408111e-005
-0.062950134	-1.4312744e-005
 -0.06285248	-1.4469147e-005
-0.062753297	-1.4232635e-005
 -0.06265869	-1.4240265e-005
 -0.06255646	-1.4698028e-005
-0.062458802	-1.4484405e-005
-0.062365722	-1.4163971e-005
-0.062268067	-1.4457702e-005
-0.062170409	-1.4648437e-005
-0.062072754	-1.4453888e-005
-0.061975099	-1.3946533e-005
 -0.06187439	-1.4640808e-005
-0.061779786	-1.4217377e-005
-0.061680604	-1.4293671e-005
-0.061584473	-1.4629364e-005
-0.061485291	-1.4457702e-005
 -0.06139221	-1.4038086e-005
-0.061289977	-1.4156341e-005
-0.061190795	-1.4297485e-005
-0.061097719	-1.410675e-005
-0.060998537	-1.4369964e-005
-0.060900878	-1.467514e-005
-0.060801696	-1.4324189e-005
-0.060704041	-1.41716e-005
 -0.06060791	-1.4469147e-005
-0.060510255	-1.4343262e-005
-0.060415648	-1.4236451e-005
-0.060316466	-1.4324189e-005
-0.060218811	-1.4499665e-005
-0.060119629	-1.436615e-005
-0.060021974	-1.3904571e-005
-0.059924316	-1.4442444e-005
-0.059829712	-1.4225006e-005
-0.059727479	-1.4499665e-005
-0.059634399	-1.4652253e-005
-0.059533693	-1.4347076e-005
-0.059436034	-1.4411927e-005
-0.059341431	-1.4526368e-005
-0.059240721	-1.4495849e-005
-0.059146117	-1.4488221e-005
-0.059048463	-1.4389038e-005
-0.058947753	-1.468277e-005
-0.058850098	-1.4518738e-005
-0.058753967	-1.4484405e-005
-0.058656313	-1.4789582e-005
 -0.05855713	-1.4732361e-005
-0.058462523	-1.4411927e-005
-0.058366396	-1.4755249e-005
-0.058267213	-1.4911651e-005
-0.058168031	-1.4354706e-005
  -0.0580719	-1.4484405e-005
-0.057972718	-1.4659881e-005
-0.057878114	-1.4350891e-005
-0.057778932	-1.435852e-005
 -0.05767975	-1.4640808e-005
-0.057580568	-1.4503479e-005
-0.057484437	-1.4453888e-005
-0.057388306	-1.462555e-005
-0.057287596	-1.4781952e-005
 -0.05719452	-1.4560699e-005
-0.057096861	-1.4747619e-005
-0.056993105	-1.4713288e-005
-0.056900024	-1.455307e-005
-0.056799315	-1.4476776e-005
 -0.05670166	-1.4644623e-005
-0.056604005	-1.4636993e-005
-0.056512453	-1.4453888e-005
-0.056414794	-1.4305115e-005
-0.056317139	-1.4991761e-005
 -0.05621643	-1.4343262e-005
-0.056118775	-1.4156341e-005
-0.056018066	-1.4488221e-005
-0.055923462	-1.4472961e-005
-0.055825807	-1.4316559e-005
-0.055728149	-1.4720917e-005
-0.055630494	-1.4499665e-005
-0.055534363	-1.4568329e-005
-0.055438232	-1.4614106e-005
-0.055340577	-1.4774322e-005
-0.055239867	-1.4606476e-005
-0.055143736	-1.4980316e-005
-0.055043031	-1.4678955e-005
-0.054946899	-1.4453888e-005
-0.054849245	-1.4598846e-005
-0.054753114	-1.4907837e-005
 -0.05465088	-1.4778137e-005
-0.054560851	-1.4160156e-005
-0.054457091	-1.5174865e-005
-0.054360963	-1.4667511e-005
-0.054264832	-1.4431e-005
-0.054168701	-1.4118194e-005
-0.054064941	-1.5068054e-005
-0.053976439	-1.3652801e-005
-0.053872682	-1.4446258e-005
-0.053778075	-1.4392853e-005
 -0.05368042	-1.4644623e-005
-0.053585816	-1.4167786e-005
-0.053480528	-1.5483856e-005
-0.053385925	-1.4820099e-005
-0.053286742	-1.4533996e-005
-0.053192139	-1.4587402e-005
-0.053091429	-1.5079499e-005
-0.052998353	-1.3916016e-005
-0.052900694	-1.4335632e-005
-0.052801512	-1.4778137e-005
 -0.05270233	-1.4705658e-005
-0.052606203	-1.4217377e-005
-0.052505493	-1.5316009e-005
-0.052409362	-1.4347076e-005
-0.052313231	-1.4312744e-005
-0.052217104	-1.4347076e-005
-0.052114867	-1.4938354e-005
-0.052023314	-1.3824463e-005
-0.051924132	-1.3988495e-005
 -0.05182495	-1.4232635e-005
-0.051727295	-1.4560699e-005
-0.051634215	-1.386261e-005
-0.051528931	-1.4942169e-005
-0.051434327	-1.4270782e-005
-0.051338196	-1.4251709e-005
-0.051240541	-1.4125824e-005
-0.051138304	-1.4518738e-005
-0.051046751	-1.3572693e-005
-0.050946046	-1.4152527e-005
-0.050851442	-1.4389038e-005
 -0.05075226	-1.4377594e-005
-0.050656129	-1.3698578e-005
-0.050555419	-1.4915467e-005
-0.050456237	-1.4331818e-005
-0.050361633	-1.4232635e-005
-0.050262451	-1.4160156e-005
-0.050163269	-1.4507294e-005
-0.050073244	-1.3301849e-005
-0.049972534	-1.435852e-005
-0.049874879	-1.4564514e-005
-0.049775697	-1.4492035e-005
-0.049679566	-1.4148713e-005
-0.049578857	-1.4842987e-005
-0.049482726	-1.461792e-005
-0.049385071	-1.4286041e-005
 -0.04928894	-1.4278412e-005
-0.049188234	-1.4743805e-005
-0.049096681	-1.3706207e-005
-0.048999023	-1.4137268e-005
-0.048899841	-1.3946533e-005
-0.048800658	-1.442337e-005
-0.048707582	-1.3706207e-005
-0.048602294	-1.4945984e-005
-0.048506163	-1.4343262e-005
-0.048405457	-1.3824463e-005
-0.048312377	-1.3931274e-005
-0.048208617	-1.4739991e-005
-0.048120119	-1.3198853e-005
-0.048017882	-1.4308929e-005
-0.047924805	-1.4240265e-005
-0.047824096	-1.4511108e-005
-0.047729492	-1.3923645e-005
-0.047625732	-1.5033722e-005
-0.047531128	-1.455307e-005
-0.047433473	-1.4041901e-005
-0.047335815	-1.4495849e-005
-0.047236633	-1.4801026e-005
-0.047143556	-1.3332367e-005
-0.047044374	-1.3996124e-005
-0.046948243	-1.4411927e-005
-0.046847533	-1.4194488e-005
-0.046755981	-1.361084e-005
-0.046650697	-1.5010834e-005
-0.046556093	-1.4450074e-005
-0.046456911	-1.4728546e-005
 -0.04636078	-1.4667511e-005
-0.046263121	-1.4938354e-005
-0.046173096	-1.4064789e-005
-0.046069335	-1.4377594e-005
-0.045973204	-1.4404297e-005
-0.045874022	-1.4328003e-005
-0.045779418	-1.3931274e-005
-0.045674134	-1.5033722e-005
-0.045581054	-1.4415741e-005
-0.045480348	-1.4259338e-005
 -0.04538269	-1.4141083e-005
-0.045288086	-1.4667511e-005
-0.045193482	-1.342392e-005
-0.045091249	-1.4259338e-005
-0.044995118	-1.4244079e-005
-0.044897459	-1.4331818e-005
-0.044801332	-1.3896942e-005
-0.044699095	-1.4476776e-005
-0.044604491	-1.4572143e-005
-0.044505309	-1.4095306e-005
-0.044410706	-1.4076233e-005
-0.044308472	-1.4469147e-005
-0.044215392	-1.3725281e-005
-0.044119261	-1.4324189e-005
-0.044018555	-1.4438629e-005
-0.043920897	-1.4411927e-005
-0.043826293	-1.3702393e-005
-0.043722533	-1.4965058e-005
-0.043629456	-1.4377594e-005
-0.043530274	-1.4202118e-005
-0.043434143	-1.4183044e-005
-0.043328859	-1.4575959e-005
-0.043243408	-1.3290405e-005
-0.043141175	-1.4209747e-005
-0.043045044	-1.4427185e-005
-0.042944334	-1.4202118e-005
-0.042851258	-1.4034271e-005
-0.042747498	-1.4858246e-005
-0.042649843	-1.4209747e-005
-0.042549133	-1.411438e-005
-0.042456053	-1.4202118e-005
-0.042356871	-1.4644623e-005
-0.042266846	-1.348114e-005
-0.042164613	-1.4053345e-005
-0.042066954	-1.4308929e-005
-0.041969299	-1.4316559e-005
-0.041873168	-1.3805389e-005
-0.041767884	-1.4884949e-005
-0.041674804	-1.4713288e-005
  -0.0415802	-1.4133453e-005
-0.041482545	-1.4232635e-005
-0.041381836	-1.4568329e-005
-0.041288756	-1.3458252e-005
-0.041186523	-1.4129639e-005
-0.041090392	-1.4362336e-005
-0.040991209	-1.4232635e-005
-0.040896606	-1.3774872e-005
  -0.0407959	-1.4694214e-005
-0.040701292	-1.4255524e-005
-0.040603638	-1.3969421e-005
-0.040505983	-1.4122009e-005
-0.040405273	-1.4694214e-005
-0.040312193	-1.3561249e-005
-0.040213011	-1.4156341e-005
-0.040115356	-1.4289856e-005
-0.040017702	-1.4427185e-005
-0.039923094	-1.4053345e-005
 -0.03981781	-1.5224457e-005
-0.039726257	-1.4396667e-005
-0.039625548	-1.4392853e-005
 -0.03952942	-1.4293671e-005
-0.039428711	-1.4678955e-005
-0.039338686	-1.3793945e-005
-0.039239503	-1.4198303e-005
-0.039141845	-1.442337e-005
-0.039041139	-1.4228821e-005
-0.038943481	-1.4011383e-005
-0.038844299	-1.5007019e-005
-0.038749695	-1.4720917e-005
-0.038647462	-1.4087677e-005
-0.038551331	-1.4293671e-005
-0.038453676	-1.5239715e-005
-0.038357545	-1.411438e-005
-0.038262941	-1.4518738e-005
-0.038165282	-1.4739991e-005
-0.038064577	-1.4827729e-005
-0.037973024	-1.4236451e-005
-0.037866212	-1.5163421e-005
-0.037771605	-1.4514923e-005
-0.037675478	-1.4411927e-005
-0.037579346	-1.461792e-005
-0.037477113	-1.486206e-005
-0.037385561	-1.3954163e-005
-0.037283324	-1.4419556e-005
-0.037187196	-1.4816284e-005
-0.037089538	-1.5033722e-005
-0.036991883	-1.392746e-005
-0.036894225	-1.5254975e-005
 -0.03679657	-1.4636993e-005
-0.036700439	-1.4583587e-005
-0.036601257	-1.4560699e-005
-0.036502074	-1.5060425e-005
-0.036412049	-1.3946533e-005
-0.036309816	-1.4503479e-005
-0.036212157	-1.4793396e-005
-0.036117554	-1.4537812e-005
-0.036016844	-1.4110565e-005
-0.035913087	-1.5304566e-005
 -0.03581848	-1.4965058e-005
-0.035722353	-1.461792e-005
 -0.03562317	-1.4587402e-005
-0.035525512	-1.5007019e-005
-0.035433959	-1.3729095e-005
-0.035333253	-1.4324189e-005
-0.035235595	-1.4564514e-005
 -0.03513794	-1.4438629e-005
-0.035043336	-1.3706207e-005
-0.034939576	-1.5197754e-005
-0.034844972	-1.4278412e-005
-0.034747314	-1.4205933e-005
-0.034651183	-1.4022828e-005
   -0.034552	-1.5209198e-005
-0.034457397	-1.3744354e-005
-0.034356691	-1.4011383e-005
-0.034262083	-1.4247894e-005
-0.034162901	-1.4255524e-005
-0.034068298	-1.4057159e-005
-0.033963013	-1.5392303e-005
 -0.03386841	-1.4392853e-005
-0.033772279	-1.4671326e-005
 -0.03367462	-1.4541626e-005
-0.033575438	-1.5003205e-005
-0.033483885	-1.3725281e-005
-0.033383179	-1.4755249e-005
-0.033283997	-1.4980316e-005
-0.033186339	-1.4389038e-005
-0.033093262	-1.3809204e-005
-0.032989502	-1.4949798e-005
-0.032893371	-1.4450074e-005
-0.032794189	-1.4293671e-005
-0.032696534	-1.4038086e-005
-0.032597352	-1.4812469e-005
-0.032507323	-1.3656616e-005
-0.032406617	-1.4152527e-005
-0.032308958	-1.4472961e-005
-0.032211304	-1.4160156e-005
  -0.0321167	-1.3969421e-005
-0.032009888	-1.5094757e-005
-0.031916808	-1.4411927e-005
-0.031817626	-1.4339447e-005
-0.031721495	-1.4129639e-005
-0.031622313	-1.5010834e-005
-0.031529237	-1.3816833e-005
-0.031430054	-1.4343262e-005
-0.031332396	-1.4560699e-005
-0.031233216	-1.4606476e-005
-0.031137085	-1.3996124e-005
-0.031033326	-1.4888764e-005
-0.030940246	-1.4175415e-005
-0.030842591	-1.4129639e-005
-0.030743409	-1.3931274e-005
-0.030647278	-1.4904022e-005
-0.030551147	-1.4228821e-005
-0.030453492	-1.4881134e-005
-0.030352782	-1.4987945e-005
-0.030259704	-1.4533996e-005
-0.030160522	-1.4694214e-005
 -0.03006134	-1.4560699e-005
-0.029962158	-1.4411927e-005
-0.029870605	-1.4255524e-005
-0.029769897	-1.4595032e-005
-0.029672241	-1.461792e-005
-0.029576112	-1.4511108e-005
 -0.02947998	-1.4457702e-005
 -0.02937622	-1.4686584e-005
-0.029283142	-1.4503479e-005
-0.029180909	-1.4469147e-005
-0.029086303	-1.4476776e-005
-0.028988648	-1.4495849e-005
-0.028894043	-1.4404297e-005
-0.028796386	-1.4411927e-005
-0.028695678	-1.4556885e-005
-0.028599549	-1.4251709e-005
-0.028501892	-1.4087677e-005
 -0.02840271	-1.4690399e-005
-0.028308105	-1.4404297e-005
 -0.02821045	-1.4362336e-005
 -0.02810974	-1.4347076e-005
-0.028010558	-1.4385223e-005
-0.027915955	-1.4190674e-005
-0.027818298	-1.4579773e-005
-0.027722169	-1.4328003e-005
-0.027626038	-1.4328003e-005
 -0.02752533	-1.4408111e-005
-0.027426148	-1.4522552e-005
-0.027330017	-1.4335632e-005
 -0.02723236	-1.4717102e-005
-0.027133178	-1.4640808e-005
-0.027035523	-1.4732361e-005
-0.026940918	-1.4484405e-005
-0.026841735	-1.4408111e-005
-0.026747132	-1.4541626e-005
-0.026649475	-1.4286041e-005
-0.026550293	-1.4739991e-005
-0.026451111	-1.4457702e-005
-0.026353454	-1.4415741e-005
-0.026254272	-1.4434814e-005
-0.026159668	-1.455307e-005
-0.026058961	-1.4472961e-005
-0.025964355	-1.4053345e-005
-0.025869751	-1.410675e-005
-0.025767516	-1.4751435e-005
-0.025671387	-1.4659881e-005
-0.025576781	-1.4518738e-005
-0.025476074	-1.4701844e-005
-0.025378417	-1.4598846e-005
-0.025282288	-1.4507294e-005
 -0.02518158	-1.4606476e-005
-0.025083924	-1.4488221e-005
-0.024990845	-1.436615e-005
-0.024894714	-1.4614106e-005
-0.024792481	-1.4572143e-005
-0.024694825	-1.4343262e-005
-0.024597168	-1.4484405e-005
-0.024499511	-1.505661e-005
-0.024401855	-1.4369964e-005
  -0.0243042	-1.4724731e-005
-0.024205018	-1.4770508e-005
-0.024107361	-1.480484e-005
-0.024014283	-1.4308929e-005
-0.023918152	-1.4427185e-005
-0.023815919	-1.4713288e-005
-0.023721313	-1.4591217e-005
-0.023623656	-1.4732361e-005
-0.023524474	-1.5060425e-005
-0.023428345	-1.4541626e-005
-0.023329163	-1.4686584e-005
-0.023233032	-1.4942169e-005
-0.023135375	-1.4705658e-005
 -0.02303772	-1.4698028e-005
-0.022938538	-1.4690399e-005
-0.022840882	-1.5083313e-005
-0.022744751	-1.4762878e-005
-0.022647094	-1.4663697e-005
-0.022549439	-1.4671326e-005
-0.022451783	-1.4495849e-005
-0.022357177	-1.4255524e-005
-0.022256469	-1.4595032e-005
-0.022157287	-1.4495849e-005
-0.022064209	-1.4293671e-005
-0.021963501	-1.4404297e-005
-0.021864319	-1.4911651e-005
-0.021769714	-1.4568329e-005
-0.021670531	-1.4499665e-005
-0.021574402	-1.4560699e-005
 -0.02147522	-1.4564514e-005
-0.021377563	-1.4308929e-005
-0.021279907	-1.4583587e-005
-0.021180725	-1.4652253e-005
-0.021087646	-1.4324189e-005
-0.020986939	-1.4671326e-005
-0.020890808	-1.4976502e-005
-0.020794678	-1.4709472e-005
-0.020695496	-1.479721e-005
 -0.02059784	-1.4904022e-005
-0.020497132	-1.4827729e-005
-0.020399475	-1.4820099e-005
-0.020300293	-1.4698028e-005
-0.020205688	-1.4854431e-005
-0.020109558	-1.4629364e-005
-0.020013427	-1.4835357e-005
-0.019914245	-1.4781952e-005
-0.019818116	-1.4484405e-005
-0.019721985	-1.4392853e-005
-0.019619752	-1.4614106e-005
-0.019525146	-1.4606476e-005
-0.019427489	-1.4389038e-005
-0.019329835	-1.4636993e-005
-0.019229125	-1.4541626e-005
-0.019136047	-1.4385223e-005
 -0.01903839	-1.4827729e-005
-0.018937683	-1.4801026e-005
-0.018844604	-1.4446258e-005
-0.018743897	-1.479721e-005
-0.018644715	-1.4976502e-005
-0.018551636	-1.4419556e-005
-0.018450927	-1.455307e-005
-0.018351745	-1.4564514e-005
-0.018252563	-1.4431e-005
-0.018157959	-1.4724731e-005
-0.018060302	-1.4820099e-005
-0.017962646	-1.4671326e-005
-0.017864991	-1.4461517e-005
-0.017770385	-1.4183044e-005
-0.017669678	-1.4633179e-005
-0.017572021	-1.4446258e-005
-0.017474364	-1.4289856e-005
 -0.01737671	-1.4591217e-005
-0.017279053	-1.4137268e-005
-0.017181396	-1.4415741e-005
 -0.01708374	-1.4286041e-005
-0.016986083	-1.4472961e-005
-0.016888428	-1.4202118e-005
-0.016792297	-1.4350891e-005
-0.016693115	-1.455307e-005
-0.016598511	-1.4297485e-005
-0.016499329	-1.404953e-005
 -0.01639862	-1.461029e-005
-0.016299438	-1.4251709e-005
-0.016207885	-1.4060975e-005
-0.016108703	-1.4259338e-005
-0.016009521	-1.4308929e-005
-0.015911866	-1.4091492e-005
 -0.01581726	-1.4102936e-005
-0.015716553	-1.4286041e-005
-0.015618896	-1.4240265e-005
 -0.01552124	-1.4415741e-005
-0.015423584	-1.4629364e-005
-0.015325928	-1.4549255e-005
-0.015231323	-1.4453888e-005
-0.015130615	-1.4328003e-005
-0.015034485	-1.4541626e-005
-0.014938354	-1.4350891e-005
-0.014837647	-1.43013e-005
 -0.01473999	-1.4621734e-005
 -0.01464386	-1.4583587e-005
 -0.01454773	-1.4167786e-005
-0.014447021	-1.4568329e-005
-0.014349366	-1.4583587e-005
-0.014254761	-1.4381409e-005
-0.014157104	-1.4511108e-005
-0.014059449	-1.4240265e-005
-0.013961792	-1.4232635e-005
-0.013864135	-1.4503479e-005
 -0.01376648	-1.4568329e-005
-0.013665771	-1.4434814e-005
-0.013571167	-1.4434814e-005
-0.013471985	-1.462555e-005
-0.013377381	-1.4541626e-005
 -0.01328125	-1.4446258e-005
-0.013179016	-1.4431e-005
-0.013082886	-1.4457702e-005
-0.012986755	-1.4495849e-005
-0.012890625	-1.4514923e-005
-0.012786865	-1.4846802e-005
-0.012689209	-1.4331818e-005
 -0.01259613	-1.4274598e-005
-0.012493896	-1.4190674e-005
-0.012397766	-1.436615e-005
-0.012304688	-1.4156341e-005
-0.012205506	-1.4457702e-005
-0.012103272	-1.4694214e-005
-0.012008667	-1.4701844e-005
-0.011914062	-1.4404297e-005
-0.011813355	-1.4579773e-005
-0.011715698	-1.4583587e-005
-0.011619568	-1.4343262e-005
-0.011520386	-1.455307e-005
-0.011422729	-1.4202118e-005
-0.011326599	-1.4377594e-005
-0.011227417	-1.4450074e-005
-0.011129761	-1.4389038e-005
-0.011035156	-1.4286041e-005
-0.010935974	-1.4442444e-005
-0.010835266	-1.4831543e-005
-0.010742188	-1.4514923e-005
-0.010646057	-1.417923e-005
-0.010545349	-1.4533996e-005
-0.010449219	-1.4717102e-005
-0.010351563	-1.4568329e-005
-0.010253906	-1.4568329e-005
-0.010154724	-1.467514e-005
-0.010058594	-1.4438629e-005
-0.0099609373	-1.4793396e-005
-0.0098602297	-1.4575959e-005
-0.0097640995	-1.4461517e-005
-0.0096664429	-1.4297485e-005
-0.0095672607	-1.4389038e-005
-0.0094726561	-1.4572143e-005
-0.0093765259	-1.4564514e-005
-0.0092803957	-1.4598846e-005
-0.0091796871	-1.4575959e-005
-0.0090820314	-1.461792e-005
-0.0089874268	-1.4377594e-005
-0.0088836672	-1.4499665e-005
-0.0087860106	-1.4415741e-005
-0.0086914059	-1.4549255e-005
-0.0085922237	-1.4839173e-005
-0.0084930416	-1.4816284e-005
-0.0083984379	-1.4667511e-005
-0.0083023068	-1.4949798e-005
-0.0082031246	-1.4575959e-005
-0.0081085209	-1.4533996e-005
-0.0080108643	-1.4438629e-005
-0.0079101566	-1.4686584e-005
-0.0078140255	-1.4328003e-005
-0.0077148438	-1.4228821e-005
-0.0076156617	-1.4347076e-005
-0.0075164796	-1.4690399e-005
-0.0074218749	-1.4717102e-005
-0.0073272707	-1.4667511e-005
-0.0072296141	-1.4972687e-005
-0.0071319579	-1.4720917e-005
-0.0070327758	-1.43013e-005
-0.0069320677	-1.4736175e-005
-0.0068359375	-1.4709472e-005
-0.0067382813	-1.4369964e-005
-0.0066406252	-1.4194488e-005
-0.0065444945	-1.4408111e-005
-0.0064453124	-1.4156341e-005
-0.0063476563	-1.4770508e-005
-0.0062500001	-1.4434814e-005
-0.0061538694	-1.4396667e-005
-0.0060577393	-1.4293671e-005
-0.0059570312	-1.5224457e-005
-0.0058654784	-1.3851166e-005
-0.0057647703	-1.4125824e-005
-0.0056655882	-1.4614106e-005
-0.005569458	-1.4713288e-005
-0.0054748533	-1.4205933e-005
-0.0053680418	-1.5060425e-005
-0.0052764891	-1.4595032e-005
-0.0051773069	-1.4217377e-005
-0.0050827027	-1.4450074e-005
-0.0049804687	-1.4945984e-005
-0.0048858644	-1.3767242e-005
-0.0047897338	-1.4232635e-005
-0.0046905517	-1.4736175e-005
-0.0045928955	-1.4598846e-005
-0.0044967653	-1.3988495e-005
-0.0043945313	-1.5388488e-005
-0.0042968751	-1.4518738e-005
-0.0041992189	-1.4080048e-005
-0.0041046143	-1.4266968e-005
-0.0040069581	-1.5003205e-005
-0.0039123534	-1.3824463e-005
-0.0038116456	-1.4431e-005
-0.0037155151	-1.4652253e-005
-0.003616333	-1.4392853e-005
-0.0035232543	-1.3999939e-005
-0.0034179688	-1.5239715e-005
-0.0033203126	-1.4686584e-005
-0.0032257079	-1.4362336e-005
-0.0031280518	-1.4389038e-005
-0.0030273437	-1.4671326e-005
-0.0029357909	-1.3504028e-005
-0.0028366088	-1.3866425e-005
-0.0027389526	-1.4476776e-005
-0.0026397705	-1.4461517e-005
-0.0025451661	-1.4129639e-005
-0.0024398803	-1.4919281e-005
-0.0023498535	-1.4232635e-005
-0.0022491454	-1.4297485e-005
-0.0021514893	-1.4343262e-005
-0.0020523071	-1.4987945e-005
-0.0019592284	-1.348114e-005
-0.0018600464	-1.4160156e-005
-0.0017623901	-1.4320373e-005
-0.0016662597	-1.4083862e-005
-0.0015686036	-1.3893127e-005
-0.0014678955	-1.4995575e-005
-0.0013702393	-1.4461517e-005
-0.001272583	-1.4175415e-005
-0.0011764526	-1.4110565e-005
-0.0010772705	-1.4476776e-005
-0.00098266604	-1.3591766e-005
-0.00088500977	-1.4076233e-005
-0.00078735349	-1.4411927e-005
-0.00068969728	-1.4400483e-005
-0.00059356692	-1.399231e-005
-0.00049133302	-1.5155792e-005
-0.00039367675	-1.462555e-005
-0.00029907227	-1.4652253e-005
-0.00019989014	-1.4381409e-005
-0.00010223388	-1.4526368e-005
-9.1552738e-006	-1.3706207e-005
9.1552734e-005	-1.41716e-005
0.00018920898	-1.4533996e-005
0.00028686522	-1.4579773e-005
0.00038299561	-1.4194488e-005
0.00048522948	-1.5235901e-005
0.00058135984	-1.4743805e-005
0.00067749026	-1.4392853e-005
0.00077514647	-1.4705658e-005
0.0008743286	-1.5090943e-005
0.00097045896	-1.3496399e-005
0.0010681152	-1.4335632e-005
0.0011627197	-1.4915467e-005
0.0012619018	-1.4671326e-005
0.0013549805	-1.4064789e-005
0.0014587402	-1.5514373e-005
0.0015563965	-1.4736175e-005
0.0016510009	-1.4453888e-005
0.0017486572	-1.4842987e-005
0.0018493652	-1.5029907e-005
0.0019409179	-1.3458252e-005
 0.002041626	-1.4381409e-005
0.0021408082	-1.4595032e-005
0.0022369386	-1.4659881e-005
 0.002331543	-1.3877869e-005
0.0024353028	-1.5106201e-005
 0.002534485	-1.455307e-005
0.0026275634	-1.4492035e-005
0.0027252198	-1.4663697e-005
0.0028244019	-1.5018463e-005
0.0029144287	-1.3957977e-005
0.0030181885	-1.4438629e-005
0.0031158447	-1.4717102e-005
0.0032165528	-1.4839173e-005
0.0033111572	-1.3813019e-005
0.0034103394	-1.5007019e-005
0.0035079955	-1.442337e-005
0.0036041259	-1.4400483e-005
0.0036987304	-1.4469147e-005
0.0037994385	-1.5003205e-005
0.0038940429	-1.3622284e-005
0.0039947508	-1.4122009e-005
0.0040924074	-1.435852e-005
0.0041915895	-1.411438e-005
0.0042846678	-1.4041901e-005
0.0043899538	-1.5396117e-005
 0.004483032	-1.455307e-005
0.0045806887	-1.4495849e-005
0.0046768188	-1.4530182e-005
0.0047775269	-1.4823913e-005
0.0048675537	-1.4156341e-005
0.0049682618	-1.4511108e-005
 0.005065918	-1.4778137e-005
0.0051651001	-1.4469147e-005
0.0052612303	-1.4141083e-005
0.0053634644	-1.5060425e-005
0.0054595945	-1.4373779e-005
0.0055587767	-1.418686e-005
0.0056533813	-1.4354706e-005
0.0057525635	-1.4659881e-005
0.0058471682	-1.3755798e-005
0.0059432983	-1.404953e-005
0.0060424805	-1.4511108e-005
0.0061431886	-1.4331818e-005
0.0062347413	-1.3881683e-005
0.0063385009	-1.5045166e-005
 0.006439209	-1.4759064e-005
0.0065307617	-1.4507294e-005
0.0066314698	-1.4431e-005
 0.006729126	-1.4636993e-005
0.0068222047	-1.3774872e-005
0.0069213868	-1.4549255e-005
0.0070220949	-1.4602661e-005
0.0071197511	-1.4717102e-005
0.0072174072	-1.3938904e-005
0.0073165894	-1.5174865e-005
0.0074096681	-1.4503479e-005
0.0075073242	-1.3889313e-005
0.0076049804	-1.4099121e-005
0.0077026365	-1.4461517e-005
0.0077972412	-1.3893127e-005
0.0078994753	-1.43013e-005
0.0079956055	-1.4598846e-005
0.0080947876	-1.4663697e-005
0.0081863403	-1.4259338e-005
0.0082916263	-1.5098572e-005
0.0083877565	-1.4732361e-005
0.0084838867	-1.4377594e-005
0.0085815433	-1.4282226e-005
 0.008682251	-1.4827729e-005
0.0087738037	-1.3679504e-005
0.0088714603	-1.4213562e-005
 0.008969116	-1.4495849e-005
0.0090698246	-1.4537812e-005
0.0091644283	-1.4068603e-005
0.0092666624	-1.5087127e-005
 0.009364319	-1.4698028e-005
0.0094604492	-1.4305115e-005
0.0095581058	-1.4720917e-005
0.0096557615	-1.4926911e-005
0.0097503662	-1.3889313e-005
0.0098480228	-1.436615e-005
0.0099487305	-1.4652253e-005
 0.010044861	-1.4568329e-005
 0.010140991	-1.4175415e-005
 0.010244751	-1.5270232e-005
 0.010339355	-1.4755249e-005
 0.010437012	-1.4225006e-005
 0.010533142	-1.4293671e-005
 0.010635376	-1.4953614e-005
 0.010725403	-1.3538361e-005
 0.010824585	-1.4251709e-005
 0.010925293	-1.4595032e-005
 0.011019898	-1.4537812e-005
 0.011114502	-1.3916016e-005
 0.011218262	-1.5254975e-005
 0.011312867	-1.4438629e-005
 0.011410522	-1.4472961e-005
 0.011511231	-1.4427185e-005
 0.011610413	-1.5064239e-005
 0.011700439	-1.3683319e-005
 0.011801148	-1.4465332e-005
  0.01190033	-1.4461517e-005
 0.011999512	-1.4644623e-005
 0.012091065	-1.4019012e-005
 0.012194824	-1.4984131e-005
  0.01229248	-1.4614106e-005
 0.012391662	-1.410675e-005
 0.012487793	-1.4148713e-005
 0.012585449	-1.4957428e-005
 0.012677002	-1.3530731e-005
 0.012776184	-1.4125824e-005
 0.012872314	-1.4522552e-005
 0.012973023	-1.4472961e-005
 0.013067627	-1.4141083e-005
 0.013171387	-1.4957428e-005
 0.013265992	-1.4343262e-005
 0.013366699	-1.4015198e-005
 0.013461304	-1.4514923e-005
 0.013563538	-1.4854431e-005
 0.013650512	-1.3713837e-005
 0.013754273	-1.4190674e-005
 0.013851929	-1.4274598e-005
 0.013949585	-1.4389038e-005
 0.014047241	-1.4297485e-005
 0.014144897	-1.5125274e-005
 0.014239502	-1.4636993e-005
  0.01434021	-1.4667511e-005
 0.014434814	-1.4373779e-005
 0.014535522	-1.480484e-005
 0.014628601	-1.3824463e-005
 0.014729309	-1.4495849e-005
 0.014826966	-1.4865876e-005
 0.014926148	-1.4759064e-005
 0.015022278	-1.3721466e-005
 0.015124512	-1.5098572e-005
 0.015219117	-1.4369964e-005
 0.015316772	-1.4213562e-005
 0.015414429	-1.4163971e-005
 0.015513611	-1.4858246e-005
 0.015603637	-1.3526917e-005
 0.015705872	-1.3771057e-005
 0.015803527	-1.4770508e-005
 0.015899658	-1.4266968e-005
 0.015995789	-1.3900757e-005
 0.016101073	-1.4999389e-005
 0.016192626	-1.4453888e-005
 0.016293336	-1.43013e-005
 0.016387939	-1.4141083e-005
 0.016488647	-1.4678955e-005
 0.016583253	-1.3771057e-005
 0.016680907	-1.4102936e-005
 0.016778564	-1.4324189e-005
 0.016876221	-1.4488221e-005
 0.016972352	-1.4251709e-005
 0.017074585	-1.5258789e-005
 0.017169189	-1.4453888e-005
 0.017266845	-1.4591217e-005
 0.017361451	-1.4404297e-005
  0.01746521	-1.4732361e-005
 0.017553711	-1.3744354e-005
 0.017651368	-1.4251709e-005
 0.017758179	-1.461029e-005
 0.017852783	-1.4270782e-005
 0.017951965	-1.4629364e-005
 0.018048096	-1.4286041e-005
 0.018145751	-1.4225006e-005
 0.018240357	-1.4003754e-005
 0.018341064	-1.4217377e-005
 0.018438721	-1.4698028e-005
 0.018536378	-1.4148713e-005
 0.018634032	-1.4415741e-005
 0.018731689	-1.4427185e-005
 0.018829346	-1.4427185e-005
 0.018927002	-1.4266968e-005
 0.019024659	-1.4667511e-005
 0.019122314	-1.4419556e-005
 0.019216919	-1.411438e-005
 0.019316101	-1.4411927e-005
 0.019413758	-1.4522552e-005
 0.019509887	-1.4255524e-005
 0.019609069	-1.4556885e-005
 0.019709777	-1.4640808e-005
 0.019804383	-1.4488221e-005
 0.019900512	-1.410675e-005
 0.020001221	-1.4354706e-005
 0.020097351	-1.4465332e-005
 0.020193482	-1.4461517e-005
 0.020291138	-1.4221191e-005
 0.020390321	-1.4484405e-005
  0.02048645	-1.4266968e-005
 0.020581055	-1.4209747e-005
 0.020683289	-1.4385223e-005
 0.020782471	-1.4411927e-005
 0.020877074	-1.4122009e-005
 0.020974731	-1.4636993e-005
 0.021075439	-1.4602661e-005
  0.02117157	-1.4686584e-005
 0.021267701	-1.480484e-005
 0.021365356	-1.4827729e-005
 0.021463012	-1.4839173e-005
 0.021560669	-1.4659881e-005
 0.021659851	-1.5003205e-005
 0.021759033	-1.4698028e-005
 0.021855164	-1.4629364e-005
 0.021955872	-1.4842987e-005
 0.022052001	-1.4892578e-005
 0.022145081	-1.4183044e-005
 0.022241211	-1.461029e-005
 0.022338867	-1.4633179e-005
 0.022439575	-1.4274598e-005
 0.022537231	-1.4499665e-005
 0.022634888	-1.4621734e-005
  0.02273407	-1.4465332e-005
 0.022833252	-1.3977051e-005
 0.022930909	-1.4396667e-005
 0.023027038	-1.4232635e-005
 0.023120116	-1.4003754e-005
 0.023220826	-1.455307e-005
 0.023318481	-1.4373779e-005
 0.023416137	-1.4297485e-005
 0.023512268	-1.4720917e-005
 0.023611451	-1.4820099e-005
 0.023712158	-1.4656067e-005
 0.023806762	-1.4476776e-005
 0.023904419	-1.4545441e-005
  0.02400055	-1.4438629e-005
 0.024098206	-1.3893127e-005
 0.024195861	-1.4144897e-005
 0.024293518	-1.4385223e-005
 0.024391174	-1.4255524e-005
 0.024484253	-1.4003754e-005
 0.024588013	-1.4347076e-005
  0.02468567	-1.4030456e-005
 0.024780273	-1.4431e-005
 0.024880981	-1.4297485e-005
 0.024975587	-1.4598846e-005
 0.025071716	-1.4266968e-005
 0.025170898	-1.4369964e-005
 0.025274659	-1.4579773e-005
 0.025364686	-1.4408111e-005
 0.025460815	-1.4293671e-005
  0.02556305	-1.4442444e-005
 0.025660705	-1.4308929e-005
 0.025758361	-1.4221191e-005
 0.025854493	-1.4507294e-005
 0.025952149	-1.4350891e-005
 0.026046753	-1.4225006e-005
 0.026148986	-1.4434814e-005
 0.026243592	-1.4560699e-005
 0.026342774	-1.4286041e-005
 0.026438903	-1.4228821e-005
 0.026538085	-1.4732361e-005
 0.026635742	-1.4556885e-005
 0.026731873	-1.4152527e-005
 0.026831055	-1.4667511e-005
 0.026928712	-1.4701844e-005
 0.027024841	-1.4148713e-005
 0.027122498	-1.4747619e-005
 0.027220154	-1.479721e-005
 0.027319336	-1.4709472e-005
 0.027416993	-1.4514923e-005
 0.027514648	-1.4698028e-005
 0.027610779	-1.4564514e-005
  0.02770691	-1.4652253e-005
 0.027806092	-1.4320373e-005
 0.027903747	-1.4583587e-005
 0.027998352	-1.4480591e-005
 0.028100586	-1.4511108e-005
 0.028195191	-1.4545441e-005
 0.028289795	-1.4247894e-005
 0.028388977	-1.4202118e-005
  0.02849121	-1.4427185e-005
 0.028585816	-1.4175415e-005
 0.028684998	-1.4053345e-005
 0.028781127	-1.4427185e-005
 0.028878784	-1.4713288e-005
  0.02897644	-1.4293671e-005
 0.029074097	-1.4232635e-005
 0.029168701	-1.4511108e-005
 0.029267883	-1.4545441e-005
  0.02936554	-1.4343262e-005
 0.029464722	-1.4663697e-005
 0.029563904	-1.4476776e-005
 0.029660035	-1.4636993e-005
 0.029759217	-1.4686584e-005
 0.029855346	-1.4431e-005
 0.029953003	-1.4411927e-005
  0.03005066	-1.4495849e-005
 0.030146789	-1.4289856e-005
 0.030245971	-1.41716e-005
 0.030343628	-1.4080048e-005
 0.030441284	-1.4362336e-005
 0.030540466	-1.4240265e-005
 0.030636597	-1.4221191e-005
 0.030734252	-1.4450074e-005
 0.030833434	-1.4640808e-005
 0.030926514	-1.4350891e-005
 0.031027222	-1.4385223e-005
 0.031123351	-1.4614106e-005
 0.031219482	-1.4389038e-005
 0.031317137	-1.4274598e-005
 0.031417847	-1.4900207e-005
  0.03151245	-1.4419556e-005
 0.031614684	-1.4270782e-005
 0.031712342	-1.4240265e-005
 0.031808473	-1.4751435e-005
 0.031900026	-1.4400483e-005
  0.03200531	-1.4537812e-005
 0.032101441	-1.4450074e-005
 0.032196045	-1.4507294e-005
 0.032295227	-1.4389038e-005
 0.032394409	-1.4801026e-005
 0.032492064	-1.4739991e-005
 0.032589722	-1.4743805e-005
 0.032687377	-1.4823913e-005
 0.032785036	-1.4904022e-005
 0.032879639	-1.4694214e-005
 0.032977294	-1.4736175e-005
 0.033074953	-1.4766693e-005
  0.03317108	-1.4400483e-005
 0.033276368	-1.5590667e-005
 0.033370972	-1.4965058e-005
 0.033468626	-1.4892578e-005
 0.033564758	-1.462555e-005
 0.033666991	-1.4762878e-005
 0.033758543	-1.3771057e-005
 0.033856202	-1.4381409e-005
 0.033953857	-1.4698028e-005
 0.034054566	-1.4591217e-005
  0.03414917	-1.41716e-005
 0.034251403	-1.512909e-005
 0.034344483	-1.4533996e-005
 0.034443665	-1.4392853e-005
 0.034542847	-1.4373779e-005
 0.034640502	-1.4915467e-005
 0.034732055	-1.393509e-005
 0.034832764	-1.467514e-005
 0.034930419	-1.4507294e-005
 0.035028078	-1.4751435e-005
 0.035125732	-1.4228821e-005
 0.035226442	-1.5197754e-005
 0.035321046	-1.4438629e-005
 0.035420228	-1.4575959e-005
 0.035514832	-1.4579773e-005
 0.035615541	-1.4961242e-005
 0.035708617	-1.3965607e-005
 0.035809327	-1.4526368e-005
 0.035906982	-1.4438629e-005
 0.036006164	-1.4492035e-005
 0.036099244	-1.4095306e-005
 0.036201477	-1.5171051e-005
 0.036297608	-1.4701844e-005
 0.036395263	-1.4457702e-005
 0.036492921	-1.4606476e-005
 0.036592104	-1.486969e-005
  0.03668518	-1.3660431e-005
 0.036784362	-1.4595032e-005
 0.036883544	-1.4434814e-005
 0.036979675	-1.480484e-005
 0.037075806	-1.4282226e-005
 0.037179567	-1.5235901e-005
 0.037274171	-1.4663697e-005
 0.037371825	-1.455307e-005
 0.037467957	-1.4614106e-005
 0.037568666	-1.4865876e-005
 0.037661742	-1.3954163e-005
 0.037759401	-1.4511108e-005
 0.037857056	-1.4431e-005
 0.037956238	-1.4595032e-005
 0.038050842	-1.4083862e-005
 0.038153075	-1.5094757e-005
 0.038247682	-1.4469147e-005
 0.038348388	-1.4297485e-005
 0.038442992	-1.4453888e-005
 0.038543701	-1.4953614e-005
 0.038636781	-1.3736725e-005
 0.038735963	-1.4244079e-005
 0.038835146	-1.4400483e-005
 0.038931273	-1.4793396e-005
 0.039028931	-1.4045715e-005
 0.039131165	-1.518631e-005
 0.039227296	-1.4644623e-005
 0.039323427	-1.4228821e-005
 0.039419554	-1.436615e-005
 0.039517213	-1.4907837e-005
 0.039611816	-1.374054e-005
 0.039709471	-1.4308929e-005
 0.039808653	-1.4499665e-005
 0.039907835	-1.4575959e-005
 0.040002443	-1.4038086e-005
   0.0401062	-1.5190125e-005
 0.040202331	-1.4263153e-005
 0.040301513	-1.4305115e-005
 0.040394593	-1.4221191e-005
 0.040495299	-1.4945984e-005
 0.040588379	-1.3751984e-005
 0.040689088	-1.4263153e-005
 0.040786743	-1.4499665e-005
 0.040884398	-1.455307e-005
 0.040979005	-1.385498e-005
 0.041082762	-1.5197754e-005
  0.04117737	-1.4614106e-005
 0.041276552	-1.4286041e-005
 0.041372679	-1.4484405e-005
 0.041471861	-1.4911651e-005
 0.041564941	-1.3427734e-005
 0.041664124	-1.398468e-005
 0.041761778	-1.4575959e-005
  0.04186096	-1.4350891e-005
 0.041955568	-1.4217377e-005
 0.042053223	-1.4461517e-005
 0.042155456	-1.4354706e-005
 0.042248536	-1.4217377e-005
 0.042347718	-1.4328003e-005
   0.0424469	-1.4549255e-005
 0.042541504	-1.411438e-005
 0.042639159	-1.4339447e-005
 0.042736817	-1.4842987e-005
 0.042835999	-1.4484405e-005
 0.042935181	-1.4350891e-005
 0.043035887	-1.4644623e-005
 0.043128967	-1.4823913e-005
 0.043225098	-1.4476776e-005
 0.043322753	-1.4709472e-005
 0.043420412	-1.4774322e-005
 0.043519594	-1.4572143e-005
 0.043614198	-1.4579773e-005
 0.043716431	-1.4827729e-005
 0.043814085	-1.442337e-005
 0.043910217	-1.4469147e-005
 0.044009399	-1.4820099e-005
  0.04410553	-1.4732361e-005
 0.044200134	-1.4408111e-005
 0.044299316	-1.4450074e-005
 0.044400025	-1.4678955e-005
 0.044493102	-1.4373779e-005
  0.04459076	-1.4221191e-005
 0.044691466	-1.505661e-005
 0.044787597	-1.4751435e-005
 0.044885255	-1.4896393e-005
 0.044984438	-1.4701844e-005
  0.04508362	-1.4713288e-005
 0.045175172	-1.467514e-005
 0.045275878	-1.5010834e-005
 0.045373537	-1.4785766e-005
 0.045469664	-1.4827729e-005
 0.045565795	-1.4476776e-005
 0.045666505	-1.4915467e-005
 0.045764159	-1.4701844e-005
 0.045861818	-1.4545441e-005
    0.045961	-1.4808655e-005
 0.046054076	-1.4568329e-005
 0.046151735	-1.4286041e-005
  0.04624939	-1.4461517e-005
 0.046350099	-1.4144897e-005
 0.046446227	-1.4381409e-005
 0.046545409	-1.4266968e-005
 0.046644591	-1.493454e-005
 0.046737671	-1.468277e-005
 0.046836853	-1.4434814e-005
 0.046936035	-1.461792e-005
  0.04703369	-1.4823913e-005
  0.04712677	-1.4453888e-005
 0.047225952	-1.4686584e-005
 0.047325134	-1.4968872e-005
 0.047421265	-1.4533996e-005
  0.04751892	-1.4724731e-005
  0.04761963	-1.4999389e-005
 0.047714233	-1.4636993e-005
 0.047811888	-1.4644623e-005
 0.047909547	-1.4640808e-005
 0.048010252	-1.4694214e-005
  0.04810486	-1.4240265e-005
 0.048202515	-1.4480591e-005
 0.048300169	-1.4556885e-005
 0.048399352	-1.4579773e-005
 0.048493959	-1.4686584e-005
 0.048596192	-1.5274049e-005
 0.048689269	-1.467514e-005
 0.048788451	-1.5052796e-005
 0.048886109	-1.5171051e-005
 0.048986815	-1.486206e-005
 0.049079895	-1.4755249e-005
  0.04917755	-1.4881134e-005
 0.049276732	-1.4820099e-005
 0.049372863	-1.4980316e-005
 0.049472045	-1.4698028e-005
 0.049569704	-1.4965058e-005
 0.049670409	-1.4663697e-005
 0.049761962	-1.4656067e-005
 0.049861144	-1.4656067e-005
 0.049961854	-1.4949798e-005
  0.05005493	-1.4419556e-005
  0.05015564	-1.4671326e-005
 0.050250243	-1.4781952e-005
 0.050350953	-1.4492035e-005
 0.050447084	-1.4446258e-005
  0.05054779	-1.4781952e-005
 0.050642394	-1.461792e-005
 0.050738525	-1.4266968e-005
 0.050836183	-1.4976502e-005
 0.050936889	-1.4511108e-005
 0.051031493	-1.411438e-005
 0.051127624	-1.4507294e-005
 0.051229857	-1.4793396e-005
 0.051324464	-1.4720917e-005
 0.051423647	-1.4373779e-005
 0.051522829	-1.4595032e-005
 0.051617432	-1.4770508e-005
 0.051716615	-1.4717102e-005
 0.051812746	-1.4602661e-005
 0.051913451	-1.4656067e-005
 0.052005004	-1.4518738e-005
 0.052105714	-1.4728546e-005
 0.052203368	-1.4701844e-005
 0.052301027	-1.4690399e-005
 0.052398682	-1.4511108e-005
 0.052499391	-1.4766693e-005
 0.052595519	-1.4389038e-005
 0.052690126	-1.4499665e-005
 0.052792359	-1.4667511e-005
 0.052890014	-1.4667511e-005
 0.052981567	-1.4053345e-005
 0.053080749	-1.4408111e-005
 0.053178407	-1.4579773e-005
 0.053279113	-1.4431e-005
 0.053372193	-1.4564514e-005
 0.053472899	-1.5083313e-005
 0.053572081	-1.4770508e-005
 0.053668212	-1.4514923e-005
 0.053765871	-1.493454e-005
 0.053863525	-1.4446258e-005
 0.053958129	-1.4732361e-005
 0.054058839	-1.467514e-005
 0.054158021	-1.4976502e-005
 0.054257203	-1.467514e-005
 0.054348756	-1.4362336e-005
 0.054449461	-1.4728546e-005
  0.05454712	-1.5110016e-005
 0.054646302	-1.4881134e-005
 0.054742433	-1.5163421e-005
 0.054840088	-1.4991761e-005
 0.054934692	-1.442337e-005
 0.055033874	-1.486969e-005
 0.055130005	-1.4873504e-005
  0.05522766	-1.4732361e-005
 0.055325318	-1.4247894e-005
 0.055426024	-1.4587402e-005
 0.055523682	-1.4778137e-005
 0.055621337	-1.4724731e-005
 0.055720519	-1.5010834e-005
  0.05581665	-1.5247345e-005
 0.055911254	-1.505661e-005
 0.056008913	-1.4987945e-005
 0.056108095	-1.5136719e-005
 0.056204222	-1.4568329e-005
 0.056300353	-1.4663697e-005
 0.056399535	-1.4980316e-005
 0.056500245	-1.4640808e-005
   0.0565979	-1.4915467e-005
 0.056695558	-1.5510559e-005
 0.056793213	-1.4945984e-005
 0.056887817	-1.4369964e-005
 0.056986999	-1.4698028e-005
  0.05708313	-1.435852e-005
 0.057182312	-1.435852e-005
 0.057278443	-1.4144897e-005
 0.057379149	-1.4537812e-005
  0.05747528	-1.4293671e-005
 0.057571411	-1.4202118e-005
 0.057669066	-1.4480591e-005
 0.057765197	-1.4110565e-005
 0.057865907	-1.4076233e-005
 0.057958983	-1.399231e-005
 0.058058165	-1.4644623e-005
 0.058157347	-1.4945984e-005
 0.058255006	-1.4343262e-005
 0.058354188	-1.4892578e-005
 0.058451843	-1.4232635e-005
 0.058547974	-1.4793396e-005
 0.058647156	-1.4640808e-005
 0.058743287	-1.4713288e-005
 0.058840942	-1.3969421e-005
   0.0589386	-1.4251709e-005
 0.059036255	-1.4511108e-005
 0.059132386	-1.4041901e-005
 0.059231568	-1.4026642e-005
 0.059329223	-1.4270782e-005
 0.059426881	-1.4274598e-005
 0.059523009	-1.4225006e-005
 0.059622191	-1.479721e-005
 0.059721373	-1.4789582e-005
  0.05981598	-1.417923e-005
 0.059912108	-1.4511108e-005
 0.060009766	-1.4709472e-005
 0.060110472	-1.4278412e-005
  0.06020508	-1.4759064e-005
 0.060305785	-1.4846802e-005
 0.060403444	-1.4469147e-005
 0.060498048	-1.4408111e-005
 0.060598753	-1.4442444e-005
 0.060696412	-1.4953614e-005
 0.060789488	-1.4225006e-005
  0.06088867	-1.4297485e-005
  0.06098938	-1.4503479e-005
 0.061083984	-1.4152527e-005
 0.061180115	-1.3954163e-005
 0.061282348	-1.4720917e-005
 0.061378479	-1.4160156e-005
 0.061477661	-1.4183044e-005
 0.061573792	-1.418686e-005
 0.061671447	-1.4202118e-005
 0.061764527	-1.3957977e-005
 0.061868288	-1.4461517e-005
 0.061962891	-1.4583587e-005
 0.062063597	-1.41716e-005
 0.062159728	-1.4209747e-005
  0.06225891	-1.4587402e-005
 0.062353514	-1.4099121e-005
 0.062454224	-1.436615e-005
 0.062550351	-1.4270782e-005
 0.062648013	-1.4495849e-005
 0.062744141	-1.3881683e-005
 0.062841795	-1.4331818e-005
 0.062936403	-1.4259338e-005
 0.063034058	-1.3961792e-005
 0.063134767	-1.4316559e-005
 0.063232422	-1.4511108e-005
 0.063333131	-1.4648437e-005
 0.063427731	-1.4324189e-005
 0.063526914	-1.4472961e-005
 0.063626096	-1.435852e-005
 0.063719176	-1.4152527e-005
 0.063821413	-1.4251709e-005
 0.063912965	-1.4640808e-005
 0.064013675	-1.4560699e-005
 0.064109802	-1.4694214e-005
 0.064208984	-1.4533996e-005
 0.064306639	-1.4465332e-005
 0.064404294	-1.4381409e-005
 0.064501956	-1.4427185e-005
 0.064599611	-1.4389038e-005
 0.064692691	-1.3969421e-005
  0.06479492	-1.4324189e-005
 0.064892575	-1.4354706e-005
 0.064987183	-1.4266968e-005
 0.065086365	-1.3893127e-005
 0.065185547	-1.4408111e-005
 0.065283202	-1.4568329e-005
 0.065380856	-1.4450074e-005
 0.065478519	-1.4286041e-005
 0.065576173	-1.4701844e-005
 0.065667726	-1.4240265e-005
  0.06577301	-1.5426636e-005
 0.065867618	-1.4781952e-005
 0.065965272	-1.4205933e-005
 0.066062927	-1.442337e-005
 0.066163637	-1.5232086e-005
 0.066253662	-1.3916016e-005
 0.066354372	-1.4041901e-005
 0.066452026	-1.4255524e-005
 0.066549681	-1.4495849e-005
 0.066647336	-1.3965607e-005
 0.066749573	-1.5045166e-005
  0.06684418	-1.4514923e-005
  0.06693878	-1.4564514e-005
 0.067037962	-1.4575959e-005
 0.067137145	-1.4732361e-005
 0.067228697	-1.3793945e-005
 0.067329407	-1.4328003e-005
 0.067427061	-1.4568329e-005
 0.067523196	-1.5010834e-005
 0.067623898	-1.4060975e-005
 0.067726135	-1.5151977e-005
 0.067819215	-1.4648437e-005
  0.06791687	-1.4560699e-005
 0.068014525	-1.4606476e-005
  0.06811218	-1.4743805e-005
  0.06820526	-1.3889313e-005
 0.068304442	-1.4095306e-005
 0.068403624	-1.43013e-005
 0.068504333	-1.436615e-005
 0.068597414	-1.4163971e-005
  0.06870117	-1.4881134e-005
 0.068797305	-1.4568329e-005
  0.06889496	-1.4492035e-005
 0.068991087	-1.4286041e-005
 0.069088742	-1.5033722e-005
 0.069184877	-1.3755798e-005
 0.069285586	-1.4289856e-005
 0.069380186	-1.4400483e-005
 0.069476321	-1.4469147e-005
 0.069573976	-1.4133453e-005
 0.069676206	-1.5087127e-005
 0.069769286	-1.486206e-005
 0.069869995	-1.4183044e-005
 0.069970705	-1.4369964e-005
 0.070065305	-1.4823913e-005
 0.070159912	-1.3813019e-005
 0.070260622	-1.4057159e-005
 0.070355222	-1.4202118e-005
 0.070455931	-1.41716e-005
 0.070549011	-1.3820648e-005
 0.070654295	-1.4858246e-005
 0.070747375	-1.4396667e-005
  0.07084503	-1.462555e-005
 0.070942685	-1.4316559e-005
 0.071044922	-1.4980316e-005
 0.071136475	-1.4003754e-005
 0.071231082	-1.4297485e-005
 0.071331784	-1.4820099e-005
 0.071430966	-1.4926911e-005
 0.071527101	-1.4202118e-005
 0.071630858	-1.5563965e-005
 0.071723938	-1.4881134e-005
 0.071820065	-1.4854431e-005
 0.071920775	-1.4663697e-005
  0.07201843	-1.5052796e-005
 0.072113037	-1.4057159e-005
 0.072210692	-1.4488221e-005
 0.072308347	-1.4629364e-005
 0.072406009	-1.4324189e-005
 0.072503664	-1.3957977e-005
 0.072602846	-1.5155792e-005
 0.072702028	-1.5106201e-005
 0.072796628	-1.4793396e-005
  0.07289429	-1.4892578e-005
 0.072998047	-1.5331269e-005
 0.073086545	-1.4457702e-005
 0.073187254	-1.4709472e-005
 0.073283389	-1.4942169e-005
 0.073382571	-1.5041352e-005
 0.073478699	-1.4572143e-005
 0.073579408	-1.5544891e-005
 0.073675536	-1.4930725e-005
  0.07377319	-1.4373779e-005
 0.073870853	-1.461029e-005
 0.073971555	-1.5254975e-005
 0.074063107	-1.3828278e-005
 0.074163817	-1.4022828e-005
 0.074259952	-1.4266968e-005
 0.074359134	-1.4076233e-005
 0.074455261	-1.4492035e-005
 0.074557498	-1.5171051e-005
 0.074652098	-1.4347076e-005
 0.074749753	-1.4446258e-005
 0.074845888	-1.4373779e-005
 0.074948117	-1.4972687e-005
  0.07503967	-1.4419556e-005
 0.075140379	-1.4568329e-005
 0.075234987	-1.4579773e-005
 0.075335696	-1.4770508e-005
 0.075430296	-1.4167786e-005
 0.075531006	-1.5407562e-005
 0.075627133	-1.5014649e-005
 0.075723268	-1.4724731e-005
 0.075820923	-1.4743805e-005
 0.075920105	-1.5483856e-005
 0.076014712	-1.4099121e-005
  0.07611084	-1.4194488e-005
 0.076211549	-1.4053345e-005
 0.076309204	-1.418686e-005
 0.076406859	-1.3660431e-005
 0.076509096	-1.4793396e-005
 0.076602176	-1.4492035e-005
 0.076699831	-1.4533996e-005
 0.076797485	-1.4904022e-005
 0.076898195	-1.5087127e-005
 0.076989748	-1.3977051e-005
 0.077090457	-1.4724731e-005
 0.077186584	-1.4213562e-005
 0.077284239	-1.4854431e-005
 0.077377319	-1.4492035e-005
 0.077484131	-1.5457153e-005
 0.077578738	-1.4629364e-005
  0.07767792	-1.4476776e-005
 0.077774048	-1.4461517e-005
 0.077874757	-1.4972687e-005
 0.077964783	-1.3931274e-005
 0.078063965	-1.3832092e-005
 0.078163147	-1.4286041e-005
 0.078260802	-1.4305115e-005
 0.078358456	-1.4011383e-005
 0.078457639	-1.4781952e-005
 0.078556821	-1.4598846e-005
 0.078656003	-1.4656067e-005
 0.078753665	-1.4587402e-005
 0.078849792	-1.4942169e-005
 0.078942873	-1.3847352e-005
 0.079040527	-1.4335632e-005
 0.079139709	-1.4705658e-005
 0.079235837	-1.4457702e-005
 0.079333499	-1.4282226e-005
 0.079434201	-1.512909e-005
 0.079530336	-1.4533996e-005
 0.079627991	-1.4152527e-005
 0.079725645	-1.4713288e-005
 0.079826355	-1.4472961e-005
  0.07991638	-1.3790131e-005
  0.08001709	-1.3748169e-005
 0.080114745	-1.4232635e-005
 0.080213927	-1.4289856e-005
 0.080307007	-1.4068603e-005
 0.080409244	-1.4781952e-005
 0.080503844	-1.4560699e-005
 0.080604553	-1.4450074e-005
 0.080703735	-1.4484405e-005
 0.080798343	-1.4850616e-005
 0.080892943	-1.3851166e-005
 0.080993652	-1.3965607e-005
  0.08108978	-1.4469147e-005
 0.081185915	-1.4583587e-005
 0.081285097	-1.4324189e-005
 0.081385806	-1.5224457e-005
 0.081481934	-1.4457702e-005
 0.081582643	-1.4385223e-005
 0.081680298	-1.4408111e-005
 0.081777953	-1.4949798e-005
 0.081869505	-1.3988495e-005
 0.081968687	-1.4110565e-005
  0.08206787	-1.4167786e-005
 0.082165524	-1.4190674e-005
 0.082263187	-1.3912201e-005
 0.082362369	-1.4801026e-005
 0.082458496	-1.4636993e-005
 0.082553104	-1.4884949e-005
  0.08265686	-1.4461517e-005
 0.082752988	-1.5079499e-005
 0.082846068	-1.3961792e-005
 0.082946777	-1.4453888e-005
 0.083041385	-1.4522552e-005
 0.083142087	-1.4762878e-005
 0.083236694	-1.43013e-005
 0.083340451	-1.5331269e-005
 0.083433531	-1.4705658e-005
 0.083535768	-1.4579773e-005
 0.083630368	-1.4549255e-005
 0.083734132	-1.4850616e-005
  0.08382263	-1.3671875e-005
 0.083920285	-1.4015198e-005
 0.084019467	-1.4320373e-005
 0.084118649	-1.4362336e-005
 0.084213257	-1.3877869e-005
 0.084313966	-1.479721e-005
 0.084413148	-1.4629364e-005
 0.084509276	-1.4293671e-005
 0.084606931	-1.4629364e-005
 0.084704593	-1.4896393e-005
 0.084799193	-1.3748169e-005
 0.084899902	-1.410675e-005
  0.08499451	-1.4713288e-005
 0.085092165	-1.4514923e-005
 0.085191347	-1.4007568e-005
 0.085295103	-1.5125274e-005
 0.085388184	-1.5018463e-005
 0.085482791	-1.4884949e-005
 0.085581973	-1.4827729e-005
 0.085678101	-1.5064239e-005
 0.085775755	-1.4083862e-005
 0.085870363	-1.4099121e-005
 0.085968018	-1.4152527e-005
 0.086070254	-1.4213562e-005
 0.086163327	-1.4003754e-005
 0.086267091	-1.468277e-005
 0.086361691	-1.4629364e-005
 0.086459354	-1.4900207e-005
 0.086557008	-1.4926911e-005
 0.086654663	-1.518631e-005
 0.086749271	-1.404953e-005
 0.086848453	-1.4720917e-005
  0.08694458	-1.5182495e-005
  0.08704529	-1.5026092e-005
  0.08713989	-1.4381409e-005
 0.087243654	-1.5697478e-005
 0.087341309	-1.5144348e-005
 0.087438963	-1.4854431e-005
 0.087533571	-1.4835357e-005
 0.087632753	-1.5342712e-005
 0.087725833	-1.4286041e-005
 0.087823488	-1.4076233e-005
 0.087924197	-1.4213562e-005
 0.088018797	-1.435852e-005
 0.088116452	-1.386261e-005
 0.088217162	-1.4606476e-005
 0.088314816	-1.4305115e-005
 0.088412479	-1.4190674e-005
 0.088510133	-1.4022828e-005
 0.088607788	-1.4842987e-005
 0.088700868	-1.3748169e-005
  0.08880005	-1.4324189e-005
  0.08890076	-1.4396667e-005
 0.088998415	-1.4591217e-005
 0.089091495	-1.3904571e-005
 0.089195251	-1.5041352e-005
 0.089288332	-1.4503479e-005
 0.089389041	-1.4160156e-005
 0.089483641	-1.4602661e-005
 0.089584351	-1.4579773e-005
 0.089678958	-1.3401032e-005
 0.089776613	-1.3744354e-005
 0.089875795	-1.4244079e-005
 0.089971922	-1.4209747e-005
 0.090069577	-1.4492035e-005
 0.090167239	-1.4205933e-005
 0.090267941	-1.4209747e-005
 0.090361021	-1.4072418e-005
 0.090457156	-1.3931274e-005
 0.090557858	-1.4072418e-005
 0.090653993	-1.3938904e-005
 0.090750121	-1.4381409e-005
 0.090853885	-1.4511108e-005
  0.09095154	-1.4991761e-005
  0.09104614	-1.4713288e-005
 0.091143802	-1.4923095e-005
 0.091241457	-1.4823913e-005
 0.091336057	-1.4499665e-005
 0.091435239	-1.4854431e-005
 0.091534421	-1.4846802e-005
 0.091629028	-1.461029e-005
  0.09172821	-1.5037536e-005
 0.091827393	-1.480484e-005
 0.091925047	-1.4339447e-005
 0.092024229	-1.435852e-005
 0.092123412	-1.4507294e-005
 0.092218019	-1.43013e-005
 0.092314146	-1.3916016e-005
 0.092413329	-1.4213562e-005
 0.092510983	-1.4244079e-005
 0.092607118	-1.4011383e-005
 0.092703246	-1.43013e-005
 0.092803955	-1.5068054e-005
 0.092903137	-1.4640808e-005
 0.092997745	-1.462555e-005
 0.093096927	-1.435852e-005
 0.093193054	-1.4785766e-005
 0.093289182	-1.418686e-005
 0.093389891	-1.4640808e-005
 0.093486026	-1.4774322e-005
 0.093585208	-1.4606476e-005
 0.093681335	-1.4408111e-005
 0.093782045	-1.4965058e-005
 0.093876645	-1.4598846e-005
 0.093977354	-1.4957428e-005
 0.094070435	-1.4450074e-005
 0.094169617	-1.4400483e-005
 0.094267271	-1.3923645e-005
 0.094364926	-1.4141083e-005
 0.094462588	-1.3999939e-005
 0.094558716	-1.404953e-005
 0.094654843	-1.4343262e-005
 0.094754025	-1.4766693e-005
 0.094853207	-1.4270782e-005
  0.09495239	-1.4533996e-005
 0.095048524	-1.4720917e-005
 0.095146179	-1.4572143e-005
 0.095242307	-1.4034271e-005
 0.095343016	-1.4572143e-005
 0.095437624	-1.4259338e-005
 0.095535278	-1.4450074e-005
 0.095632933	-1.4659881e-005
 0.095730588	-1.4896393e-005
 0.095831297	-1.4560699e-005
 0.095925905	-1.486969e-005
  0.09602356	-1.4984131e-005
 0.096127316	-1.4316559e-005
 0.096215822	-1.4144897e-005
 0.096316531	-1.4289856e-005
 0.096412659	-1.4110565e-005
 0.096511841	-1.4232635e-005
 0.096606448	-1.4564514e-005
  0.09670715	-1.5254975e-005
 0.096804813	-1.4759064e-005
 0.096902467	-1.4705658e-005
 0.097001649	-1.4770508e-005
 0.097099304	-1.4652253e-005
 0.097192384	-1.4297485e-005
 0.097291566	-1.4698028e-005
 0.097387694	-1.480484e-005
 0.097486876	-1.4442444e-005
 0.097583011	-1.4446258e-005
 0.097680666	-1.4930725e-005
 0.097781375	-1.4751435e-005
 0.097877502	-1.4587402e-005
 0.097976685	-1.4728546e-005
 0.098074339	-1.4396667e-005
 0.098170474	-1.4163971e-005
 0.098266602	-1.4896393e-005
 0.098364256	-1.4499665e-005
 0.098460391	-1.4141083e-005
 0.098559573	-1.4461517e-005
 0.098660275	-1.4881134e-005
 0.098754883	-1.4686584e-005
 0.098855592	-1.4537812e-005
 0.098953247	-1.4579773e-005
 0.099050902	-1.4564514e-005
 0.099142455	-1.4297485e-005
 0.099243164	-1.4816284e-005
 0.099340819	-1.4972687e-005
 0.099436954	-1.4522552e-005
 0.099533081	-1.4331818e-005
 0.099633791	-1.4747619e-005
 0.099732973	-1.4308929e-005
   0.0998291	-1.4057159e-005
 0.099926755	-1.4633179e-005
 0.099996947	-1.4907837e-005
 0.099996947	-1.4060975e-005
 0.099996947	-1.4308929e-005
