-0.099554442	-1.4640808e-005
-0.099456787	-1.4762878e-005
 -0.09936218	-1.4282226e-005
-0.099261478	-1.4183044e-005
-0.099163815	-1.4144897e-005
-0.099069215	-1.4183044e-005
-0.098971561	-1.4110565e-005
-0.098870851	-1.4579773e-005
-0.098773196	-1.4480591e-005
-0.098677061	-1.4381409e-005
-0.098579407	-1.4793396e-005
-0.098480225	-1.4671326e-005
-0.098384097	-1.4408111e-005
-0.098287962	-1.4251709e-005
-0.098187253	-1.4434814e-005
-0.098089598	-1.41716e-005
-0.097993471	-1.4064789e-005
-0.097897336	-1.4492035e-005
-0.097799681	-1.4152527e-005
-0.097705081	-1.4480591e-005
-0.097601317	-1.4507294e-005
-0.097503662	-1.4694214e-005
-0.097409055	-1.4137268e-005
-0.097309873	-1.4217377e-005
-0.097213745	-1.4572143e-005
-0.097117618	-1.4331818e-005
-0.097019956	-1.3923645e-005
-0.096920773	-1.4591217e-005
-0.096821591	-1.4713288e-005
-0.096726991	-1.4228821e-005
-0.096627809	-1.417923e-005
-0.096528627	-1.4621734e-005
-0.096430972	-1.4072418e-005
 -0.09633331	-1.4404297e-005
-0.096234128	-1.4732361e-005
-0.096141055	-1.3870239e-005
-0.096041873	-1.4488221e-005
-0.095944211	-1.4656067e-005
-0.095846556	-1.4598846e-005
-0.095751956	-1.4282226e-005
-0.095645145	-1.518631e-005
-0.095553592	-1.4522552e-005
 -0.09545593	-1.4450074e-005
-0.095359802	-1.4450074e-005
 -0.09526062	-1.4930725e-005
-0.095169067	-1.3584137e-005
-0.095066831	-1.4244079e-005
-0.094970703	-1.4732361e-005
-0.094873048	-1.4518738e-005
-0.094775394	-1.399231e-005
-0.094671629	-1.5262603e-005
-0.094572447	-1.4465332e-005
-0.094480895	-1.4438629e-005
-0.094384767	-1.4350891e-005
 -0.09428253	-1.4648437e-005
-0.094190978	-1.3954163e-005
-0.094091795	-1.4331818e-005
-0.093994141	-1.4583587e-005
-0.093894958	-1.4579773e-005
-0.093801878	-1.4202118e-005
-0.093695067	-1.5029907e-005
-0.093600467	-1.4461517e-005
-0.093502805	-1.4297485e-005
-0.093408205	-1.4316559e-005
 -0.09330444	-1.4827729e-005
-0.093215942	-1.3595581e-005
-0.093115233	-1.4125824e-005
-0.093017578	-1.4533996e-005
-0.092916869	-1.4404297e-005
-0.092822269	-1.4080048e-005
-0.092718504	-1.5224457e-005
-0.092623904	-1.4636993e-005
 -0.09252777	-1.4503479e-005
-0.092430115	-1.4419556e-005
-0.092330933	-1.4949798e-005
 -0.09223938	-1.3652801e-005
 -0.09213867	-1.4408111e-005
-0.092041016	-1.4602661e-005
-0.091943361	-1.4286041e-005
-0.091845706	-1.4003754e-005
-0.091741942	-1.5289306e-005
-0.091645814	-1.4560699e-005
-0.091552734	-1.4305115e-005
-0.091456607	-1.4495849e-005
 -0.09135437	-1.4865876e-005
-0.091265872	-1.3782501e-005
-0.091163635	-1.4297485e-005
 -0.09106598	-1.4400483e-005
-0.090965271	-1.4457702e-005
-0.090873718	-1.4007568e-005
-0.090766907	-1.493454e-005
-0.090672299	-1.4598846e-005
-0.090574645	-1.4438629e-005
-0.090478517	-1.4331818e-005
-0.090377808	-1.4728546e-005
 -0.09028931	-1.3618469e-005
-0.090185545	-1.4278412e-005
-0.090087891	-1.4373779e-005
-0.089990236	-1.4389038e-005
-0.089892581	-1.4152527e-005
-0.089788817	-1.5174865e-005
-0.089694217	-1.4431e-005
-0.089598082	-1.436615e-005
-0.089501955	-1.4347076e-005
-0.089402772	-1.4850616e-005
-0.089312747	-1.3694763e-005
-0.089205936	-1.4396667e-005
-0.089112855	-1.4369964e-005
-0.089015201	-1.442337e-005
-0.088922121	-1.4263153e-005
-0.088816836	-1.5388488e-005
-0.088722229	-1.4648437e-005
-0.088623047	-1.4690399e-005
-0.088528439	-1.4076233e-005
-0.088427737	-1.4850616e-005
-0.088334657	-1.4019012e-005
-0.088235475	-1.4484405e-005
 -0.08813782	-1.4686584e-005
-0.088040158	-1.4698028e-005
-0.087942503	-1.4041901e-005
-0.087838747	-1.4923095e-005
-0.087744139	-1.4411927e-005
-0.087649539	-1.4133453e-005
-0.087551877	-1.4312744e-005
-0.087451175	-1.4575959e-005
-0.087359622	-1.3710022e-005
-0.087258913	-1.4492035e-005
-0.087161258	-1.4560699e-005
-0.087062076	-1.4442444e-005
-0.086965941	-1.4118194e-005
-0.086863711	-1.5182495e-005
-0.086767577	-1.4518738e-005
-0.086672977	-1.4293671e-005
-0.086573794	-1.4003754e-005
-0.086474612	-1.4938354e-005
 -0.08638306	-1.4072418e-005
 -0.08628235	-1.4621734e-005
-0.086184695	-1.5045166e-005
-0.086090088	-1.4495849e-005
-0.085990906	-1.4411927e-005
-0.085888669	-1.4434814e-005
-0.085794069	-1.4446258e-005
-0.085696414	-1.4053345e-005
-0.085595705	-1.4411927e-005
 -0.08549805	-1.4560699e-005
 -0.08540497	-1.4385223e-005
-0.085307315	-1.4480591e-005
-0.085209653	-1.4442444e-005
-0.085111998	-1.4495849e-005
-0.085015871	-1.4747619e-005
-0.084915161	-1.4873504e-005
-0.084819034	-1.4308929e-005
-0.084719852	-1.4217377e-005
-0.084623717	-1.4415741e-005
-0.084524535	-1.436615e-005
-0.084429935	-1.4133453e-005
-0.084332272	-1.4373779e-005
-0.084237672	-1.4488221e-005
-0.084133908	-1.4537812e-005
-0.084042355	-1.4431e-005
-0.083940126	-1.4701844e-005
-0.083843991	-1.4118194e-005
-0.083746336	-1.4549255e-005
-0.083648682	-1.4377594e-005
-0.083547972	-1.4316559e-005
-0.083453372	-1.3767242e-005
 -0.08335571	-1.4328003e-005
-0.083255008	-1.4202118e-005
-0.083157346	-1.4266968e-005
-0.083062746	-1.4122009e-005
-0.082962036	-1.461029e-005
-0.082864381	-1.4438629e-005
-0.082771301	-1.4339447e-005
-0.082669064	-1.4434814e-005
-0.082574464	-1.4377594e-005
-0.082475282	-1.4167786e-005
  -0.0823761	-1.4492035e-005
-0.082281493	-1.4495849e-005
-0.082183838	-1.4339447e-005
-0.082086183	-1.4125824e-005
-0.081988528	-1.4465332e-005
-0.081890866	-1.4511108e-005
-0.081793211	-1.4205933e-005
-0.081692502	-1.4453888e-005
-0.081596375	-1.4606476e-005
-0.081501767	-1.4213562e-005
-0.081404112	-1.4450074e-005
 -0.08130493	-1.4587402e-005
-0.081207275	-1.4545441e-005
-0.081112668	-1.4141083e-005
-0.081011966	-1.467514e-005
-0.080914304	-1.4328003e-005
-0.080815122	-1.4236451e-005
-0.080720522	-1.4324189e-005
-0.080619812	-1.4724731e-005
-0.080525205	-1.4122009e-005
 -0.08042755	-1.4511108e-005
-0.080328368	-1.4648437e-005
-0.080233768	-1.4335632e-005
-0.080136105	-1.4167786e-005
-0.080035403	-1.4595032e-005
-0.079937741	-1.4377594e-005
-0.079840086	-1.4091492e-005
-0.079742432	-1.4183044e-005
-0.079641722	-1.4579773e-005
-0.079553224	-1.4133453e-005
-0.079452515	-1.4526368e-005
-0.079351805	-1.4472961e-005
 -0.07925415	-1.4411927e-005
-0.079159543	-1.4022828e-005
-0.079055786	-1.4770508e-005
-0.078964233	-1.4511108e-005
-0.078865051	-1.4369964e-005
-0.078765869	-1.4537812e-005
-0.078668214	-1.4663697e-005
-0.078576662	-1.4026642e-005
-0.078474425	-1.4457702e-005
-0.078375243	-1.4598846e-005
-0.078280643	-1.4396667e-005
 -0.07818298	-1.4362336e-005
-0.078082278	-1.455307e-005
-0.077990726	-1.3381958e-005
-0.077890016	-1.4217377e-005
-0.077792361	-1.4587402e-005
-0.077694699	-1.4591217e-005
-0.077598572	-1.4080048e-005
-0.077496335	-1.5193939e-005
 -0.07739868	-1.4331818e-005
-0.077301025	-1.4408111e-005
-0.077204898	-1.4209747e-005
-0.077105716	-1.467514e-005
 -0.07701721	-1.3778686e-005
-0.076916501	-1.4484405e-005
-0.076815799	-1.4533996e-005
-0.076718137	-1.4396667e-005
-0.076623537	-1.4072418e-005
-0.076518252	-1.5247345e-005
-0.076422118	-1.4621734e-005
-0.076327518	-1.4354706e-005
-0.076229855	-1.4427185e-005
-0.076129153	-1.4739991e-005
-0.076037601	-1.3568878e-005
-0.075938419	-1.4251709e-005
-0.075840756	-1.4846802e-005
-0.075741574	-1.4350891e-005
-0.075646974	-1.4686584e-005
-0.075544737	-1.5209198e-005
 -0.07544861	-1.4839173e-005
  -0.0753479	-1.4286041e-005
 -0.07525482	-1.4389038e-005
-0.075154111	-1.4907837e-005
-0.075062558	-1.3782501e-005
-0.074960329	-1.4274598e-005
-0.074862674	-1.4469147e-005
-0.074765012	-1.4453888e-005
-0.074670412	-1.4270782e-005
-0.074566647	-1.5296937e-005
-0.074472047	-1.4541626e-005
-0.074375913	-1.4533996e-005
 -0.07427673	-1.4400483e-005
-0.074179076	-1.4717102e-005
-0.074087523	-1.3614655e-005
-0.073986813	-1.4293671e-005
-0.073889159	-1.4690399e-005
-0.073789977	-1.4507294e-005
-0.073696896	-1.4335632e-005
 -0.07359314	-1.5029907e-005
-0.073498532	-1.4476776e-005
-0.073400877	-1.4259338e-005
-0.073301695	-1.4499665e-005
-0.073205568	-1.4598846e-005
-0.073112488	-1.366806e-005
-0.073010251	-1.4297485e-005
-0.072912596	-1.4606476e-005
-0.072814941	-1.4476776e-005
-0.072721861	-1.4240265e-005
-0.072616577	-1.5281677e-005
 -0.07252045	-1.4511108e-005
-0.072424315	-1.4511108e-005
 -0.07232666	-1.455307e-005
-0.072225951	-1.4881134e-005
-0.072132871	-1.3656616e-005
-0.072036743	-1.4175415e-005
-0.071936034	-1.4499665e-005
-0.071835324	-1.4392853e-005
-0.071743771	-1.4133453e-005
-0.071641542	-1.524353e-005
-0.071548462	-1.461029e-005
-0.071446225	-1.4278412e-005
-0.071350098	-1.4232635e-005
-0.071252443	-1.4789582e-005
-0.071159363	-1.3652801e-005
-0.071061708	-1.4175415e-005
-0.070962526	-1.4598846e-005
-0.070863344	-1.4526368e-005
-0.070768736	-1.4087677e-005
 -0.07066498	-1.5338897e-005
-0.070567325	-1.4541626e-005
-0.070474245	-1.435852e-005
 -0.07037659	-1.4266968e-005
 -0.07027588	-1.462555e-005
  -0.0701828	-1.354599e-005
-0.070083618	-1.4263153e-005
-0.069982909	-1.4560699e-005
-0.069886781	-1.4533996e-005
-0.069790646	-1.41716e-005
-0.069688417	-1.5140534e-005
-0.069595337	-1.4476776e-005
-0.069494627	-1.4312744e-005
-0.069396973	-1.411438e-005
-0.069297791	-1.4770508e-005
 -0.06920471	-1.3633728e-005
 -0.06911011	-1.4484405e-005
-0.069009401	-1.4656067e-005
-0.068911746	-1.4541626e-005
-0.068817139	-1.4102936e-005
-0.068710327	-1.5201568e-005
-0.068617247	-1.4335632e-005
 -0.06852112	-1.3980865e-005
-0.068418883	-1.4335632e-005
-0.068322755	-1.4743805e-005
-0.068231203	-1.3584137e-005
-0.068130493	-1.4328003e-005
-0.068032838	-1.4980316e-005
-0.067935184	-1.4701844e-005
-0.067839049	-1.4263153e-005
-0.067733765	-1.5193939e-005
-0.067642212	-1.4694214e-005
-0.067544557	-1.4389038e-005
-0.067445375	-1.4514923e-005
-0.067346193	-1.4568329e-005
 -0.06725464	-1.3946533e-005
-0.067153931	-1.4457702e-005
-0.067054749	-1.4720917e-005
-0.066958621	-1.4511108e-005
-0.066864014	-1.4469147e-005
-0.066760257	-1.5354157e-005
-0.066664122	-1.4503479e-005
-0.066567995	-1.4194488e-005
 -0.06647186	-1.4099121e-005
-0.066371158	-1.4511108e-005
-0.066278078	-1.3729095e-005
-0.066178896	-1.4713288e-005
-0.066079713	-1.461029e-005
-0.065983579	-1.4671326e-005
-0.065887451	-1.4408111e-005
-0.065786742	-1.5312195e-005
-0.065689087	-1.4629364e-005
-0.065591432	-1.4381409e-005
-0.065493777	-1.4469147e-005
-0.065396115	-1.4884949e-005
-0.065303043	-1.3679504e-005
-0.065202333	-1.4385223e-005
-0.065103151	-1.4896393e-005
-0.065007016	-1.4560699e-005
-0.064910889	-1.4377594e-005
-0.064807132	-1.4953614e-005
-0.064712524	-1.4255524e-005
-0.064613342	-1.411438e-005
-0.064520262	-1.4259338e-005
-0.064416505	-1.4385223e-005
-0.064324953	-1.3587952e-005
-0.064227298	-1.4091492e-005
-0.064126588	-1.4331818e-005
-0.064028934	-1.4389038e-005
-0.063937381	-1.4076233e-005
-0.063833617	-1.5178681e-005
-0.063739017	-1.4518738e-005
-0.063641354	-1.4320373e-005
-0.063540652	-1.4232635e-005
 -0.06344299	-1.4457702e-005
-0.063349918	-1.348114e-005
-0.063252255	-1.4228821e-005
-0.063153073	-1.4556885e-005
-0.063055418	-1.4442444e-005
-0.062960818	-1.4110565e-005
-0.062857054	-1.5079499e-005
-0.062759399	-1.4202118e-005
-0.062663272	-1.4217377e-005
-0.062567137	-1.4244079e-005
-0.062466431	-1.4648437e-005
-0.062373351	-1.3530731e-005
-0.062274169	-1.4259338e-005
-0.062176514	-1.4465332e-005
-0.062078856	-1.4411927e-005
-0.061981201	-1.4053345e-005
-0.061883546	-1.4987945e-005
-0.061785888	-1.4469147e-005
-0.061688233	-1.4347076e-005
-0.061590575	-1.41716e-005
 -0.06149292	-1.4541626e-005
-0.061398316	-1.3641357e-005
-0.061299134	-1.4236451e-005
-0.061203003	-1.4728546e-005
-0.061103821	-1.4461517e-005
 -0.06100769	-1.4122009e-005
-0.060902406	-1.4942169e-005
-0.060810853	-1.4324189e-005
-0.060713194	-1.4118194e-005
-0.060617067	-1.4316559e-005
 -0.06051483	-1.4636993e-005
-0.060421754	-1.3492584e-005
-0.060325623	-1.4434814e-005
 -0.06022644	-1.4739991e-005
-0.060127258	-1.4492035e-005
-0.060031127	-1.4385223e-005
-0.059930421	-1.5178681e-005
-0.059835814	-1.4633179e-005
-0.059735108	-1.4289856e-005
-0.059640504	-1.4148713e-005
-0.059539795	-1.4644623e-005
-0.059451293	-1.3599396e-005
-0.059346009	-1.4305115e-005
-0.059249878	-1.4476776e-005
-0.059150696	-1.4633179e-005
-0.059054565	-1.4259338e-005
-0.058950804	-1.5316009e-005
-0.058857728	-1.4465332e-005
-0.058758546	-1.436615e-005
-0.058660887	-1.436615e-005
 -0.05856476	-1.4785766e-005
 -0.05847168	-1.374054e-005
 -0.05837097	-1.4297485e-005
-0.058273315	-1.4518738e-005
-0.058172606	-1.4648437e-005
-0.058074951	-1.4438629e-005
-0.057975769	-1.5190125e-005
-0.057882689	-1.4408111e-005
-0.057785034	-1.461029e-005
-0.057688903	-1.4289856e-005
-0.057588197	-1.4533996e-005
-0.057496645	-1.3916016e-005
-0.057392884	-1.4320373e-005
-0.057299804	-1.4652253e-005
-0.057199098	-1.468277e-005
-0.057106018	-1.442337e-005
-0.057000734	-1.5541076e-005
-0.056906126	-1.4591217e-005
-0.056808472	-1.4194488e-005
-0.056712341	-1.4251709e-005
-0.056610107	-1.4709472e-005
-0.056518555	-1.3813019e-005
-0.056419373	-1.4278412e-005
-0.056323241	-1.4896393e-005
-0.056225587	-1.4778137e-005
-0.056127928	-1.4347076e-005
-0.056025695	-1.5457153e-005
-0.055929564	-1.4629364e-005
-0.055830382	-1.4442444e-005
-0.055734254	-1.4152527e-005
-0.055636596	-1.467514e-005
-0.055545043	-1.3595581e-005
-0.055441283	-1.4064789e-005
-0.055346679	-1.4690399e-005
-0.055245973	-1.4541626e-005
-0.055152893	-1.4560699e-005
 -0.05505066	-1.5098572e-005
-0.054953001	-1.4469147e-005
-0.054855347	-1.4129639e-005
-0.054759216	-1.4251709e-005
 -0.05465851	-1.4369964e-005
 -0.05456543	-1.3484955e-005
-0.054469299	-1.4045715e-005
-0.054373167	-1.4469147e-005
-0.054270934	-1.4247894e-005
 -0.05417328	-1.4202118e-005
-0.054075621	-1.4331818e-005
-0.053976439	-1.461029e-005
-0.053884886	-1.4095306e-005
 -0.05378418	-1.4434814e-005
-0.053686522	-1.4484405e-005
-0.053591918	-1.4392853e-005
-0.053491212	-1.3782501e-005
-0.053390503	-1.4556885e-005
-0.053294372	-1.3877869e-005
-0.053198241	-1.4221191e-005
-0.053100586	-1.4183044e-005
-0.052999876	-1.4884949e-005
-0.052908324	-1.4160156e-005
-0.052807618	-1.4427185e-005
-0.052708436	-1.4377594e-005
-0.052612305	-1.4331818e-005
-0.052516174	-1.3648987e-005
-0.052412413	-1.4427185e-005
-0.052317809	-1.3931274e-005
-0.052221678	-1.4141083e-005
-0.052124023	-1.4045715e-005
-0.052024841	-1.4328003e-005
-0.051931761	-1.3595581e-005
-0.051831055	-1.3977051e-005
-0.051734924	-1.4156341e-005
-0.051638793	-1.410675e-005
-0.051539611	-1.3626099e-005
-0.051437378	-1.4762878e-005
-0.051342774	-1.3977051e-005
-0.051245116	-1.3961792e-005
-0.051147461	-1.3950348e-005
-0.051046751	-1.5068054e-005
-0.050953675	-1.3885498e-005
-0.050857544	-1.4266968e-005
-0.050759889	-1.4377594e-005
-0.050662231	-1.4339447e-005
-0.050564576	-1.4030456e-005
-0.050462343	-1.4839173e-005
-0.050366212	-1.4278412e-005
-0.050268553	-1.4293671e-005
-0.050172426	-1.4381409e-005
-0.050073244	-1.4820099e-005
-0.049977113	-1.3961792e-005
-0.049880981	-1.4480591e-005
-0.049783327	-1.4389038e-005
-0.049685668	-1.4228821e-005
-0.049589537	-1.3755798e-005
-0.049488831	-1.4980316e-005
  -0.0493927	-1.4507294e-005
-0.049295045	-1.4244079e-005
-0.049197387	-1.4476776e-005
-0.049096681	-1.4755249e-005
-0.049003601	-1.3744354e-005
-0.048905946	-1.4343262e-005
-0.048808288	-1.4308929e-005
-0.048709106	-1.4225006e-005
-0.048612975	-1.3793945e-005
-0.048513792	-1.4686584e-005
-0.048416138	-1.4278412e-005
-0.048318483	-1.4129639e-005
-0.048220824	-1.4347076e-005
-0.048120119	-1.4816284e-005
-0.048027039	-1.4095306e-005
-0.047929384	-1.4369964e-005
-0.047830202	-1.4636993e-005
-0.047732543	-1.4354706e-005
-0.047637939	-1.4095306e-005
-0.047532655	-1.461029e-005
-0.047438048	-1.4266968e-005
 -0.04734192	-1.4331818e-005
-0.047244262	-1.4465332e-005
 -0.04714508	-1.4541626e-005
-0.047048949	-1.3843536e-005
-0.046951294	-1.4221191e-005
-0.046853639	-1.4377594e-005
-0.046757508	-1.4476776e-005
-0.046662904	-1.41716e-005
-0.046557616	-1.4705658e-005
-0.046466064	-1.4427185e-005
-0.046366882	-1.404953e-005
-0.046267699	-1.435852e-005
-0.046168517	-1.5064239e-005
-0.046076965	-1.4144897e-005
-0.045977782	-1.4499665e-005
-0.045877077	-1.4678955e-005
-0.045782469	-1.4076233e-005
-0.045686342	-1.3835907e-005
-0.045584105	-1.4915467e-005
 -0.04548645	-1.435852e-005
-0.045390319	-1.4377594e-005
-0.045291137	-1.4518738e-005
-0.045193482	-1.4709472e-005
-0.045098878	-1.3767242e-005
-0.044999696	-1.4244079e-005
-0.044903565	-1.4541626e-005
-0.044807434	-1.4080048e-005
-0.044711303	-1.3858795e-005
-0.044607542	-1.5151977e-005
-0.044512939	-1.4633179e-005
-0.044412233	-1.4335632e-005
-0.044316102	-1.467514e-005
 -0.04421692	-1.5022278e-005
-0.044125367	-1.3877869e-005
-0.044024657	-1.435852e-005
-0.043925475	-1.4362336e-005
-0.043830872	-1.4263153e-005
-0.043733217	-1.3748169e-005
 -0.04363098	-1.4537812e-005
-0.043533325	-1.410675e-005
-0.043438721	-1.4316559e-005
-0.043341063	-1.4286041e-005
-0.043240357	-1.4709472e-005
-0.043148804	-1.3721466e-005
-0.043048095	-1.4221191e-005
 -0.04295044	-1.4297485e-005
-0.042852782	-1.4480591e-005
-0.042755127	-1.3874054e-005
-0.042654417	-1.4938354e-005
 -0.04255829	-1.4575959e-005
-0.042462159	-1.4297485e-005
-0.042366028	-1.4522552e-005
-0.042265318	-1.4583587e-005
-0.042172242	-1.3767242e-005
-0.042071532	-1.43013e-005
-0.041976929	-1.455307e-005
-0.041879274	-1.4118194e-005
-0.041781615	-1.3977051e-005
-0.041679382	-1.4732361e-005
  -0.0415802	-1.4495849e-005
-0.041485596	-1.4198303e-005
-0.041387938	-1.4244079e-005
-0.041288756	-1.4793396e-005
-0.041197203	-1.3622284e-005
-0.041098021	-1.4404297e-005
-0.040998839	-1.4526368e-005
-0.040902711	-1.4404297e-005
 -0.04080658	-1.3847352e-005
 -0.04070282	-1.487732e-005
-0.040608216	-1.4240265e-005
-0.040512085	-1.4221191e-005
-0.040411375	-1.462555e-005
-0.040312193	-1.4938354e-005
-0.040219117	-1.386261e-005
-0.040121458	-1.4213562e-005
-0.040020753	-1.435852e-005
-0.039924622	-1.4217377e-005
-0.039830018	-1.3748169e-005
-0.039727785	-1.4720917e-005
-0.039631654	-1.4030456e-005
-0.039532471	-1.4156341e-005
-0.039437868	-1.4411927e-005
-0.039337158	-1.4774322e-005
-0.039242554	-1.3980865e-005
-0.039144896	-1.4472961e-005
-0.039042663	-1.4236451e-005
-0.038949586	-1.4308929e-005
-0.038854979	-1.3656616e-005
-0.038754273	-1.5193939e-005
-0.038653564	-1.4785766e-005
 -0.03855896	-1.4118194e-005
-0.038459778	-1.4133453e-005
-0.038357545	-1.4812469e-005
-0.038265992	-1.3877869e-005
-0.038171388	-1.4240265e-005
-0.038072206	-1.4415741e-005
-0.037976075	-1.4110565e-005
-0.037875365	-1.374054e-005
 -0.03777466	-1.4568329e-005
-0.037678529	-1.4225006e-005
-0.037579346	-1.4156341e-005
-0.037484743	-1.4419556e-005
-0.037387084	-1.4854431e-005
-0.037290953	-1.4110565e-005
-0.037196349	-1.43013e-005
-0.037094116	-1.4240265e-005
-0.036996461	-1.4148713e-005
-0.036901854	-1.3889313e-005
-0.036798097	-1.5029907e-005
-0.036701966	-1.4221191e-005
-0.036605835	-1.4648437e-005
 -0.03650818	-1.4614106e-005
-0.036410522	-1.4965058e-005
-0.036315918	-1.3725281e-005
-0.036218263	-1.4324189e-005
-0.036117554	-1.4469147e-005
-0.036021423	-1.4419556e-005
-0.035928346	-1.3839722e-005
-0.035823058	-1.4751435e-005
-0.035726927	-1.4385223e-005
-0.035629272	-1.4472961e-005
-0.035533141	-1.442337e-005
-0.035433959	-1.4808655e-005
-0.035339355	-1.3904571e-005
-0.035244752	-1.4457702e-005
-0.035144042	-1.4461517e-005
-0.035046387	-1.4289856e-005
-0.034948729	-1.3916016e-005
-0.034844972	-1.4930725e-005
-0.034750365	-1.4297485e-005
 -0.03465271	-1.4480591e-005
-0.034558106	-1.4354706e-005
-0.034457397	-1.4705658e-005
 -0.03436432	-1.3767242e-005
-0.034265138	-1.4217377e-005
-0.034164429	-1.4354706e-005
-0.034069825	-1.4308929e-005
-0.033975221	-1.3946533e-005
 -0.03386841	-1.4820099e-005
-0.033773802	-1.4392853e-005
-0.033679198	-1.4221191e-005
-0.033581544	-1.4389038e-005
-0.033480834	-1.4881134e-005
-0.033390809	-1.3778686e-005
-0.033290099	-1.4354706e-005
-0.033187866	-1.4419556e-005
-0.033091735	-1.4434814e-005
-0.032998659	-1.4095306e-005
-0.032894898	-1.5010834e-005
-0.032798767	-1.4488221e-005
-0.032702636	-1.4503479e-005
-0.032604981	-1.4526368e-005
-0.032507323	-1.4732361e-005
-0.032412719	-1.41716e-005
-0.032312013	-1.4614106e-005
-0.032217406	-1.4495849e-005
-0.032119751	-1.4286041e-005
 -0.03202362	-1.3900757e-005
-0.031918336	-1.4739991e-005
-0.031825256	-1.4236451e-005
-0.031730652	-1.4289856e-005
-0.031626891	-1.4431e-005
 -0.03153076	-1.4911651e-005
-0.031439207	-1.3942718e-005
-0.031335451	-1.4320373e-005
 -0.03123932	-1.4492035e-005
-0.031143188	-1.4324189e-005
-0.031045532	-1.3805389e-005
-0.030941773	-1.5014649e-005
-0.030844117	-1.4331818e-005
-0.030752564	-1.4232635e-005
-0.030650329	-1.4167786e-005
-0.030551147	-1.4636993e-005
-0.030459594	-1.3587952e-005
-0.030361939	-1.4255524e-005
-0.030264283	-1.4373779e-005
-0.030166626	-1.4213562e-005
-0.030068969	-1.386261e-005
-0.029968262	-1.4141083e-005
-0.029872131	-1.3763428e-005
-0.029776001	-1.4129639e-005
-0.029676819	-1.4686584e-005
-0.029576112	-1.4198303e-005
-0.029483031	-1.4286041e-005
-0.029385377	-1.4888764e-005
-0.029286195	-1.4373779e-005
-0.029187012	-1.4263153e-005
-0.029093932	-1.4072418e-005
-0.028993225	-1.4312744e-005
-0.028894043	-1.4099121e-005
 -0.02880249	-1.4072418e-005
-0.028701782	-1.4461517e-005
  -0.0286026	-1.4450074e-005
-0.028506469	-1.4205933e-005
-0.028408814	-1.4736175e-005
-0.028308105	-1.4270782e-005
-0.028213501	-1.4225006e-005
-0.028114319	-1.4129639e-005
-0.028012086	-1.4362336e-005
-0.027920533	-1.3763428e-005
-0.027822876	-1.4263153e-005
 -0.02772522	-1.4556885e-005
-0.027627563	-1.4308929e-005
-0.027529906	-1.4141083e-005
-0.027430724	-1.4713288e-005
-0.027334595	-1.4587402e-005
-0.027235413	-1.4511108e-005
-0.027139282	-1.4247894e-005
-0.027038574	-1.4373779e-005
-0.026945496	-1.3900757e-005
-0.026844788	-1.4091492e-005
-0.026751708	-1.4724731e-005
-0.026654053	-1.4762878e-005
-0.026554871	-1.4213562e-005
-0.026455689	-1.4705658e-005
-0.026356507	-1.4266968e-005
-0.026261901	-1.4167786e-005
-0.026162719	-1.4373779e-005
-0.026065063	-1.4587402e-005
-0.025965881	-1.3916016e-005
-0.025872802	-1.4041901e-005
-0.025772095	-1.4690399e-005
-0.025674438	-1.4575959e-005
-0.025579834	-1.4274598e-005
-0.025482178	-1.4968872e-005
-0.025379945	-1.462555e-005
-0.025286864	-1.4438629e-005
-0.025187682	-1.417923e-005
-0.025086975	-1.4705658e-005
-0.024990845	-1.4183044e-005
 -0.02489624	-1.4122009e-005
-0.024797058	-1.4636993e-005
-0.024699401	-1.4484405e-005
-0.024601746	-1.4347076e-005
 -0.02450409	-1.4717102e-005
-0.024404908	-1.4884949e-005
-0.024308776	-1.4308929e-005
-0.024212647	-1.4488221e-005
-0.024113465	-1.4244079e-005
-0.024017334	-1.3824463e-005
-0.023919677	-1.4007568e-005
-0.023820495	-1.455307e-005
-0.023724366	-1.4247894e-005
-0.023626709	-1.4019012e-005
-0.023529053	-1.4572143e-005
-0.023428345	-1.4381409e-005
-0.023333739	-1.398468e-005
-0.023236085	-1.4160156e-005
-0.023135375	-1.4320373e-005
-0.023039246	-1.4022828e-005
-0.022943115	-1.4007568e-005
-0.022845458	-1.4369964e-005
-0.022747803	-1.4461517e-005
-0.022651672	-1.4381409e-005
 -0.02255249	-1.4362336e-005
-0.022454834	-1.4659881e-005
-0.022358704	-1.4247894e-005
-0.022259522	-1.410675e-005
-0.022161866	-1.417923e-005
-0.022065734	-1.3874054e-005
-0.021969605	-1.4522552e-005
-0.021868896	-1.4507294e-005
-0.021771241	-1.4438629e-005
-0.021673584	-1.4362336e-005
-0.021575928	-1.4778137e-005
-0.021479797	-1.461029e-005
-0.021382142	-1.4343262e-005
 -0.02128296	-1.43013e-005
-0.021183778	-1.4518738e-005
-0.021087646	-1.4240265e-005
-0.020993043	-1.3946533e-005
-0.020893861	-1.4514923e-005
-0.020791626	-1.4434814e-005
-0.020697022	-1.3996124e-005
-0.020600891	-1.4499665e-005
-0.020501709	-1.4488221e-005
-0.020405579	-1.4480591e-005
-0.020306397	-1.4247894e-005
-0.020208741	-1.4556885e-005
-0.020111084	-1.393509e-005
 -0.02001648	-1.43013e-005
-0.019918824	-1.4537812e-005
-0.019818116	-1.4526368e-005
-0.019721985	-1.410675e-005
-0.019625854	-1.4881134e-005
-0.019525146	-1.467514e-005
-0.019430542	-1.4278412e-005
-0.019332886	-1.4392853e-005
-0.019235229	-1.461792e-005
-0.019137572	-1.4015198e-005
 -0.01903839	-1.4335632e-005
-0.018942261	-1.4671326e-005
-0.018844604	-1.4587402e-005
-0.018745422	-1.4381409e-005
-0.018649291	-1.4759064e-005
-0.018550109	-1.4465332e-005
 -0.01845398	-1.4225006e-005
-0.018356323	-1.4431e-005
-0.018255616	-1.4602661e-005
-0.018159484	-1.3744354e-005
-0.018066406	-1.4183044e-005
-0.017965699	-1.4549255e-005
-0.017868042	-1.4266968e-005
-0.017773438	-1.4312744e-005
-0.017672729	-1.4636993e-005
-0.017573547	-1.4400483e-005
-0.017474364	-1.436615e-005
-0.017379761	-1.4362336e-005
-0.017279053	-1.435852e-005
-0.017181396	-1.4160156e-005
-0.017088318	-1.4282226e-005
-0.016992187	-1.4270782e-005
-0.016893005	-1.4961242e-005
-0.016793823	-1.4591217e-005
-0.016696166	-1.4389038e-005
-0.016596984	-1.4442444e-005
-0.016500855	-1.4167786e-005
-0.016406249	-1.4175415e-005
-0.016305542	-1.4240265e-005
-0.016207885	-1.4038086e-005
-0.016113281	-1.3923645e-005
-0.016012574	-1.4728546e-005
-0.015914917	-1.462555e-005
-0.015821839	-1.4640808e-005
-0.015719604	-1.4255524e-005
-0.015620423	-1.4770508e-005
-0.015524292	-1.4373779e-005
-0.015428161	-1.4331818e-005
-0.015328979	-1.4175415e-005
-0.015232849	-1.4770508e-005
-0.015138244	-1.4579773e-005
-0.015036011	-1.4572143e-005
-0.014941406	-1.4717102e-005
-0.014845276	-1.4686584e-005
-0.014746094	-1.4472961e-005
-0.014645386	-1.4717102e-005
-0.014550781	-1.4270782e-005
-0.014453125	-1.4228821e-005
-0.014352417	-1.4282226e-005
-0.014256286	-1.4190674e-005
-0.014158631	-1.4530182e-005
  -0.0140625	-1.4892578e-005
-0.013964844	-1.4648437e-005
-0.013868714	-1.4514923e-005
-0.013771057	-1.4568329e-005
-0.013671875	-1.4987945e-005
-0.013572693	-1.461792e-005
-0.013476563	-1.4316559e-005
-0.013378906	-1.4724731e-005
-0.013278198	-1.4511108e-005
-0.013186646	-1.4331818e-005
-0.013084412	-1.4888764e-005
-0.012988281	-1.4415741e-005
-0.012889099	-1.4305115e-005
-0.012794495	-1.4335632e-005
-0.012692261	-1.4602661e-005
-0.012597656	-1.4362336e-005
     -0.0125	-1.4141083e-005
-0.012402344	-1.4472961e-005
-0.012303161	-1.4274598e-005
-0.012207031	-1.4434814e-005
-0.012109375	-1.4373779e-005
-0.012014771	-1.4938354e-005
-0.011914062	-1.461792e-005
-0.011816407	-1.5140534e-005
-0.011715698	-1.4991761e-005
-0.011619568	-1.4560699e-005
 -0.01152649	-1.4427185e-005
-0.011425781	-1.4842987e-005
-0.011331176	-1.4324189e-005
-0.011231994	-1.4202118e-005
-0.011135864	-1.4575959e-005
-0.011035156	-1.4308929e-005
-0.010940552	-1.4183044e-005
-0.010842895	-1.4572143e-005
-0.010740662	-1.4282226e-005
-0.010646057	-1.4076233e-005
-0.010543823	-1.4122009e-005
-0.010449219	-1.4362336e-005
-0.010354614	-1.4125824e-005
-0.010256958	-1.4278412e-005
-0.010157776	-1.4503479e-005
-0.010060119	-1.4167786e-005
-0.0099639893	-1.4205933e-005
-0.0098663326	-1.4793396e-005
-0.0097671505	-1.4842987e-005
-0.0096679684	-1.4339447e-005
-0.0095718382	-1.4141083e-005
-0.009475708	-1.4431e-005
-0.0093780514	-1.4190674e-005
-0.0092773438	-1.4011383e-005
-0.0091827391	-1.4472961e-005
-0.0090835569	-1.4461517e-005
-0.0089874268	-1.4221191e-005
-0.0088897701	-1.4293671e-005
-0.0087921144	-1.4541626e-005
-0.0086944578	-1.4080048e-005
-0.0085968021	-1.4102936e-005
-0.0084991455	-1.4293671e-005
-0.0084014889	-1.392746e-005
-0.0083068851	-1.4614106e-005
-0.0082092285	-1.4785766e-005
-0.0081085209	-1.461792e-005
-0.0080123898	-1.4324189e-005
-0.0079162596	-1.4205933e-005
  -0.0078125	-1.4579773e-005
-0.0077178953	-1.4560699e-005
-0.0076202392	-1.4369964e-005
-0.007524109	-1.4469147e-005
-0.0074249269	-1.4293671e-005
-0.0073287962	-1.4240265e-005
-0.0072296141	-1.4640808e-005
-0.0071350099	-1.436615e-005
-0.0070343018	-1.43013e-005
-0.006942749	-1.4156341e-005
-0.006840515	-1.4507294e-005
-0.0067413328	-1.4068603e-005
-0.0066467286	-1.4312744e-005
-0.0065444945	-1.4198303e-005
-0.0064483644	-1.442337e-005
-0.0063537597	-1.4488221e-005
-0.0062561035	-1.4522552e-005
-0.0061569214	-1.4396667e-005
-0.0060577393	-1.4434814e-005
-0.0059631346	-1.4526368e-005
-0.0058624269	-1.4892578e-005
-0.0057678223	-1.3683319e-005
-0.0056732176	-1.4297485e-005
 -0.00557251	-1.4595032e-005
-0.0054733278	-1.4072418e-005
-0.0053771972	-1.4175415e-005
-0.0052764891	-1.4984131e-005
-0.0051773069	-1.4354706e-005
-0.0050827027	-1.4137268e-005
-0.0049835206	-1.4282226e-005
-0.0048858644	-1.4698028e-005
-0.0047927857	-1.3240814e-005
-0.0046936036	-1.4202118e-005
-0.0045959475	-1.4480591e-005
-0.0044982908	-1.461029e-005
-0.0044006347	-1.4038086e-005
-0.0043014525	-1.4957428e-005
-0.0042022704	-1.4465332e-005
-0.0041076662	-1.4244079e-005
-0.0040100096	-1.4354706e-005
-0.0039108275	-1.4640808e-005
-0.003817749	-1.3641357e-005
-0.0037185668	-1.4110565e-005
-0.0036193847	-1.4347076e-005
-0.0035217286	-1.4320373e-005
-0.0034240722	-1.3694763e-005
-0.0033203126	-1.5014649e-005
-0.0032287599	-1.442337e-005
-0.0031311035	-1.4083862e-005
-0.003036499	-1.4190674e-005
-0.0029327392	-1.4499665e-005
-0.0028427124	-1.3500214e-005
-0.0027404786	-1.4194488e-005
-0.0026428222	-1.4247894e-005
-0.0025451661	-1.4286041e-005
-0.0024490356	-1.4026642e-005
-0.0023468018	-1.4938354e-005
-0.0022521974	-1.4369964e-005
-0.0021560669	-1.4041901e-005
-0.0020584106	-1.4152527e-005
-0.0019592284	-1.4720917e-005
-0.0018630981	-1.354599e-005
-0.0017669678	-1.4373779e-005
-0.0016693115	-1.4293671e-005
-0.0015686036	-1.442337e-005
-0.001473999	-1.3774872e-005
-0.0013702393	-1.5106201e-005
-0.0012756347	-1.436615e-005
-0.0011779785	-1.417923e-005
-0.0010803223	-1.4244079e-005
-0.00097961421	-1.4766693e-005
-0.00088806154	-1.3687134e-005
-0.00079040526	-1.4266968e-005
-0.00069274905	-1.435852e-005
-0.000592041	-1.4247894e-005
-0.0004974365	-1.4076233e-005
-0.00039367675	-1.5064239e-005
-0.00029907227	-1.4415741e-005
-0.00020141601	-1.4308929e-005
-0.00010681152	-1.4381409e-005
-6.1035157e-006	-1.4606476e-005
8.5449217e-005	-1.3687134e-005
0.00018310547	-1.4099121e-005
0.00028381348	-1.4461517e-005
0.00038146973	-1.4328003e-005
0.00047912597	-1.4011383e-005
0.00057983398	-1.5045166e-005
0.00067443849	-1.4240265e-005
0.00077514647	-1.4133453e-005
0.00086975098	-1.4190674e-005
0.00097198487	-1.4438629e-005
0.0010620117	-1.3595581e-005
 0.001159668	-1.4225006e-005
0.0012573242	-1.4156341e-005
0.0013580322	-1.4270782e-005
0.0014526367	-1.4591217e-005
0.0015563965	-1.4987945e-005
0.0016510009	-1.4431e-005
0.0017486572	-1.4217377e-005
0.0018432618	-1.4213562e-005
0.0019470215	-1.4751435e-005
0.0020385743	-1.3893127e-005
0.0021362305	-1.4198303e-005
0.0022323609	-1.4667511e-005
 0.002331543	-1.4328003e-005
0.0024291992	-1.3999939e-005
 0.002532959	-1.4995575e-005
0.0026306151	-1.43013e-005
0.0027252198	-1.41716e-005
 0.002822876	-1.4263153e-005
0.0029220581	-1.4472961e-005
0.0030136108	-1.3698578e-005
0.0031143189	-1.4202118e-005
0.0032119751	-1.4297485e-005
0.0033111572	-1.4503479e-005
0.0034057617	-1.4003754e-005
0.0035095215	-1.5033722e-005
0.0036041259	-1.4568329e-005
0.0036987304	-1.4308929e-005
0.0037994385	-1.4328003e-005
0.0038986206	-1.4759064e-005
0.0039886474	-1.3515472e-005
0.0040878295	-1.4419556e-005
0.0041870116	-1.4385223e-005
0.0042846678	-1.4545441e-005
0.0043807984	-1.3980865e-005
 0.004483032	-1.5171051e-005
0.0045806887	-1.4690399e-005
0.0046752929	-1.4385223e-005
 0.004772949	-1.4575959e-005
0.0048751831	-1.5045166e-005
0.0049652099	-1.3698578e-005
 0.005064392	-1.4434814e-005
0.0051635741	-1.468277e-005
0.0052597048	-1.4549255e-005
 0.005355835	-1.4255524e-005
0.0054626465	-1.5388488e-005
0.0055572512	-1.4690399e-005
0.0056488039	-1.4488221e-005
0.0057495115	-1.4575959e-005
0.0058502196	-1.4938354e-005
0.0059402464	-1.3870239e-005
0.0060424805	-1.4026642e-005
0.0061401366	-1.4244079e-005
0.0062393188	-1.4247894e-005
0.0063339234	-1.3896942e-005
 0.006436157	-1.5029907e-005
0.0065322877	-1.4469147e-005
0.0066284179	-1.4099121e-005
 0.006726074	-1.4087677e-005
0.0068237307	-1.4583587e-005
0.0069152834	-1.399231e-005
 0.007017517	-1.4251709e-005
0.0071166991	-1.4244079e-005
0.0072113038	-1.4144897e-005
  0.00730896	-1.4148713e-005
 0.007411194	-1.524353e-005
0.0075073242	-1.4667511e-005
0.0076049804	-1.4606476e-005
0.0077026365	-1.4442444e-005
0.0078002932	-1.4938354e-005
0.0078918459	-1.3908386e-005
  0.00799408	-1.4461517e-005
0.0080902101	-1.4575959e-005
0.0081878658	-1.4427185e-005
0.0082855225	-1.3938904e-005
0.0083862301	-1.5155792e-005
0.0084808348	-1.4598846e-005
0.0085800169	-1.4480591e-005
 0.008679199	-1.4408111e-005
0.0087783812	-1.4892578e-005
0.0088684084	-1.3755798e-005
0.0089706425	-1.4328003e-005
0.0090682982	-1.4465332e-005
0.0091644283	-1.4530182e-005
0.0092605595	-1.4240265e-005
0.0093612671	-1.5087127e-005
0.0094589237	-1.4770508e-005
0.0095565794	-1.43013e-005
0.0096527096	-1.442337e-005
0.0097503662	-1.4839173e-005
0.0098480228	-1.3832092e-005
0.0099426266	-1.4335632e-005
 0.010043335	-1.4350891e-005
 0.010142517	-1.4461517e-005
 0.010238647	-1.41716e-005
 0.010339355	-1.5041352e-005
 0.010437012	-1.4705658e-005
 0.010531616	-1.4293671e-005
 0.010630799	-1.4431e-005
 0.010733033	-1.4896393e-005
 0.010821533	-1.3835907e-005
 0.010922241	-1.4053345e-005
 0.011018371	-1.4438629e-005
 0.011120605	-1.442337e-005
 0.011213684	-1.4007568e-005
 0.011315918	-1.5247345e-005
 0.011410522	-1.462555e-005
 0.011508179	-1.4564514e-005
 0.011605835	-1.4636993e-005
 0.011703491	-1.4736175e-005
 0.011798096	-1.3725281e-005
 0.011897278	-1.4255524e-005
  0.01199646	-1.4644623e-005
 0.012094116	-1.4465332e-005
 0.012188721	-1.3969421e-005
  0.01229248	-1.5342712e-005
 0.012387085	-1.4595032e-005
 0.012483215	-1.4198303e-005
 0.012583924	-1.4480591e-005
 0.012683106	-1.4907837e-005
 0.012771606	-1.3660431e-005
 0.012872314	-1.4636993e-005
 0.012973023	-1.4533996e-005
 0.013070678	-1.4427185e-005
 0.013165283	-1.4297485e-005
 0.013267517	-1.5140534e-005
 0.013363647	-1.4572143e-005
 0.013459777	-1.4255524e-005
 0.013557434	-1.461029e-005
 0.013656616	-1.4598846e-005
 0.013751221	-1.3954163e-005
 0.013847351	-1.4274598e-005
 0.013946533	-1.4698028e-005
  0.01404419	-1.4209747e-005
 0.014143372	-1.436615e-005
 0.014245605	-1.5239715e-005
  0.01434021	-1.4587402e-005
 0.014434814	-1.4503479e-005
 0.014533997	-1.4347076e-005
 0.014633179	-1.4633179e-005
 0.014726257	-1.3580322e-005
 0.014826966	-1.4537812e-005
 0.014923096	-1.4453888e-005
 0.015020752	-1.4286041e-005
 0.015116883	-1.4221191e-005
 0.015219117	-1.5125274e-005
 0.015315247	-1.4724731e-005
 0.015412902	-1.4354706e-005
 0.015505982	-1.4408111e-005
 0.015609741	-1.4602661e-005
 0.015701294	-1.3847352e-005
 0.015798951	-1.4354706e-005
 0.015901184	-1.461029e-005
 0.015994262	-1.4743805e-005
 0.016094971	-1.4335632e-005
 0.016195679	-1.5018463e-005
 0.016293336	-1.4545441e-005
 0.016387939	-1.436615e-005
 0.016488647	-1.4598846e-005
 0.016583253	-1.4839173e-005
 0.016676331	-1.3957977e-005
 0.016777039	-1.4247894e-005
 0.016876221	-1.455307e-005
 0.016970824	-1.4286041e-005
 0.017068481	-1.4198303e-005
 0.017172242	-1.5159607e-005
 0.017266845	-1.4392853e-005
 0.017364502	-1.4389038e-005
 0.017462159	-1.4099121e-005
 0.017558288	-1.5033722e-005
 0.017655944	-1.3736725e-005
 0.017752076	-1.435852e-005
 0.017852783	-1.4686584e-005
  0.01795044	-1.4442444e-005
 0.018045044	-1.4217377e-005
 0.018148804	-1.5220642e-005
 0.018241882	-1.4720917e-005
 0.018341064	-1.3946533e-005
 0.018437196	-1.467514e-005
  0.01853485	-1.4408111e-005
 0.018634032	-1.4511108e-005
 0.018728638	-1.4160156e-005
 0.018830871	-1.4713288e-005
 0.018925477	-1.4095306e-005
 0.019021606	-1.4240265e-005
 0.019122314	-1.4316559e-005
  0.01921997	-1.4595032e-005
 0.019311523	-1.3999939e-005
 0.019412231	-1.4415741e-005
 0.019511413	-1.4385223e-005
 0.019607544	-1.4190674e-005
 0.019705201	-1.3973236e-005
 0.019805908	-1.479721e-005
 0.019900512	-1.4225006e-005
 0.020001221	-1.4068603e-005
 0.020095825	-1.4369964e-005
 0.020195007	-1.4644623e-005
 0.020291138	-1.3999939e-005
 0.020388793	-1.4251709e-005
 0.020489503	-1.4377594e-005
 0.020582581	-1.4347076e-005
 0.020680238	-1.3931274e-005
  0.02077942	-1.4663697e-005
 0.020877074	-1.4102936e-005
 0.020974731	-1.4087677e-005
 0.021072388	-1.4404297e-005
 0.021173095	-1.4545441e-005
 0.021264648	-1.4068603e-005
 0.021362305	-1.4492035e-005
 0.021463012	-1.4408111e-005
 0.021559143	-1.4213562e-005
   0.0216568	-1.4003754e-005
 0.021755982	-1.455307e-005
 0.021853637	-1.4202118e-005
 0.021949768	-1.4247894e-005
  0.02204895	-1.4888764e-005
 0.022148132	-1.4606476e-005
 0.022241211	-1.374054e-005
 0.022338867	-1.455307e-005
 0.022436524	-1.4442444e-005
 0.022537231	-1.4335632e-005
 0.022633363	-1.3938904e-005
 0.022735596	-1.4656067e-005
 0.022827148	-1.4369964e-005
 0.022926331	-1.4060975e-005
 0.023025513	-1.4183044e-005
 0.023123169	-1.4671326e-005
 0.023217773	-1.4289856e-005
  0.02331543	-1.461029e-005
 0.023416137	-1.4469147e-005
 0.023510743	-1.4221191e-005
 0.023608398	-1.4133453e-005
 0.023709107	-1.4686584e-005
 0.023803711	-1.4129639e-005
 0.023901368	-1.3950348e-005
 0.023999024	-1.4392853e-005
 0.024102783	-1.4728546e-005
 0.024195861	-1.4160156e-005
 0.024293518	-1.4507294e-005
 0.024389649	-1.4530182e-005
 0.024485778	-1.4347076e-005
 0.024588013	-1.4995575e-005
  0.02468567	-1.4335632e-005
 0.024780273	-1.4144897e-005
 0.024879456	-1.4308929e-005
 0.024975587	-1.4244079e-005
  0.02507019	-1.3477325e-005
 0.025167847	-1.4244079e-005
 0.025268555	-1.4316559e-005
 0.025366211	-1.4316559e-005
 0.025460815	-1.399231e-005
 0.025564576	-1.5285492e-005
 0.025659179	-1.4324189e-005
  0.02575531	-1.4076233e-005
 0.025854493	-1.4305115e-005
 0.025949096	-1.4846802e-005
 0.026048278	-1.4125824e-005
  0.02614441	-1.4148713e-005
 0.026243592	-1.4549255e-005
 0.026342774	-1.4343262e-005
 0.026437378	-1.4217377e-005
 0.026538085	-1.5132904e-005
 0.026635742	-1.4499665e-005
 0.026733398	-1.4251709e-005
 0.026831055	-1.4453888e-005
 0.026928712	-1.4812469e-005
 0.027023315	-1.3881683e-005
 0.027120972	-1.4713288e-005
 0.027220154	-1.4369964e-005
 0.027319336	-1.4720917e-005
 0.027410889	-1.4568329e-005
 0.027514648	-1.5468597e-005
 0.027610779	-1.4900207e-005
 0.027709961	-1.4720917e-005
 0.027807618	-1.4434814e-005
   0.0279068	-1.4980316e-005
 0.027996827	-1.3664246e-005
 0.028097535	-1.4362336e-005
 0.028195191	-1.4881134e-005
 0.028294373	-1.4511108e-005
 0.028387452	-1.4232635e-005
  0.02849121	-1.5102387e-005
 0.028587341	-1.4690399e-005
 0.028683472	-1.4411927e-005
 0.028781127	-1.3957977e-005
 0.028883362	-1.4770508e-005
 0.028974915	-1.3832092e-005
 0.029071044	-1.4484405e-005
 0.029171754	-1.4591217e-005
 0.029269408	-1.4533996e-005
 0.029367065	-1.4488221e-005
 0.029467773	-1.5533447e-005
 0.029562378	-1.486206e-005
 0.029660035	-1.4057159e-005
  0.02975769	-1.4041901e-005
 0.029856872	-1.4453888e-005
 0.029949952	-1.3504028e-005
  0.03005066	-1.4400483e-005
 0.030148316	-1.4659881e-005
 0.030245971	-1.4533996e-005
 0.030340577	-1.4022828e-005
 0.030444335	-1.5178681e-005
 0.030538941	-1.4633179e-005
 0.030636597	-1.4587402e-005
 0.030734252	-1.4709472e-005
 0.030831909	-1.4587402e-005
 0.030924987	-1.3835907e-005
 0.031025697	-1.4595032e-005
 0.031124879	-1.4564514e-005
 0.031222533	-1.4369964e-005
 0.031317137	-1.4247894e-005
 0.031420898	-1.5312195e-005
 0.031517029	-1.4892578e-005
 0.031614684	-1.3893127e-005
 0.031710815	-1.4270782e-005
 0.031809997	-1.4148713e-005
  0.03190155	-1.3774872e-005
 0.031997681	-1.4297485e-005
 0.032099914	-1.4530182e-005
 0.032196045	-1.4743805e-005
 0.032292176	-1.4350891e-005
 0.032395937	-1.4865876e-005
 0.032492064	-1.4289856e-005
 0.032591246	-1.4003754e-005
 0.032687377	-1.4110565e-005
 0.032786559	-1.4389038e-005
 0.032878112	-1.404953e-005
 0.032977294	-1.4595032e-005
 0.033078004	-1.4850616e-005
 0.033175658	-1.4781952e-005
 0.033273317	-1.4575959e-005
 0.033374023	-1.5254975e-005
 0.033468626	-1.4888764e-005
 0.033564758	-1.4694214e-005
 0.033662416	-1.4911651e-005
 0.033761598	-1.5190125e-005
 0.033854675	-1.391983e-005
 0.033950806	-1.4274598e-005
 0.034054566	-1.4820099e-005
 0.034152221	-1.461029e-005
 0.034245301	-1.4308929e-005
 0.034346007	-1.5300751e-005
 0.034445189	-1.4572143e-005
 0.034544371	-1.4648437e-005
 0.034638979	-1.4148713e-005
 0.034736633	-1.4537812e-005
 0.034831237	-1.4076233e-005
 0.034930419	-1.4545441e-005
 0.035028078	-1.4720917e-005
 0.035125732	-1.4362336e-005
 0.035220336	-1.4026642e-005
 0.035321046	-1.5464782e-005
 0.035421751	-1.4995575e-005
 0.035516359	-1.4438629e-005
 0.035614014	-1.4316559e-005
 0.035714723	-1.4518738e-005
 0.035806276	-1.3816833e-005
 0.035905458	-1.4152527e-005
 0.036001585	-1.4160156e-005
 0.036102295	-1.4583587e-005
 0.036196899	-1.4461517e-005
 0.036297608	-1.524353e-005
 0.036395263	-1.4484405e-005
 0.036492921	-1.4461517e-005
 0.036589049	-1.4225006e-005
 0.036688231	-1.4511108e-005
 0.036784362	-1.3866425e-005
 0.036883544	-1.4507294e-005
 0.036979675	-1.4328003e-005
 0.037078857	-1.4850616e-005
 0.037174989	-1.4289856e-005
 0.037277222	-1.5174865e-005
 0.037373353	-1.4415741e-005
 0.037469484	-1.4629364e-005
 0.037567139	-1.4331818e-005
 0.037666321	-1.4724731e-005
 0.037759401	-1.3809204e-005
 0.037857056	-1.4533996e-005
 0.037956238	-1.4766693e-005
  0.03805542	-1.5014649e-005
 0.038146973	-1.4469147e-005
 0.038250733	-1.5140534e-005
 0.038348388	-1.4656067e-005
 0.038442992	-1.4450074e-005
 0.038543701	-1.4392853e-005
 0.038636781	-1.4728546e-005
 0.038735963	-1.4217377e-005
 0.038835146	-1.3999939e-005
 0.038931273	-1.4286041e-005
 0.039028931	-1.4785766e-005
 0.039125063	-1.4141083e-005
 0.039225768	-1.5274049e-005
 0.039323427	-1.4335632e-005
 0.039422609	-1.4011383e-005
 0.039515685	-1.4724731e-005
 0.039616395	-1.4530182e-005
 0.039710999	-1.3828278e-005
 0.039810181	-1.4411927e-005
 0.039907835	-1.4465332e-005
 0.040005494	-1.4495849e-005
 0.040101625	-1.4389038e-005
 0.040200807	-1.4957428e-005
 0.040301513	-1.4698028e-005
 0.040396117	-1.4236451e-005
 0.040495299	-1.4274598e-005
 0.040592957	-1.4545441e-005
 0.040687561	-1.3385773e-005
 0.040785216	-1.4556885e-005
 0.040882874	-1.4717102e-005
 0.040982056	-1.4705658e-005
 0.041078188	-1.4568329e-005
 0.041178893	-1.5430451e-005
 0.041275024	-1.4713288e-005
 0.041371156	-1.4446258e-005
 0.041470338	-1.4461517e-005
 0.041567992	-1.4518738e-005
 0.041664124	-1.3694763e-005
 0.041760255	-1.4266968e-005
  0.04186096	-1.4900207e-005
 0.041957092	-1.4942169e-005
 0.042056274	-1.435852e-005
 0.042153932	-1.5075683e-005
 0.042257689	-1.4999389e-005
 0.042346191	-1.3782501e-005
   0.0424469	-1.4629364e-005
 0.042543031	-1.4621734e-005
 0.042637635	-1.4579773e-005
 0.042736817	-1.379776e-005
 0.042837523	-1.5205384e-005
 0.042935181	-1.4507294e-005
 0.043029785	-1.4377594e-005
 0.043132018	-1.43013e-005
 0.043228149	-1.4827729e-005
 0.043322753	-1.4312744e-005
 0.043420412	-1.4591217e-005
 0.043521117	-1.4900207e-005
 0.043615721	-1.4514923e-005
 0.043711852	-1.391983e-005
  0.04381714	-1.5102387e-005
 0.043910217	-1.4450074e-005
 0.044007875	-1.4228821e-005
 0.044104002	-1.4461517e-005
 0.044206239	-1.5007019e-005
 0.044299316	-1.3977051e-005
 0.044396974	-1.4354706e-005
 0.044494629	-1.455307e-005
 0.044592284	-1.4450074e-005
 0.044686891	-1.410675e-005
 0.044790648	-1.5171051e-005
 0.044888306	-1.4492035e-005
 0.044984438	-1.4236451e-005
  0.04508362	-1.4598846e-005
 0.045184325	-1.4602661e-005
 0.045274355	-1.4041901e-005
 0.045373537	-1.4667511e-005
 0.045471191	-1.4499665e-005
 0.045568846	-1.4316559e-005
 0.045664977	-1.4038086e-005
 0.045765687	-1.5201568e-005
 0.045864869	-1.4404297e-005
 0.045959473	-1.4099121e-005
 0.046060182	-1.4198303e-005
 0.046159364	-1.4904022e-005
 0.046250917	-1.4167786e-005
 0.046347044	-1.4751435e-005
 0.046447754	-1.4381409e-005
 0.046545409	-1.4343262e-005
 0.046640016	-1.4217377e-005
 0.046743773	-1.5155792e-005
  0.04683838	-1.4648437e-005
 0.046936035	-1.4320373e-005
 0.047036745	-1.4778137e-005
 0.047135927	-1.4904022e-005
 0.047225952	-1.3767242e-005
 0.047326662	-1.4514923e-005
 0.047424316	-1.4389038e-005
 0.047521971	-1.4469147e-005
 0.047615051	-1.3839722e-005
 0.047721863	-1.4812469e-005
 0.047814943	-1.4095306e-005
  0.04791107	-1.4202118e-005
 0.048010252	-1.4247894e-005
 0.048109435	-1.5254975e-005
 0.048200987	-1.3996124e-005
 0.048303224	-1.4587402e-005
 0.048400879	-1.4270782e-005
 0.048495483	-1.4583587e-005
 0.048590086	-1.3591766e-005
 0.048693847	-1.5014649e-005
 0.048791505	-1.4480591e-005
  0.04888916	-1.4312744e-005
 0.048986815	-1.4549255e-005
 0.049084473	-1.487732e-005
 0.049179077	-1.3790131e-005
 0.049279787	-1.4568329e-005
 0.049377441	-1.4373779e-005
 0.049472045	-1.4499665e-005
 0.049566649	-1.4213562e-005
  0.04967346	-1.4659881e-005
 0.049769592	-1.4087677e-005
 0.049862672	-1.4259338e-005
 0.049964905	-1.4175415e-005
 0.050059509	-1.5041352e-005
 0.050152589	-1.4091492e-005
 0.050251771	-1.4739991e-005
 0.050352477	-1.4629364e-005
 0.050448608	-1.4495849e-005
 0.050543211	-1.4148713e-005
 0.050645448	-1.4911651e-005
  0.05074463	-1.4606476e-005
 0.050839234	-1.4450074e-005
 0.050936889	-1.4297485e-005
 0.051034547	-1.4778137e-005
 0.051129151	-1.3832092e-005
 0.051229857	-1.4709472e-005
 0.051325988	-1.4446258e-005
  0.05142517	-1.4476776e-005
 0.051521301	-1.4041901e-005
 0.051623534	-1.4953614e-005
 0.051718138	-1.4476776e-005
 0.051814269	-1.442337e-005
 0.051913451	-1.4659881e-005
 0.052015685	-1.512146e-005
 0.052105714	-1.418686e-005
 0.052201845	-1.4640808e-005
 0.052301027	-1.4488221e-005
 0.052401733	-1.4560699e-005
 0.052496336	-1.4125824e-005
 0.052598573	-1.4755249e-005
 0.052694701	-1.4087677e-005
 0.052792359	-1.4080048e-005
 0.052890014	-1.4743805e-005
 0.052990723	-1.4881134e-005
 0.053080749	-1.4305115e-005
 0.053179931	-1.4484405e-005
 0.053279113	-1.4354706e-005
 0.053376772	-1.4289856e-005
 0.053469848	-1.4057159e-005
 0.053575136	-1.4873504e-005
 0.053671263	-1.436615e-005
 0.053765871	-1.410675e-005
 0.053865053	-1.4381409e-005
 0.053964235	-1.4728546e-005
 0.054055788	-1.3843536e-005
 0.054156493	-1.4526368e-005
 0.054252625	-1.4602661e-005
 0.054351807	-1.4457702e-005
  0.05444641	-1.3496399e-005
 0.054551698	-1.5316009e-005
 0.054647826	-1.4339447e-005
 0.054742433	-1.4221191e-005
 0.054840088	-1.4488221e-005
 0.054940797	-1.4728546e-005
  0.05503235	-1.3973236e-005
 0.055133056	-1.4419556e-005
 0.055230714	-1.5026092e-005
 0.055328369	-1.4793396e-005
 0.055426024	-1.374054e-005
 0.055529784	-1.4621734e-005
 0.055622865	-1.4568329e-005
 0.055717468	-1.4514923e-005
  0.05581665	-1.4488221e-005
 0.055918884	-1.4755249e-005
 0.056008913	-1.3820648e-005
 0.056109618	-1.4713288e-005
 0.056204222	-1.486206e-005
 0.056306459	-1.4759064e-005
 0.056401063	-1.4324189e-005
 0.056503296	-1.4961242e-005
 0.056600951	-1.4644623e-005
 0.056695558	-1.4431e-005
 0.056793213	-1.4564514e-005
 0.056893922	-1.4724731e-005
 0.056986999	-1.4286041e-005
 0.057081603	-1.43013e-005
 0.057180785	-1.4537812e-005
 0.057279967	-1.435852e-005
 0.057376098	-1.3866425e-005
 0.057476807	-1.486969e-005
 0.057574462	-1.4274598e-005
 0.057670593	-1.4064789e-005
 0.057768248	-1.4404297e-005
  0.05786743	-1.4739991e-005
  0.05796051	-1.367569e-005
 0.058059692	-1.4175415e-005
 0.058157347	-1.4163971e-005
 0.058258057	-1.4198303e-005
 0.058349609	-1.410675e-005
 0.058456421	-1.4591217e-005
 0.058552552	-1.4270782e-005
 0.058647156	-1.4320373e-005
 0.058744811	-1.468277e-005
  0.05884552	-1.4713288e-005
 0.058937073	-1.4263153e-005
 0.059037782	-1.4373779e-005
 0.059135437	-1.4686584e-005
 0.059231568	-1.4770508e-005
 0.059326172	-1.4030456e-005
 0.059432983	-1.54953e-005
 0.059526064	-1.4492035e-005
 0.059622191	-1.4312744e-005
 0.059718322	-1.4820099e-005
 0.059820555	-1.5190125e-005
 0.059912108	-1.4060975e-005
 0.060015868	-1.4789582e-005
    0.060112	-1.4507294e-005
 0.060208131	-1.4419556e-005
 0.060304262	-1.3999939e-005
 0.060409546	-1.4968872e-005
  0.06050415	-1.4457702e-005
 0.060601808	-1.4102936e-005
 0.060699463	-1.4575959e-005
 0.060800172	-1.4720917e-005
 0.060890198	-1.4118194e-005
  0.06098938	-1.4568329e-005
 0.061087035	-1.4518738e-005
 0.061186217	-1.4347076e-005
 0.061282348	-1.3782501e-005
 0.061384581	-1.4709472e-005
 0.061480712	-1.4385223e-005
 0.061575316	-1.4244079e-005
 0.061672974	-1.4656067e-005
  0.06177368	-1.5045166e-005
 0.061865233	-1.3809204e-005
 0.061962891	-1.4278412e-005
 0.062065125	-1.4530182e-005
 0.062161256	-1.4339447e-005
 0.062255859	-1.4095306e-005
 0.062358093	-1.504898e-005
 0.062454224	-1.4568329e-005
 0.062551878	-1.4080048e-005
 0.062654115	-1.4595032e-005
 0.062747195	-1.4896393e-005
 0.062841795	-1.4255524e-005
  0.06293945	-1.4801026e-005
 0.063037112	-1.4686584e-005
 0.063136294	-1.4545441e-005
 0.063232422	-1.3980865e-005
 0.063337706	-1.5174865e-005
 0.063433841	-1.4656067e-005
 0.063528441	-1.4259338e-005
 0.063626096	-1.4595032e-005
 0.063723758	-1.5346526e-005
 0.063818358	-1.3721466e-005
 0.063916013	-1.4640808e-005
 0.064016722	-1.4915467e-005
  0.06411133	-1.461792e-005
 0.064208984	-1.3916016e-005
 0.064311221	-1.4995575e-005
 0.064407349	-1.4404297e-005
 0.064505003	-1.410675e-005
 0.064602658	-1.4190674e-005
  0.06470032	-1.4701844e-005
 0.064791873	-1.3809204e-005
 0.064892575	-1.4099121e-005
 0.064991757	-1.4812469e-005
 0.065087892	-1.4183044e-005
 0.065185547	-1.4068603e-005
 0.065289304	-1.467514e-005
 0.065383911	-1.4251709e-005
 0.065481566	-1.4057159e-005
 0.065579221	-1.4434814e-005
 0.065676883	-1.5007019e-005
 0.065768436	-1.3755798e-005
 0.065867618	-1.4232635e-005
 0.065963745	-1.4762878e-005
 0.066065982	-1.4431e-005
 0.066159055	-1.3843536e-005
 0.066264346	-1.5075683e-005
 0.066357419	-1.3889313e-005
 0.066452026	-1.4053345e-005
 0.066554263	-1.4438629e-005
 0.066650391	-1.4442444e-005
 0.066746518	-1.4339447e-005
 0.066847228	-1.4827729e-005
 0.066944882	-1.4431e-005
 0.067041017	-1.4427185e-005
 0.067138672	-1.4564514e-005
 0.067236327	-1.4656067e-005
 0.067332461	-1.436615e-005
 0.067428589	-1.4297485e-005
 0.067529298	-1.4335632e-005
 0.067626953	-1.4324189e-005
 0.067721561	-1.4743805e-005
 0.067822263	-1.4881134e-005
 0.067919925	-1.4572143e-005
  0.06801758	-1.4240265e-005
 0.068116762	-1.461029e-005
 0.068212889	-1.4476776e-005
 0.068305969	-1.4087677e-005
 0.068408206	-1.417923e-005
 0.068504333	-1.4495849e-005
 0.068603516	-1.442337e-005
 0.068698123	-1.4003754e-005
 0.068795778	-1.4835357e-005
 0.068899535	-1.4472961e-005
 0.068994142	-1.4225006e-005
  0.06909027	-1.4247894e-005
 0.069192506	-1.4415741e-005
 0.069285586	-1.4324189e-005
 0.069381714	-1.4007568e-005
 0.069479369	-1.4381409e-005
 0.069578551	-1.4438629e-005
 0.069677733	-1.4118194e-005
 0.069775388	-1.493454e-005
  0.06987457	-1.4808655e-005
  0.06996765	-1.4194488e-005
 0.070065305	-1.4312744e-005
 0.070164487	-1.4198303e-005
 0.070262149	-1.3965607e-005
 0.070358276	-1.4427185e-005
 0.070455931	-1.435852e-005
 0.070556641	-1.4347076e-005
 0.070651248	-1.4419556e-005
  0.07075043	-1.4247894e-005
 0.070849612	-1.4694214e-005
 0.070944212	-1.4194488e-005
 0.071043395	-1.4308929e-005
 0.071139529	-1.4450074e-005
 0.071240231	-1.3805389e-005
 0.071334839	-1.4232635e-005
 0.071432494	-1.4438629e-005
 0.071530148	-1.4362336e-005
 0.071626283	-1.4469147e-005
 0.071725465	-1.4045715e-005
 0.071824647	-1.4163971e-005
 0.071920775	-1.4041901e-005
  0.07201843	-1.4125824e-005
 0.072116092	-1.4347076e-005
 0.072213747	-1.4629364e-005
 0.072308347	-1.4427185e-005
 0.072407529	-1.4671326e-005
 0.072506711	-1.4431e-005
 0.072601318	-1.4793396e-005
   0.0727005	-1.4873504e-005
 0.072802737	-1.4556885e-005
 0.072897337	-1.4316559e-005
 0.072993472	-1.4263153e-005
 0.073095702	-1.5026092e-005
 0.073188782	-1.4305115e-005
 0.073284909	-1.4225006e-005
 0.073384091	-1.436615e-005
 0.073483273	-1.461029e-005
 0.073580936	-1.4587402e-005
  0.07367859	-1.4457702e-005
 0.073776245	-1.4457702e-005
 0.073872373	-1.4236451e-005
 0.073970035	-1.4125824e-005
 0.074069217	-1.4484405e-005
 0.074166872	-1.4579773e-005
 0.074262999	-1.4221191e-005
 0.074359134	-1.436615e-005
 0.074459836	-1.4488221e-005
 0.074552916	-1.4709472e-005
 0.074653625	-1.5216828e-005
 0.074752808	-1.5041352e-005
 0.074850462	-1.4522552e-005
 0.074949645	-1.4766693e-005
 0.075045779	-1.4770508e-005
 0.075141907	-1.385498e-005
 0.075239561	-1.379776e-005
 0.075335696	-1.4244079e-005
 0.075436398	-1.4392853e-005
 0.075534061	-1.4095306e-005
 0.075630188	-1.4541626e-005
 0.075726315	-1.43013e-005
 0.075827025	-1.4450074e-005
  0.07592316	-1.4381409e-005
 0.076019287	-1.4190674e-005
 0.076116942	-1.4411927e-005
 0.076214597	-1.4404297e-005
 0.076309204	-1.4755249e-005
 0.076412961	-1.4495849e-005
 0.076506041	-1.4175415e-005
 0.076608278	-1.4968872e-005
 0.076704405	-1.4602661e-005
  0.07680054	-1.4659881e-005
 0.076896667	-1.4579773e-005
 0.076998904	-1.4793396e-005
 0.077093504	-1.4064789e-005
 0.077188112	-1.385498e-005
 0.077287294	-1.4907837e-005
 0.077386476	-1.4747619e-005
 0.077481076	-1.399231e-005
 0.077581786	-1.4503479e-005
 0.077680968	-1.4636993e-005
 0.077777103	-1.4389038e-005
 0.077874757	-1.4450074e-005
 0.077972412	-1.4667511e-005
 0.078070067	-1.4427185e-005
 0.078164674	-1.4408111e-005
 0.078265384	-1.4339447e-005
 0.078363039	-1.4247894e-005
 0.078459166	-1.4431e-005
 0.078559875	-1.4709472e-005
 0.078656003	-1.4709472e-005
 0.078753665	-1.4369964e-005
 0.078848265	-1.4152527e-005
 0.078950502	-1.418686e-005
 0.079046629	-1.4698028e-005
 0.079141237	-1.4427185e-005
 0.079238892	-1.493454e-005
 0.079336546	-1.4781952e-005
 0.079434201	-1.4392853e-005
 0.079534911	-1.5060425e-005
 0.079629518	-1.4274598e-005
   0.0797287	-1.4476776e-005
 0.079827882	-1.4442444e-005
 0.079925537	-1.4530182e-005
 0.080023192	-1.4392853e-005
 0.080117799	-1.4236451e-005
 0.080215454	-1.4442444e-005
 0.080313109	-1.4705658e-005
 0.080410764	-1.4320373e-005
 0.080508426	-1.4640808e-005
 0.080607608	-1.4766693e-005
  0.08070679	-1.4465332e-005
  0.08080139	-1.4217377e-005
 0.080903627	-1.4537812e-005
 0.080996707	-1.4347076e-005
 0.081091307	-1.4244079e-005
 0.081190489	-1.4667511e-005
 0.081289671	-1.4183044e-005
 0.081387326	-1.4507294e-005
 0.081484988	-1.4636993e-005
  0.08158417	-1.479721e-005
 0.081683353	-1.4396667e-005
 0.081776425	-1.4705658e-005
 0.081878662	-1.4633179e-005
 0.081976317	-1.4461517e-005
 0.082070924	-1.4484405e-005
 0.082170106	-1.4556885e-005
 0.082266234	-1.4896393e-005
 0.082362369	-1.4446258e-005
 0.082461551	-1.4530182e-005
 0.082562253	-1.4896393e-005
  0.08265686	-1.4183044e-005
 0.082754515	-1.4057159e-005
  0.08285217	-1.4118194e-005
 0.082951352	-1.442337e-005
 0.083045959	-1.4217377e-005
 0.083145142	-1.4373779e-005
 0.083245851	-1.4266968e-005
 0.083340451	-1.4286041e-005
 0.083439633	-1.461792e-005
 0.083535768	-1.4606476e-005
 0.083633423	-1.4472961e-005
 0.083731078	-1.4343262e-005
  0.08383026	-1.467514e-005
 0.083926395	-1.4766693e-005
 0.084024049	-1.4198303e-005
 0.084118649	-1.4770508e-005
 0.084222414	-1.4835357e-005
 0.084317014	-1.4247894e-005
 0.084414676	-1.4404297e-005
 0.084512331	-1.4492035e-005
 0.084609985	-1.4331818e-005
 0.084709167	-1.4156341e-005
  0.08480835	-1.4396667e-005
 0.084904477	-1.4133453e-005
  0.08499603	-1.3801575e-005
 0.085095212	-1.4427185e-005
 0.085194394	-1.4503479e-005
 0.085290529	-1.4118194e-005
 0.085391238	-1.4442444e-005
 0.085488893	-1.4892578e-005
 0.085583493	-1.4225006e-005
 0.085684203	-1.4274598e-005
  0.08577881	-1.4209747e-005
  0.08587952	-1.4129639e-005
  0.08597412	-1.4266968e-005
 0.086071774	-1.4450074e-005
 0.086170956	-1.4564514e-005
 0.086270139	-1.4312744e-005
 0.086367801	-1.4064789e-005
 0.086463928	-1.4415741e-005
  0.08656311	-1.4053345e-005
 0.086660765	-1.4125824e-005
 0.086755373	-1.4007568e-005
 0.086853027	-1.4163971e-005
 0.086952209	-1.41716e-005
 0.087046817	-1.4591217e-005
 0.087149046	-1.442337e-005
 0.087242126	-1.4217377e-005
 0.087339781	-1.4446258e-005
 0.087442018	-1.4328003e-005
 0.087536618	-1.4266968e-005
  0.08763428	-1.4583587e-005
 0.087731935	-1.435852e-005
 0.087828062	-1.4118194e-005
 0.087925717	-1.3946533e-005
 0.088024899	-1.4495849e-005
 0.088121034	-1.4247894e-005
 0.088218689	-1.4095306e-005
 0.088313296	-1.4545441e-005
 0.088417053	-1.4755249e-005
 0.088513181	-1.4297485e-005
 0.088610843	-1.4392853e-005
 0.088711545	-1.4499665e-005
 0.088806152	-1.4659881e-005
  0.08890076	-1.3946533e-005
 0.089001462	-1.4575959e-005
 0.089099124	-1.4572143e-005
 0.089195251	-1.4442444e-005
 0.089294434	-1.4335632e-005
 0.089393616	-1.4377594e-005
 0.089488223	-1.4446258e-005
 0.089587405	-1.4137268e-005
  0.08968506	-1.4083862e-005
 0.089782715	-1.4411927e-005
 0.089877322	-1.4034271e-005
 0.089976504	-1.435852e-005
 0.090074159	-1.4591217e-005
 0.090170287	-1.4244079e-005
 0.090267941	-1.417923e-005
 0.090368651	-1.4629364e-005
 0.090460204	-1.3492584e-005
 0.090560913	-1.4415741e-005
 0.090661623	-1.4686584e-005
 0.090756223	-1.4842987e-005
 0.090853885	-1.3999939e-005
 0.090953067	-1.5144348e-005
 0.091050722	-1.4915467e-005
 0.091148376	-1.4148713e-005
 0.091247559	-1.4591217e-005
 0.091343686	-1.4793396e-005
 0.091436766	-1.3618469e-005
 0.091537476	-1.4724731e-005
 0.091632083	-1.4194488e-005
 0.091734312	-1.4457702e-005
 0.091827393	-1.4148713e-005
 0.091932677	-1.5148163e-005
 0.092025757	-1.4636993e-005
 0.092126466	-1.4266968e-005
 0.092222594	-1.4629364e-005
 0.092320248	-1.4587402e-005
 0.092413329	-1.342392e-005
 0.092512511	-1.4404297e-005
 0.092614748	-1.479721e-005
 0.092707828	-1.4724731e-005
 0.092803955	-1.3931274e-005
 0.092907712	-1.5209198e-005
 0.093005374	-1.4072418e-005
 0.093099974	-1.4312744e-005
 0.093197629	-1.4270782e-005
 0.093295291	-1.4686584e-005
 0.093389891	-1.3790131e-005
 0.093484499	-1.4411927e-005
 0.093588255	-1.4381409e-005
  0.09368439	-1.4350891e-005
 0.093782045	-1.4064789e-005
 0.093885802	-1.5178681e-005
 0.093978882	-1.4572143e-005
 0.094073489	-1.4335632e-005
 0.094177246	-1.4324189e-005
 0.094276428	-1.4770508e-005
 0.094366454	-1.3694763e-005
 0.094464108	-1.4259338e-005
 0.094564818	-1.4549255e-005
 0.094662473	-1.4537812e-005
 0.094760135	-1.4019012e-005
 0.094862364	-1.5357971e-005
 0.094955444	-1.4698028e-005
 0.095053099	-1.4022828e-005
 0.095152281	-1.4289856e-005
 0.095248416	-1.4629364e-005
 0.095343016	-1.3690948e-005
 0.095442198	-1.4339447e-005
  0.09554138	-1.4480591e-005
 0.095639035	-1.4339447e-005
 0.095736697	-1.4163971e-005
 0.095837399	-1.4995575e-005
 0.095930479	-1.4736175e-005
 0.096028134	-1.4072418e-005
 0.096127316	-1.4495849e-005
 0.096223451	-1.5094757e-005
 0.096316531	-1.3942718e-005
 0.096418761	-1.4156341e-005
 0.096514896	-1.4431e-005
  0.09661255	-1.4526368e-005
  0.09670563	-1.4057159e-005
 0.096813962	-1.538086e-005
 0.096908569	-1.4411927e-005
 0.097006224	-1.4255524e-005
 0.097100832	-1.4526368e-005
 0.097201541	-1.4781952e-005
 0.097296141	-1.4091492e-005
 0.097396851	-1.4202118e-005
 0.097491458	-1.4789582e-005
 0.097589113	-1.4438629e-005
 0.097686768	-1.404953e-005
 0.097787477	-1.5106201e-005
 0.097880557	-1.4434814e-005
 0.097981259	-1.411438e-005
 0.098080441	-1.4137268e-005
 0.098178104	-1.4820099e-005
 0.098269656	-1.3572693e-005
 0.098370358	-1.4518738e-005
 0.098468021	-1.4831543e-005
 0.098562621	-1.4629364e-005
 0.098657228	-1.3969421e-005
 0.098767087	-1.5319823e-005
  0.09885864	-1.4400483e-005
 0.098957822	-1.3996124e-005
 0.099053957	-1.4148713e-005
 0.099154666	-1.4488221e-005
 0.099246219	-1.3591766e-005
 0.099343874	-1.4343262e-005
 0.099446103	-1.4667511e-005
 0.099542238	-1.4511108e-005
 0.099639893	-1.3923645e-005
 0.099739075	-1.4835357e-005
 0.099836729	-1.4278412e-005
 0.099932864	-1.4266968e-005
 0.099996947	-1.4808655e-005
 0.099996947	-1.4820099e-005
 0.099996947	-1.3530731e-005
