-0.099542238	 -0.20411682
 -0.09944763	 -0.20389175
-0.099349976	 -0.20367813
-0.099253848	 -0.20346069
-0.099154666	 -0.20324707
-0.099060059	 -0.20301437
-0.098962404	 -0.20278931
-0.098864749	 -0.20258331
-0.098762512	 -0.20235062
-0.098669432	 -0.20211792
-0.098568723	 -0.20188141
-0.098474123	 -0.20163727
-0.098373413	 -0.20142365
-0.098277286	 -0.20122528
-0.098178104	 -0.20099258
-0.098085023	 -0.20075226
-0.097985841	 -0.20045471
-0.097888187	 -0.20023727
-0.097790524	 -0.20001984
-0.097694397	 -0.19976807
-0.097595215	 -0.19955444
-0.097496033	 -0.19931793
-0.097398378	 -0.19908524
-0.097302243	 -0.19885254
-0.097201541	 -0.19860458
-0.097106934	 -0.19835663
-0.097010806	 -0.19812012
-0.096914671	 -0.19784546
-0.096812442	 -0.19760895
-0.096717834	 -0.19741821
-0.096615598	  -0.1971283
-0.096520998	 -0.19687653
-0.096423343	 -0.19665909
-0.096324161	 -0.19641113
-0.096228026	 -0.19618225
-0.096133426	 -0.19593048
-0.096031189	 -0.19569016
-0.095938109	 -0.19541168
-0.095835879	 -0.19517517
-0.095744327	 -0.19493866
-0.095645145	 -0.19467163
-0.095544435	 -0.19449615
-0.095449828	 -0.19424438
-0.095352173	  -0.1939888
-0.095249936	 -0.19374466
-0.095156863	 -0.19350052
-0.095059201	  -0.1933136
-0.094961546	 -0.19306183
-0.094862364	 -0.19287872
-0.094767764	 -0.19268799
-0.094668582	 -0.19244385
-0.094566345	 -0.19221115
-0.094470218	 -0.19192505
-0.094374083	 -0.19166946
-0.094276428	 -0.19142151
-0.094180301	 -0.19117737
-0.094081119	 -0.19097137
-0.093983456	 -0.19073486
-0.093887329	 -0.19049835
-0.093791202	 -0.19029617
 -0.09369202	 -0.19002914
-0.093592837	 -0.18982315
-0.093493655	 -0.18956375
-0.093395993	  -0.1893158
-0.093298338	 -0.18904877
-0.093206786	 -0.18881226
-0.093104556	 -0.18857193
-0.093009949	 -0.18831635
-0.092909239	 -0.18803406
-0.092816159	 -0.18778992
-0.092715457	 -0.18759155
-0.092616275	 -0.18736267
-0.092517093	 -0.18711472
-0.092420958	 -0.18687439
-0.092324831	 -0.18664169
-0.092227176	 -0.18638611
-0.092129514	 -0.18614197
-0.092031859	 -0.18591309
-0.091932677	 -0.18565369
-0.091839597	 -0.18541718
-0.091738895	 -0.18516159
 -0.09164276	 -0.18493652
-0.091543578	 -0.18470383
-0.091448978	 -0.18446732
-0.091345213	  -0.1842041
-0.091253661	 -0.18396759
-0.091152951	 -0.18370056
-0.091055296	 -0.18345642
-0.090957642	 -0.18322372
-0.090863034	 -0.18296432
-0.090759277	 -0.18271255
-0.090666197	 -0.18245697
-0.090565488	 -0.18219757
 -0.09046936	 -0.18196487
-0.090371706	 -0.18175507
-0.090277098	 -0.18153381
-0.090176389	  -0.1812973
-0.090080261	 -0.18104553
-0.089984134	 -0.18080139
-0.089886472	 -0.18040848
 -0.08978577	 -0.18016434
-0.089688107	 -0.17986298
-0.089590453	 -0.17961502
-0.089495853	 -0.17938995
-0.089395143	 -0.17915726
 -0.08930359	  -0.1789093
-0.089199826	 -0.17864609
-0.089106753	 -0.17831039
-0.089006044	 -0.17809677
-0.088911436	 -0.17784882
-0.088809207	 -0.17759323
-0.088716127	 -0.17730713
-0.088615417	 -0.17707825
-0.088517763	 -0.17679596
-0.088421628	 -0.17657852
  -0.0883255	 -0.17633057
-0.088226318	 -0.17598724
-0.088131711	 -0.17575073
-0.088029481	 -0.17560196
-0.087934874	 -0.17521667
-0.087832645	 -0.17493439
-0.087738037	 -0.17472839
-0.087640382	 -0.17443466
-0.087545775	 -0.17417526
-0.087445065	 -0.17401886
-0.087350465	 -0.17366028
-0.087249756	 -0.17340088
-0.087155148	 -0.17310333
-0.087057494	 -0.17286682
-0.086959839	 -0.17252731
-0.086857602	 -0.17224121
-0.086761475	 -0.17206192
 -0.08666382	 -0.17167664
-0.086566165	 -0.17151642
-0.086468503	 -0.17113876
-0.086373903	 -0.17090607
-0.086274721	 -0.17070389
-0.086178586	 -0.17033005
-0.086080931	 -0.17009354
-0.085986331	 -0.16989899
-0.085884094	   -0.169487
-0.085783385	 -0.16918945
-0.085690305	  -0.1689949
-0.085589603	 -0.16868973
 -0.08549194	 -0.16827011
 -0.08539734	 -0.16812515
-0.085299686	 -0.16781998
-0.085205078	 -0.16762924
-0.085102841	 -0.16742325
-0.085009769	 -0.16714859
-0.084906004	  -0.1668396
-0.084814452	 -0.16615295
-0.084710695	 -0.16642761
-0.084616087	 -0.16609192
-0.084518433	 -0.16596985
-0.084422305	 -0.16468811
-0.084323123	 -0.16521835
-0.084225461	 -0.16489792
-0.084127806	 -0.16408157
-0.084033206	  -0.1642189
-0.083930969	 -0.16410446
-0.083831787	 -0.16391373
 -0.08373718	 -0.16355133
 -0.08364258	 -0.16196442
 -0.08354187	 -0.16202927
-0.083447263	 -0.16191101
-0.083351135	 -0.16119766
-0.083250426	 -0.16154861
-0.083149716	 -0.16129303
-0.083059691	 -0.16020966
-0.082955934	 -0.15978622
-0.082858279	  -0.1595459
-0.082759097	 -0.16006088
-0.082662962	 -0.16025162
-0.082562253	 -0.15987015
-0.082473755	 -0.15950394
-0.082369998	  -0.1592865
-0.082275391	 -0.15828323
-0.082177736	 -0.15698624
-0.082080081	 -0.15702438
-0.081979372	  -0.1566124
-0.081884764	 -0.15651321
-0.081782535	 -0.15491486
-0.081684873	 -0.15419769
-0.081587218	 -0.15433121
-0.081495665	 -0.15069962
-0.081399538	 -0.14941406
-0.081297301	 -0.14591217
-0.081199646	 -0.14500427
-0.081100464	 -0.14126587
-0.081002809	  -0.1403389
-0.080906674	 -0.13607788
-0.080807492	 -0.14199448
-0.080711365	 -0.14286041
-0.080610655	 -0.14369583
-0.080517575	 -0.14047623
 -0.08041992	 -0.14014435
-0.080319211	 -0.14370346
-0.080221556	 -0.14520645
-0.080130003	 -0.14366913
-0.080027774	 -0.14313126
-0.079930112	 -0.14466095
 -0.07983093	 -0.14353561
-0.079733275	 -0.14318085
 -0.07963562	 -0.13879395
-0.079544067	 -0.14138794
-0.079443358	 -0.14178848
-0.079345703	 -0.13980865
-0.079248048	 -0.13870621
-0.079151914	 -0.13969803
-0.079052731	 -0.13879013
-0.078955077	 -0.14191055
-0.078855895	 -0.13975906
-0.078759767	 -0.13687134
-0.078659058	 -0.13963699
-0.078567505	  -0.1374588
-0.078463748	 -0.13634872
-0.078369141	 -0.13557053
-0.078271486	 -0.13788223
-0.078178406	  -0.1350441
-0.078073122	 -0.13364029
-0.077983096	 -0.12906647
-0.077882387	 -0.13140869
-0.077786252	 -0.13311386
-0.077684022	 -0.13380051
-0.077589415	 -0.13290405
 -0.07749176	 -0.13334656
-0.077392578	 -0.13379288
-0.077294923	 -0.13458252
-0.077200316	 -0.13389587
-0.077101134	  -0.1330452
-0.077006534	  -0.1320076
-0.076904297	 -0.13081741
-0.076806642	 -0.13037872
-0.076708987	  -0.1307869
-0.076615907	 -0.12854385
-0.076516725	 -0.12350845
 -0.07641907	 -0.12065887
-0.076319888	 -0.11972427
-0.076223753	  -0.1178627
-0.076126099	 -0.11584854
-0.076029971	 -0.11382294
-0.075930789	 -0.11073303
-0.075836182	 -0.10744095
-0.075732425	 -0.10474396
-0.075637817	 -0.10245895
-0.075538635	-0.099098206
-0.075442508	-0.095912933
-0.075343326	-0.093700409
-0.075245664	-0.090961456
-0.075146481	-0.088447571
-0.075051881	-0.083667755
-0.074952699	-0.081569672
-0.074859619	-0.080257416
 -0.07475891	-0.078266144
-0.074662782	-0.077095032
-0.074562073	-0.076164246
-0.074465945	-0.074428558
-0.074369811	 -0.07195282
 -0.07427673	-0.068630219
-0.074174501	 -0.06728363
-0.074078366	-0.066242218
-0.073977664	-0.063903809
-0.073883057	-0.062801361
-0.073782347	-0.062335968
-0.073687747	 -0.06137085
-0.073588565	-0.061626434
-0.073489383	-0.063041687
-0.073391721	-0.061790466
-0.073292539	 -0.06293869
-0.073194884	-0.061969757
-0.073098756	-0.061389923
-0.073004149	-0.060508728
-0.072903439	-0.058216095
-0.072805785	-0.057693481
-0.072711185	-0.057899475
-0.072608948	 -0.05696106
 -0.07251282	-0.056720734
-0.072415158	-0.056312561
-0.072317503	-0.055721283
-0.072219849	-0.055828094
-0.072125241	-0.055618286
-0.072024539	-0.055671692
-0.071928404	 -0.05506134
-0.071829222	-0.054443359
-0.071734622	 -0.05424881
-0.071633913	-0.053512573
-0.071539305	-0.053665161
 -0.07144165	-0.052391052
 -0.07134857	-0.052879333
-0.071247861	-0.052864075
-0.071150206	-0.052005768
-0.071047977	-0.052204132
-0.070956424	-0.052036285
-0.070855714	-0.051151276
 -0.07075958	-0.051216125
-0.070660397	-0.050888062
-0.070562743	-0.050510406
-0.070463561	-0.050373077
-0.070373535	 -0.05034256
-0.070269778	-0.049739838
-0.070172116	-0.049812317
-0.070075989	-0.049388885
-0.069976807	-0.048984528
-0.069876097	-0.048728943
-0.069783017	-0.048381805
-0.069683835	-0.048610687
-0.069587708	-0.048240662
-0.069488525	-0.047767639
-0.069393918	 -0.04769516
-0.069293216	-0.047485352
-0.069198608	-0.047058105
-0.069100954	 -0.04668808
-0.069003299	-0.046073914
-0.068901062	-0.045860291
-0.068807982	-0.045463562
-0.068705752	-0.045398712
-0.068609618	-0.045547485
-0.068511963	-0.045089722
-0.068414308	-0.044719696
-0.068315126	-0.044822693
-0.068220519	-0.044689178
-0.068124391	 -0.04504776
-0.068025209	-0.045066833
-0.067926027	-0.044452667
-0.067832947	-0.044342041
-0.067733765	-0.044048309
 -0.06763611	-0.043617249
-0.067538455	-0.043170929
-0.067439273	-0.043239594
-0.067341611	-0.042793274
-0.067247011	-0.042388916
-0.067147829	-0.042121887
-0.067048647	-0.042121887
-0.066950992	-0.042125702
-0.066857912	-0.042079926
-0.066754147	-0.041934967
-0.066659547	-0.042037964
-0.066560365	-0.041725159
-0.066467285	-0.041114807
-0.066363528	-0.040714264
-0.066270448	-0.040588379
-0.066172794	-0.040447235
-0.066070557	-0.040367126
-0.065975949	-0.040176392
-0.065878294	-0.039962769
 -0.06578064	-0.039470673
-0.065682985	-0.039058685
-0.065583803	-0.038707733
-0.065487668	-0.038555145
-0.065391541	-0.038467407
-0.065296933	-0.038162231
-0.065197751	-0.037876129
-0.065097049	-0.037471771
-0.064996339	-0.036643982
-0.064903259	-0.035858154
-0.064805605	-0.035758972
 -0.06470795	-0.035758972
-0.064608768	-0.035881042
 -0.06451416	-0.035438538
-0.064410403	-0.035163879
-0.064317323	-0.034984589
-0.064218141	-0.034832001
-0.064123534	-0.034690857
-0.064022824	-0.034454346
-0.063925169	-0.034133911
-0.063827515	-0.033859253
-0.063731387	-0.033641815
-0.063632205	-0.033489227
-0.063540652	-0.033298492
-0.063435361	-0.033061981
-0.063342288	-0.032669067
-0.063246153	-0.032596588
-0.063146971	-0.032501221
-0.063049316	-0.032402039
-0.062951662	-0.032314301
-0.062854007	-0.032108307
-0.062756345	-0.032016754
-0.062660217	-0.031799316
-0.062561035	 -0.03162384
-0.062460326	-0.031505585
-0.062365722	-0.031318665
-0.062268067	-0.031143188
-0.062173463	 -0.03099823
-0.062069703	-0.030815125
-0.061975099	-0.030643463
-0.061875917	-0.030406952
-0.061782837	-0.030250549
-0.061679076	-0.030212402
-0.061584473	-0.030052185
-0.061485291	-0.029865265
 -0.06139221	-0.029556274
-0.061293028	-0.029308319
-0.061196901	-0.028964996
-0.061094664	-0.028793335
 -0.06100006	-0.028606415
-0.060897827	-0.028747559
-0.060803223	-0.028804779
-0.060705565	-0.028942108
-0.060610961	-0.028900146
-0.060507201	-0.028778076
-0.060415648	-0.028591156
-0.060314942	-0.028381348
-0.060218811	-0.028339386
-0.060119629	-0.028324127
-0.060023498	-0.028236389
-0.059924316	-0.028038025
-0.059829712	-0.027805328
 -0.05973053	-0.027858734
-0.059634399	-0.027873993
-0.059532166	-0.027702332
-0.059440613	  -0.0274086
-0.059341431	-0.027202606
-0.059240721	-0.026939392
-0.059143066	-0.026798248
-0.059049986	-0.026542664
 -0.05894623	-0.026424408
-0.058850098	-0.026275635
-0.058753967	-0.026145935
-0.058657836	-0.026077271
-0.058558654	-0.026062012
 -0.05846405	-0.025974274
-0.058364868	-0.025947571
-0.058267213	-0.025886536
-0.058168031	-0.025753021
-0.058074951	-0.025615692
-0.057972718	-0.025432587
-0.057876587	-0.025268555
-0.057775877	-0.025131226
-0.057678223	-0.025028229
-0.057580568	 -0.02495575
-0.057489015	-0.024795532
-0.057388306	-0.024642944
-0.057289124	-0.024463654
-0.057192992	-0.024288177
-0.057098389	-0.024154663
-0.056996156	-0.024021149
-0.056901552	-0.023868561
 -0.05680237	-0.023712158
-0.056707762	-0.023563385
-0.056607056	-0.023368835
-0.056512453	-0.023246765
-0.056411743	 -0.02312851
-0.056315612	-0.023036957
 -0.05621643	-0.022911072
-0.056121826	-0.022720337
-0.056021117	-0.022506714
-0.055921935	-0.022342682
-0.055825807	-0.022251129
-0.055725098	-0.022155762
-0.055628967	-0.021953583
-0.055537414	-0.021644592
-0.055433653	-0.021472931
 -0.05533905	-0.021308899
-0.055242918	-0.021160126
-0.055146791	-0.021064758
-0.055043031	 -0.02098465
-0.054948427	-0.020881653
-0.054850768	-0.020778656
-0.054756165	-0.020698547
-0.054655455	-0.020561218
  -0.0545578	-0.020442963
-0.054458618	-0.020328522
-0.054362487	-0.020187378
-0.054264832	-0.020069122
-0.054168701	-0.019981384
-0.054067992	 -0.01991272
-0.053971864	-0.019798279
-0.053875733	-0.019695282
-0.053778075	-0.019580841
 -0.05368042	-0.019477844
-0.053582765	-0.019348145
-0.053485107	-0.019256592
-0.053387452	-0.019153595
-0.053289793	-0.019096375
-0.053189088	-0.018974304
-0.053091429	-0.018863678
-0.052993774	-0.018745422
-0.052899171	-0.018650055
-0.052801512	-0.018585205
 -0.05270233	-0.018497467
-0.052606203	  -0.0184021
-0.052508544	-0.018276215
-0.052410889	-0.018127441
 -0.05231018	-0.018035889
-0.052215576	-0.017936707
-0.052117921	-0.017829895
 -0.05202179	-0.017749786
-0.051922608	-0.017635345
 -0.05182495	-0.017498016
-0.051730346	-0.017360687
-0.051631164	-0.017234802
-0.051535033	-0.017131805
-0.051434327	-0.017051697
-0.051336668	-0.016967773
-0.051235963	-0.016860962
-0.051141359	 -0.01676178
  -0.0510437	-0.016674042
-0.050949097	-0.016571045
-0.050848387	-0.016475677
-0.050750732	-0.016372681
-0.050653078	-0.016277313
-0.050559998	-0.016166687
-0.050457764	-0.016044617
-0.050361633	-0.015914917
-0.050265502	-0.015815735
-0.050164796	-0.015712738
-0.050067138	-0.015640259
-0.049974062	-0.015548706
-0.049874879	-0.015445709
-0.049777221	-0.015346527
 -0.04968109	 -0.01525116
-0.049581908	-0.015151978
-0.049482726	-0.015048981
-0.049386598	-0.014953613
-0.049285889	-0.014858246
-0.049189758	-0.014717102
-0.049093626	-0.014595032
-0.048999023	 -0.01448822
-0.048899841	-0.014404297
-0.048800658	-0.014331818
-0.048704527	-0.014263153
-0.048606873	-0.014167786
 -0.04850769	-0.014072418
-0.048406981	-0.013965607
-0.048313905	-0.013877869
-0.048214722	-0.013786316
-0.048120119	-0.013694763
 -0.04802246	-0.013587952
-0.047921754	 -0.01348114
-0.047824096	-0.013370514
-0.047729492	-0.013263702
 -0.04763031	-0.013175964
-0.047531128	-0.013092041
-0.047434997	-0.013023376
-0.047331236	-0.012954712
-0.047239684	-0.012870789
-0.047142029	-0.012775421
-0.047045898	-0.012680054
-0.046946716	-0.012592316
-0.046847533	-0.012516022
-0.046749879	-0.012435913
-0.046655275	-0.012348175
-0.046554565	-0.012245178
-0.046455383	-0.012123108
-0.046363831	-0.012039185
-0.046261597	-0.011962891
-0.046163939	-0.011894226
-0.046069335	-0.011837006
-0.045968629	-0.011760712
-0.045874022	-0.011669159
-0.045776367	-0.011581421
-0.045678712	-0.011493683
-0.045581054	-0.011398315
-0.045483399	-0.011329651
-0.045385741	-0.011249542
-0.045285035	 -0.01115799
-0.045190431	-0.011058807
-0.045092773	-0.010971069
-0.044995118	-0.010887146
-0.044897459	-0.010822296
-0.044798277	-0.010757446
-0.044703674	-0.010696411
-0.044604491	-0.010620117
-0.044506837	-0.010536194
-0.044407655	-0.010444641
-0.044311523	-0.010368347
-0.044213869	-0.010307312
-0.044119261	-0.010219574
-0.044017028	-0.010139465
-0.043923952	-0.010044098
-0.043820191	-0.0099639893
-0.043725587	-0.0098876953
-0.043627929	-0.0098114014
-0.043530274	-0.0097503662
-0.043432616	-0.0096817017
-0.043333434	-0.0096054077
-0.043237306	-0.0095405579
-0.043139648	-0.0094528198
-0.043043517	-0.0093765259
-0.042944334	-0.0093154907
 -0.04284668	-0.0092468262
-0.042752076	-0.0091781616
-0.042651366	-0.0090942383
-0.042556763	-0.0089988708
-0.042459108	-0.0089149475
-0.042359926	-0.0088500977
-0.042263795	-0.0087890625
-0.042163085	-0.0087356567
-0.042070009	-0.0086669922
-0.041967772	-0.0085906982
-0.041874696	-0.008518219
-0.041772462	-0.0084457397
-0.041677855	-0.0083770752
-0.041577149	 -0.00831604
-0.041479491	-0.0082397461
-0.041383363	-0.0081558228
-0.041284181	-0.0080871582
 -0.04118805	-0.0080032349
-0.041091919	-0.0079269409
-0.040994264	-0.0078735352
-0.040895082	  -0.0078125
-0.040800475	-0.0077552795
-0.040704347	-0.007686615
 -0.04060211	-0.0076179504
-0.040501405	-0.0075454712
-0.040405273	-0.0074806213
-0.040309142	-0.0074310303
-0.040213011	-0.0073661804
-0.040115356	-0.0072860718
-0.040020753	-0.0072174072
-0.039920043	-0.0071296692
-0.039823912	-0.0070495605
 -0.03972473	-0.0069961548
-0.039627075	-0.006942749
 -0.03952942	-0.0068893433
-0.039428711	-0.0068359375
-0.039334107	-0.0067710876
-0.039239503	-0.0066986084
-0.039138794	-0.0066452026
-0.039041139	-0.0065727234
-0.038945008	-0.0065193176
-0.038848877	-0.0064430237
-0.038748167	-0.0063858032
-0.038653564	-0.0063095093
-0.038552858	-0.0062408447
-0.038455199	-0.0061759949
-0.038357545	-0.0061264038
-0.038261414	-0.0060806274
-0.038163759	-0.0060195923
-0.038064577	-0.0059585571
-0.037968446	-0.0059013367
-0.037870787	-0.0058403015
 -0.03777466	-0.0057754517
-0.037675478	 -0.00573349
-0.037579346	-0.0056648254
-0.037478637	-0.005607605
-0.037380982	-0.0055427551
-0.037286378	-0.0054740906
 -0.03718872	-0.0054168701
-0.037092589	-0.005355835
-0.036991883	-0.0053100586
-0.036895752	-0.0052642822
-0.036795042	-0.0052146912
-0.036697388	-0.005153656
-0.036599733	-0.0050888062
-0.036505125	-0.0050315857
 -0.03640442	-0.0049934387
-0.036309816	-0.0049285889
-0.036212157	-0.0048751831
-0.036114503	-0.0048141479
-0.036013793	-0.0047454834
-0.035919189	-0.0046844482
-0.035823058	-0.0046424866
-0.035723876	-0.0046005249
-0.035626221	-0.0045509338
-0.035527039	-0.0045013428
-0.035430908	-0.0044364929
-0.035334777	-0.0043869019
-0.035235595	-0.0043334961
 -0.03513794	-0.0042686462
-0.035040282	-0.004234314
-0.034945678	-0.0041809082
-0.034844972	-0.0041351318
-0.034748841	-0.0040740967
-0.034649659	-0.0040130615
-0.034553528	-0.0039596558
-0.034452818	-0.0039138794
-0.034358215	-0.0038795471
-0.034259032	-0.0038261414
-0.034162901	-0.0037765503
-0.034065247	-0.0037307739
-0.033966064	-0.0036888123
-0.033866882	-0.0036239624
-0.033773802	-0.0035858154
-0.033673096	-0.0035400391
-0.033575438	-0.0035018921
-0.033480834	-0.0034446716
-0.033383179	-0.0033760071
-0.033287048	-0.0033302307
-0.033184815	-0.0032806396
-0.033090211	-0.0032348633
-0.032995604	-0.0032043457
-0.032891847	-0.003162384
-0.032795716	-0.0031166077
-0.032696534	-0.0030632019
-0.032598875	-0.0030174255
-0.032504272	-0.0029830933
 -0.03240509	-0.0029449463
-0.032305907	-0.0029029846
-0.032211304	-0.0028419495
-0.032113649	-0.0028076172
 -0.03201599	-0.002746582
-0.031919859	-0.0027084351
-0.031820677	-0.002658844
-0.031721495	-0.0026397705
-0.031622313	-0.0025978088
-0.031529237	-0.0025558472
-0.031431578	-0.0025138855
-0.031333923	-0.0024719238
-0.031234741	-0.0024414063
-0.031137085	-0.0023994446
-0.031039428	-0.0023651123
 -0.03093872	-0.0023117065
-0.030842591	-0.0022659302
-0.030743409	-0.0022239685
-0.030645752	-0.0021820068
-0.030551147	-0.0021476746
-0.030456543	-0.0021095276
-0.030358886	-0.0020828247
-0.030258179	-0.0020446777
-0.030160522	-0.0020065308
-0.030062865	-0.0019721985
-0.029965211	-0.0019340515
-0.029870605	-0.0018920898
-0.029769897	-0.0018501282
-0.029675294	-0.0018119812
-0.029574584	-0.0017814636
 -0.02947998	-0.0017471313
-0.029377747	-0.0017204285
-0.029281616	-0.0016899109
-0.029182434	-0.0016593933
 -0.02908783	-0.0016174316
-0.028985595	-0.0015907288
-0.028895568	-0.0015525818
-0.028793335	-0.0015220642
-0.028698731	-0.0014915466
-0.028599549	-0.0014457703
-0.028501892	-0.0014190674
-0.028404236	-0.0013847351
-0.028306579	-0.0013504028
 -0.02821045	-0.0013275146
-0.028112793	-0.0013008118
-0.028012086	-0.0012741089
 -0.02791748	-0.0012435913
-0.027816772	-0.0012207031
-0.027722169	-0.0011787415
-0.027621459	-0.001159668
-0.027526855	-0.001121521
-0.027429199	-0.0010986328
-0.027330017	-0.0010681152
 -0.02723236	-0.0010375977
-0.027136231	-0.0010070801
-0.027038574	-0.0009803772
-0.026942443	-0.00094604492
-0.026843261	-0.00093078613
-0.026747132	-0.00090408325
-0.026646424	-0.00087738037
-0.026550293	-0.00085830688
-0.026449585	-0.0008392334
-0.026353454	-0.00080108643
-0.026257325	-0.00078964233
-0.026159668	-0.00076293945
-0.026058961	-0.00073242188
-0.025967408	-0.00071716309
-0.025866698	-0.0006942749
-0.025769044	-0.00066375732
-0.025671387	-0.00064086914
-0.025576781	-0.00062942505
-0.025476074	-0.00061798096
-0.025376892	-0.00058746338
-0.025280762	-0.00056838989
-0.025183106	-0.00054931641
-0.025082398	-0.00053405762
-0.024990845	-0.00051498413
-0.024893189	-0.00048828125
-0.024792481	-0.00047302246
-0.024697876	-0.00046157837
-0.024597168	-0.00043487549
-0.024499511	-0.0004196167
-0.024403382	-0.00039672852
  -0.0243042	-0.00038528442
-0.024208069	-0.00037765503
-0.024108887	-0.00035858154
-0.024012756	-0.00033950806
-0.023916626	-0.00033569336
 -0.02381897	-0.00030899048
-0.023721313	-0.00030517578
-0.023623656	-0.00028610229
-0.023522949	-0.0002746582
-0.023428345	-0.00026702881
-0.023327637	-0.00024414063
-0.023231506	-0.00023651123
-0.023130799	-0.00022125244
-0.023039246	-0.00020980835
-0.022940064	-0.00021362305
-0.022842407	-0.00018692017
-0.022744751	-0.00019073486
-0.022647094	-0.00017166138
-0.022543335	-0.00015640259
-0.022447204	-0.00014877319
-0.022351075	-0.0001449585
-0.022256469	-0.0001373291
-0.022155762	-0.00012588501
-0.022061158	-0.00012969971
-0.021965027	-0.00012207031
 -0.02186737	-0.00010681152
-0.021768188	-9.9182129e-005
-0.021672059	-9.9182129e-005
-0.021572877	-9.5367432e-005
-0.021473695	-9.5367432e-005
-0.021380614	-8.392334e-005
-0.021281432	-7.6293945e-005
 -0.02118225	-7.2479248e-005
-0.021087646	-7.6293945e-005
-0.020988464	-6.4849854e-005
-0.020892333	-5.7220459e-005
-0.020791626	-6.1035156e-005
-0.020697022	-4.9591064e-005
-0.020596314	-4.5776367e-005
-0.020498658	-4.5776367e-005
-0.020401001	-5.3405762e-005
-0.020306397	-3.8146973e-005
-0.020205688	-4.5776367e-005
-0.020111084	-3.8146973e-005
-0.020011902	-4.5776367e-005
-0.019915771	-3.8146973e-005
-0.019816589	-4.5776367e-005
-0.019718934	-3.8146973e-005
-0.019619752	-4.196167e-005
-0.019523621	-3.8146973e-005
-0.019424438	-3.0517578e-005
-0.019326782	-3.0517578e-005
-0.019229125	-3.0517578e-005
-0.019136047	-3.4332275e-005
-0.019036865	-3.8146973e-005
-0.018939208	-2.6702881e-005
-0.018843079	-3.4332275e-005
-0.018743897	-2.2888184e-005
-0.018643189	-3.0517578e-005
-0.018548584	-2.6702881e-005
-0.018447876	-3.0517578e-005
-0.018350219	-2.2888184e-005
-0.018251037	-3.0517578e-005
-0.018157959	-2.6702881e-005
-0.018060302	-2.6702881e-005
-0.017964173	-2.2888184e-005
-0.017863464	-2.6702881e-005
-0.017770385	-2.2888184e-005
-0.017666627	-2.2888184e-005
-0.017572021	-3.4332275e-005
-0.017472839	-3.8146973e-005
 -0.01737671	-2.6702881e-005
   -0.017276	-2.2888184e-005
-0.017182922	-2.6702881e-005
 -0.01708374	-2.6702881e-005
-0.016989136	-3.0517578e-005
-0.016891479	-2.6702881e-005
-0.016790772	-1.5258789e-005
 -0.01669159	-2.6702881e-005
-0.016598511	-3.0517578e-005
-0.016496276	-2.6702881e-005
-0.016400147	-1.5258789e-005
-0.016302491	-2.6702881e-005
-0.016209412	-1.9073486e-005
-0.016107177	-2.2888184e-005
-0.016011048	-1.9073486e-005
-0.015913391	-1.9073486e-005
-0.015818786	-1.5258789e-005
-0.015716553	-2.6702881e-005
-0.015618896	-2.2888184e-005
 -0.01552124	-1.9073486e-005
-0.015426636	-3.4332275e-005
-0.015328979	-2.6702881e-005
-0.015231323	-2.2888184e-005
-0.015133667	-2.2888184e-005
-0.015036011	-2.2888184e-005
-0.014938354	-3.0517578e-005
-0.014839172	-3.0517578e-005
 -0.01473999	-2.2888184e-005
-0.014645386	-2.6702881e-005
-0.014546203	-1.5258789e-005
-0.014447021	-2.2888184e-005
-0.014349366	-3.4332275e-005
-0.014254761	-2.6702881e-005
-0.014160156	-3.0517578e-005
-0.014059449	-2.2888184e-005
 -0.01395874	-2.2888184e-005
-0.013864135	-2.6702881e-005
-0.013763428	-2.2888184e-005
-0.013665771	-2.2888184e-005
-0.013568115	-3.4332275e-005
-0.013473511	-1.9073486e-005
-0.013372803	-1.9073486e-005
-0.013279724	-2.2888184e-005
-0.013180542	-2.2888184e-005
-0.013082886	-2.2888184e-005
-0.012982178	-3.0517578e-005
-0.012887573	-2.2888184e-005
-0.012786865	-2.6702881e-005
-0.012692261	-3.0517578e-005
-0.012591553	-2.6702881e-005
-0.012495423	-2.2888184e-005
-0.012396241	-2.6702881e-005
-0.012304688	-2.6702881e-005
-0.012203979	-2.2888184e-005
-0.012106324	-2.2888184e-005
-0.012008667	-2.2888184e-005
-0.011912537	-1.9073486e-005
-0.011813355	-3.0517578e-005
-0.011715698	-2.2888184e-005
-0.011618042	-2.2888184e-005
-0.011521911	-2.6702881e-005
-0.011422729	-3.0517578e-005
-0.011326599	-2.6702881e-005
-0.011231994	-2.2888184e-005
-0.011129761	-2.2888184e-005
-0.011029053	-2.2888184e-005
-0.010935974	-3.0517578e-005
-0.010835266	-2.2888184e-005
-0.010739136	-2.2888184e-005
 -0.01064148	-3.0517578e-005
-0.010543823	-2.2888184e-005
-0.010447693	-2.2888184e-005
-0.010351563	-3.0517578e-005
-0.010255432	-2.2888184e-005
-0.010153199	-2.2888184e-005
-0.010058594	-3.0517578e-005
-0.0099624638	-2.2888184e-005
-0.0098602297	-2.2888184e-005
-0.009765625	-2.6702881e-005
-0.0096679684	-3.0517578e-005
-0.0095687862	-3.4332275e-005
-0.0094711306	-2.2888184e-005
-0.0093750004	-2.2888184e-005
-0.0092773438	-3.4332275e-005
-0.0091796871	-3.0517578e-005
-0.0090835569	-3.4332275e-005
-0.0089843748	-2.2888184e-005
-0.0088882446	-2.6702881e-005
-0.008790588	-2.2888184e-005
-0.0086898804	-3.4332275e-005
-0.0085937502	-2.2888184e-005
-0.0084960936	-2.2888184e-005
-0.0084014889	-2.6702881e-005
-0.0083007813	-2.2888184e-005
-0.0082061766	-2.6702881e-005
-0.0081054689	-2.2888184e-005
-0.0080123898	-3.4332275e-005
-0.0079086302	-3.0517578e-005
  -0.0078125	-2.2888184e-005
-0.0077148438	-2.6702881e-005
-0.0076187132	-2.6702881e-005
-0.0075164796	-2.2888184e-005
-0.0074249269	-2.2888184e-005
-0.0073257447	-2.6702881e-005
-0.0072296141	-3.4332275e-005
-0.0071319579	-2.6702881e-005
-0.0070358277	-2.6702881e-005
-0.0069335937	-2.2888184e-005
-0.0068359375	-3.0517578e-005
-0.0067382813	-3.0517578e-005
-0.0066406252	-2.2888184e-005
-0.0065414431	-2.6702881e-005
-0.0064453124	-3.8146973e-005
-0.0063507082	-3.0517578e-005
-0.0062530516	-3.4332275e-005
-0.006150818	-3.0517578e-005
-0.0060546873	-2.2888184e-005
-0.0059570312	-2.6702881e-005
-0.0058639525	-2.6702881e-005
-0.0057617188	-3.0517578e-005
-0.0056671142	-1.9073486e-005
-0.005567932	-2.2888184e-005
-0.0054702759	-3.0517578e-005
-0.0053680418	-2.2888184e-005
-0.0052734376	-1.9073486e-005
-0.0051773069	-1.5258789e-005
-0.0050796508	-2.2888184e-005
-0.0049804687	-3.0517578e-005
 -0.00488739	-3.0517578e-005
-0.0047882078	-1.9073486e-005
-0.0046905517	-3.0517578e-005
-0.0045913695	-2.6702881e-005
-0.0044967653	-3.0517578e-005
-0.0043975832	-1.9073486e-005
-0.0042999266	-2.6702881e-005
-0.0042053224	-2.2888184e-005
-0.0041046143	-1.9073486e-005
-0.0040039062	-3.0517578e-005
-0.0039123534	-3.0517578e-005
-0.0038116456	-3.4332275e-005
-0.0037139892	-1.9073486e-005
-0.0036193847	-1.9073486e-005
-0.0035202026	-3.0517578e-005
-0.0034210205	-2.6702881e-005
 -0.00332489	-2.2888184e-005
-0.0032196045	-3.0517578e-005
-0.0031280518	-2.2888184e-005
-0.0030273437	-2.2888184e-005
-0.0029357909	-1.9073486e-005
-0.0028381348	-2.2888184e-005
-0.0027404786	-2.6702881e-005
-0.0026397705	-2.2888184e-005
-0.0025421144	-2.2888184e-005
-0.0024429322	-3.0517578e-005
-0.0023468018	-2.2888184e-005
-0.0022491454	-3.0517578e-005
-0.002154541	-2.2888184e-005
-0.0020523071	-1.9073486e-005
-0.0019577027	-2.2888184e-005
-0.0018585206	-1.9073486e-005
-0.0017608643	-2.2888184e-005
-0.0016616822	-2.2888184e-005
-0.0015686036	-2.6702881e-005
-0.0014648438	-2.2888184e-005
-0.0013702393	-2.6702881e-005
-0.0012741089	-3.0517578e-005
-0.0011779785	-2.2888184e-005
-0.0010757446	-3.4332275e-005
-0.00098419189	-1.9073486e-005
-0.00088500977	-3.0517578e-005
-0.00078735349	-2.6702881e-005
-0.00068969728	-2.6702881e-005
-0.00059356692	-2.2888184e-005
-0.00049285888	-2.2888184e-005
-0.00039672852	-2.6702881e-005
-0.00029754639	-2.6702881e-005
-0.00020141601	-1.5258789e-005
-0.00010070801	-2.2888184e-005
-7.6293945e-006	-2.6702881e-005
8.8500979e-005	-1.9073486e-005
0.00018768311	-2.2888184e-005
0.00028686522	-1.9073486e-005
0.00037994384	-2.6702881e-005
0.00048217774	-2.6702881e-005
0.00057830813	-2.2888184e-005
0.00067749026	-1.5258789e-005
0.0007720947	-2.6702881e-005
0.00087585452	-2.2888184e-005
0.00096740725	-3.0517578e-005
0.0010681152	-1.5258789e-005
0.0011642457	-2.2888184e-005
0.0012634278	-2.2888184e-005
0.0013595581	-3.0517578e-005
0.0014587402	-3.4332275e-005
0.0015548706	-2.2888184e-005
0.0016540528	-2.2888184e-005
0.0017486572	-2.2888184e-005
0.0018508912	-2.6702881e-005
0.0019439697	-1.5258789e-005
0.0020446777	-1.5258789e-005
0.0021392822	-2.6702881e-005
0.0022399903	-2.6702881e-005
0.0023345947	-3.4332275e-005
0.0024368286	-3.0517578e-005
 0.002532959	-3.0517578e-005
0.0026290894	-2.2888184e-005
0.0027267456	-3.0517578e-005
0.0028259277	-2.2888184e-005
0.0029190064	-1.9073486e-005
0.0030181885	-2.2888184e-005
0.0031143189	-2.6702881e-005
0.0032135011	-2.6702881e-005
0.0033096313	-3.0517578e-005
0.0034118653	-2.2888184e-005
0.0035049438	-3.0517578e-005
0.0036056519	-1.9073486e-005
0.0037017823	-2.6702881e-005
0.0038024902	-2.6702881e-005
0.0038970946	-1.9073486e-005
0.0039962768	-3.0517578e-005
0.0040924074	-1.9073486e-005
0.0041900636	-2.2888184e-005
0.0042846678	-3.0517578e-005
0.0043853759	-1.9073486e-005
 0.004483032	-2.6702881e-005
0.0045806887	-1.9073486e-005
0.0046783448	-2.6702881e-005
0.0047790529	-2.6702881e-005
0.0048721312	-2.2888184e-005
0.0049713133	-3.4332275e-005
 0.005065918	-3.0517578e-005
 0.005168152	-2.6702881e-005
0.0052612303	-1.9073486e-005
0.0053619384	-2.2888184e-005
 0.005458069	-3.0517578e-005
0.0055572512	-3.0517578e-005
0.0056518554	-3.4332275e-005
0.0057525635	-2.6702881e-005
0.0058471682	-1.9073486e-005
0.0059478758	-2.6702881e-005
0.0060455324	-1.9073486e-005
0.0061431886	-2.2888184e-005
0.0062362673	-2.6702881e-005
0.0063385009	-3.0517578e-005
0.0064346315	-3.0517578e-005
0.0065338137	-1.9073486e-005
0.0066314698	-1.5258789e-005
 0.006729126	-1.9073486e-005
0.0068237307	-2.2888184e-005
0.0069213868	-2.2888184e-005
 0.007019043	-2.6702881e-005
0.0071166991	-2.2888184e-005
0.0072128298	-2.2888184e-005
0.0073150634	-2.6702881e-005
0.0074127195	-2.2888184e-005
0.0075073242	-2.2888184e-005
0.0076049804	-2.2888184e-005
0.0077056885	-2.2888184e-005
0.0078002932	-2.2888184e-005
0.0079010008	-3.0517578e-005
0.0079956055	-1.9073486e-005
0.0080947876	-2.6702881e-005
0.0081878658	-2.2888184e-005
0.0082916263	-2.2888184e-005
 0.008389282	-2.2888184e-005
0.0084838867	-2.2888184e-005
0.0085815433	-2.2888184e-005
0.0086807255	-2.2888184e-005
0.0087753292	-2.2888184e-005
0.0088714603	-3.0517578e-005
0.0089706425	-3.0517578e-005
0.0090698246	-2.2888184e-005
0.0091644283	-2.2888184e-005
0.0092681888	-2.6702881e-005
 0.009364319	-3.0517578e-005
0.0094635012	-3.8146973e-005
0.0095581058	-3.0517578e-005
0.0096588135	-2.2888184e-005
0.0097503662	-2.2888184e-005
0.0098510738	-2.2888184e-005
0.0099456785	-2.6702881e-005
 0.010043335	-3.0517578e-005
 0.010140991	-3.4332275e-005
 0.010244751	-3.0517578e-005
 0.010339355	-1.9073486e-005
 0.010437012	-2.2888184e-005
 0.010534668	-2.6702881e-005
 0.010632324	-2.2888184e-005
 0.010726929	-3.0517578e-005
 0.010827636	-2.2888184e-005
 0.010923767	-2.2888184e-005
 0.011021423	-1.5258789e-005
 0.011117553	-3.0517578e-005
 0.011218262	-2.2888184e-005
 0.011314392	-2.6702881e-005
   0.0114151	-3.0517578e-005
 0.011511231	-2.2888184e-005
 0.011608887	-1.9073486e-005
 0.011703491	-2.6702881e-005
 0.011801148	-3.0517578e-005
 0.011897278	-1.9073486e-005
  0.01199646	-2.2888184e-005
 0.012091065	-2.2888184e-005
 0.012197876	-2.6702881e-005
  0.01229248	-2.2888184e-005
 0.012390137	-2.6702881e-005
 0.012487793	-2.2888184e-005
 0.012585449	-3.0517578e-005
 0.012677002	-2.2888184e-005
  0.01277771	-2.2888184e-005
 0.012875366	-2.6702881e-005
 0.012973023	-2.2888184e-005
 0.013066101	-2.6702881e-005
  0.01316986	-2.2888184e-005
 0.013269043	-3.0517578e-005
 0.013365174	-3.0517578e-005
 0.013461304	-2.6702881e-005
  0.01355896	-3.0517578e-005
 0.013653564	-2.2888184e-005
 0.013752746	-2.6702881e-005
 0.013851929	-2.2888184e-005
 0.013948059	-3.8146973e-005
 0.014045715	-2.2888184e-005
 0.014144897	-3.0517578e-005
 0.014242554	-2.6702881e-005
 0.014337158	-2.6702881e-005
 0.014437866	-2.2888184e-005
 0.014535522	-2.2888184e-005
 0.014633179	-1.9073486e-005
 0.014730835	-2.6702881e-005
 0.014830017	-1.9073486e-005
 0.014926148	-3.0517578e-005
 0.015023803	-1.9073486e-005
 0.015122985	-2.2888184e-005
 0.015214538	-2.6702881e-005
 0.015319824	-2.2888184e-005
 0.015415954	-2.2888184e-005
 0.015512085	-3.4332275e-005
 0.015606689	-1.5258789e-005
 0.015708923	-2.2888184e-005
 0.015803527	-1.9073486e-005
 0.015899658	-2.2888184e-005
 0.015997315	-3.0517578e-005
 0.016098022	-1.9073486e-005
 0.016195679	-2.2888184e-005
 0.016291808	-2.6702881e-005
  0.01639099	-3.4332275e-005
 0.016488647	-2.6702881e-005
   0.0165802	-2.2888184e-005
 0.016680907	-3.0517578e-005
 0.016778564	-2.2888184e-005
 0.016877746	-3.0517578e-005
 0.016973877	-2.6702881e-005
 0.017071534	-2.6702881e-005
 0.017170716	-2.6702881e-005
 0.017269898	-3.0517578e-005
 0.017364502	-2.2888184e-005
 0.017463684	-2.2888184e-005
 0.017558288	-2.2888184e-005
 0.017655944	-3.0517578e-005
 0.017755127	-3.0517578e-005
 0.017852783	-2.6702881e-005
 0.017948914	-2.2888184e-005
 0.018048096	-2.6702881e-005
   0.0181427	-2.6702881e-005
 0.018243408	-2.2888184e-005
 0.018341064	-1.5258789e-005
 0.018440247	-3.4332275e-005
 0.018533325	-1.5258789e-005
 0.018634032	-2.2888184e-005
 0.018731689	-1.1444092e-005
 0.018829346	-3.0517578e-005
 0.018925477	-1.9073486e-005
 0.019024659	-1.9073486e-005
 0.019119263	-3.0517578e-005
 0.019216919	-1.5258789e-005
 0.019317627	-2.6702881e-005
 0.019416809	-1.5258789e-005
 0.019514466	-1.9073486e-005
 0.019610595	-2.2888184e-005
 0.019708252	-2.2888184e-005
 0.019802857	-1.9073486e-005
 0.019900512	-7.6293945e-006
 0.020001221	-3.0517578e-005
 0.020095825	-7.6293945e-006
 0.020193482	-1.1444092e-005
 0.020294189	-7.6293945e-006
 0.020390321	-1.1444092e-005
 0.020489503	-3.8146973e-006
 0.020585632	-3.8146973e-006
 0.020684814	-1.1444092e-005
 0.020780945	-7.6293945e-006
 0.020877074	-3.8146973e-006
 0.020976257	3.8146973e-006
 0.021075439	3.8146973e-006
 0.021170044	3.8146973e-006
 0.021267701	1.1444092e-005
 0.021365356	2.2888184e-005
 0.021464538	1.5258789e-005
 0.021560669	2.2888184e-005
 0.021658326	3.0517578e-005
 0.021759033	1.9073486e-005
  0.02185669	2.2888184e-005
 0.021952819	3.8146973e-005
  0.02204895	4.196167e-005
 0.022146607	3.0517578e-005
 0.022244263	4.196167e-005
 0.022341918	4.9591064e-005
 0.022439575	6.1035156e-005
 0.022540282	6.1035156e-005
 0.022636414	5.7220459e-005
 0.022737121	7.2479248e-005
 0.022828674	8.392334e-005
 0.022929382	9.1552734e-005
 0.023025513	9.1552734e-005
 0.023123169	9.1552734e-005
 0.023220826	0.00012207031
 0.023320008	0.00011444092
 0.023413086	0.00012207031
 0.023513794	0.0001373291
 0.023611451	0.0001373291
 0.023709107	0.00015640259
 0.023806762	0.00016021729
 0.023905944	0.00017929077
  0.02400055	0.00017929077
 0.024099732	0.00019836426
 0.024197388	0.00020599365
 0.024296571	0.00020980835
 0.024389649	0.00022888184
 0.024490356	0.00023651123
 0.024586488	0.00025558472
 0.024684142	0.00026702881
 0.024780273	0.0002822876
 0.024879456	0.00030517578
 0.024978638	0.00030899048
 0.025074769	0.00032806396
 0.025170898	0.00035095215
 0.025271606	0.00036621094
 0.025369262	0.00037384033
 0.025465393	0.00039291382
 0.025564576	0.00040435791
 0.025659179	0.00042724609
 0.025756836	0.00043869019
 0.025856018	0.00045776367
 0.025952149	0.00048446655
 0.026049804	0.00050354004
 0.026147461	0.00052261353
 0.026248168	0.00054168701
 0.026341248	0.0005607605
  0.02644043	0.00057983398
 0.026538085	0.00060653687
 0.026635742	0.00062942505
 0.026731873	0.00064468384
 0.026832581	0.00067138672
 0.026924133	0.00068664551
 0.027023315	0.00070953369
 0.027122498	0.00074005127
 0.027220154	0.00075912476
 0.027319336	0.00079345703
 0.027418518	0.00081634521
 0.027511597	0.0008430481
 0.027610779	0.00086212158
 0.027709961	0.00089263916
 0.027809143	0.00092315674
 0.027902221	0.00094223022
 0.027999878	0.00096511841
  0.02809906	0.00099945068
 0.028195191	0.0010147095
 0.028292846	0.0010528564
 0.028392028	 0.001083374
  0.02849121	0.0011062622
 0.028588867	0.0011482239
 0.028681945	0.0011825562
 0.028785706	0.0012130737
 0.028878784	0.0012397766
 0.028977966	0.0012664795
 0.029074097	0.0012969971
 0.029171754	 0.001335144
 0.029272461	0.0013656616
 0.029367065	0.0013999939
 0.029466247	0.0014190674
 0.029562378	 0.001449585
 0.029660035	0.0014877319
  0.02975769	0.0015144348
 0.029852295	0.0015487671
 0.029949952	0.0015983582
  0.03005066	 0.001625061
 0.030151367	0.0016593933
 0.030247498	0.0016975403
 0.030343628	0.0017280579
 0.030441284	0.0017700195
 0.030538941	0.0018081665
 0.030633545	0.0018386841
 0.030734252	0.0018615723
 0.030830383	0.0019035339
 0.030926514	0.0019378662
 0.031025697	0.0019836426
 0.031124879	0.0020256042
 0.031221008	0.0020751953
 0.031320192	0.0021095276
 0.031419374	0.0021591187
 0.031517029	0.0021896362
  0.03161316	0.0022201538
 0.031710815	0.0022697449
 0.031805418	0.0023117065
 0.031906128	0.0023574829
 0.032002259	0.0023803711
 0.032099914	0.0024185181
 0.032199096	 0.002456665
 0.032296754	0.0025024414
 0.032391358	0.0025482178
 0.032492064	0.0026016235
 0.032586671	0.0026473999
 0.032690428	0.0026855469
 0.032780457	0.0027313232
  0.03288269	0.0027732849
 0.032977294	0.0028190613
 0.033078004	0.0028533936
 0.033175658	 0.002910614
 0.033273317	0.0029525757
 0.033369444	0.0029830933
 0.033468626	0.0030326843
 0.033563234	 0.003074646
  0.03366394	0.0031242371
 0.033758543	0.0031814575
 0.033856202	0.0032310486
 0.033956908	 0.003276825
 0.034054566	 0.003326416
 0.034147643	0.0033760071
 0.034246825	0.0034217834
 0.034347534	0.0034713745
 0.034443665	 0.003528595
  0.03454132	0.0035629272
 0.034638979	0.0036087036
 0.034732055	0.0036468506
 0.034832764	0.0037002563
 0.034930419	0.0037536621
 0.035029601	0.0038070679
 0.035125732	0.0038642883
 0.035226442	0.0039253235
 0.035321046	0.0039749146
   0.0354187	0.0040283203
 0.035516359	 0.004070282
 0.035617065	0.0041275024
 0.035711668	0.0041809082
   0.0358078	 0.004234314
 0.035903931	0.0042800903
  0.03600464	0.0043258667
 0.036099244	0.0043754578
 0.036198426	0.0044212341
 0.036299132	 0.004486084
 0.036398314	0.0045509338
 0.036489867	0.0046195984
 0.036593627	0.0046730042
  0.03668518	0.0047187805
 0.036785889	 0.004776001
 0.036883544	0.0048408508
 0.036982726	0.0048980713
 0.037075806	0.0049438477
 0.037176512	0.0050048828
 0.037272643	0.0050544739
 0.037371825	0.0051116943
 0.037471008	0.0051612854
 0.037567139	0.0052108765
 0.037660219	 0.005279541
 0.037759401	0.0053443909
 0.037857056	0.0054244995
 0.037959289	0.0054702759
 0.038052369	 0.005531311
 0.038153075	0.0055847168
 0.038253784	0.0056533813
 0.038346864	0.0057182312
 0.038446046	0.0057678223
 0.038542174	 0.005821228
 0.038636781	0.0058822632
 0.038735963	0.0059318542
 0.038833618	0.0060005188
 0.038934328	 0.006061554
 0.039028931	0.0061340332
 0.039129637	0.0062065125
 0.039225768	 0.006275177
 0.039321899	0.0063476563
 0.039422609	0.0063934326
 0.039520264	0.0064544678
 0.039616395	0.0065307617
 0.039712526	0.0065879822
 0.039808653	 0.006652832
 0.039907835	0.0067138672
 0.040005494	0.0067634583
 0.040103149	0.0068244934
 0.040200807	 0.006893158
 0.040298462	0.0069770813
 0.040393066	0.0070610046
 0.040495299	0.0071220398
 0.040588379	 0.007194519
 0.040690612	0.0072593689
 0.040786743	0.0073204041
 0.040887453	0.0073928833
 0.040979005	0.0074577332
 0.041082762	 0.007522583
  0.04117737	0.0075836182
 0.041276552	0.0076408386
 0.041371156	0.0076980591
  0.04146881	0.0077819824
 0.041563414	0.0078468323
 0.041662596	0.0079345703
 0.041761778	 0.008014679
  0.04186096	0.0080871582
 0.041958619	0.0081558228
 0.042053223	 0.008228302
 0.042153932	0.0082893372
  0.04225006	0.0083465576
 0.042346191	0.0084190369
 0.042443849	0.0084915161
 0.042544555	0.0085678101
 0.042639159	0.0086593628
 0.042739868	0.0087432861
 0.042837523	0.0088272095
 0.042933654	 0.008895874
 0.043029785	0.0089569092
 0.043130495	0.0090408325
 0.043225098	0.0091171265
 0.043325804	0.0091934204
 0.043420412	0.0092697144
 0.043518066	0.0093307495
  0.04361267	0.0093994141
 0.043716431	 0.009475708
 0.043814085	 0.009552002
 0.043911744	0.0096359253
 0.044006348	0.0097351074
  0.04410553	0.0098190308
 0.044203185	  0.00989151
 0.044299316	0.0099716187
 0.044398498	 0.010055542
 0.044494629	 0.010131836
  0.04459076	 0.010215759
 0.044691466	 0.010292053
 0.044786073	 0.010364532
 0.044885255	 0.010440826
 0.044985961	 0.010513306
  0.04508362	  0.01058197
 0.045178223	 0.010684967
 0.045275878	  0.01077652
 0.045370482	 0.010871887
 0.045471191	 0.010955811
 0.045568846	 0.011043549
 0.045668028	 0.011127472
 0.045764159	 0.011203766
 0.045861818	 0.011295319
 0.045962524	 0.011375427
 0.046060182	 0.011455536
 0.046151735	 0.011539459
 0.046252441	 0.011600494
 0.046348572	 0.011676788
 0.046444703	  0.01177597
 0.046545409	 0.011875153
 0.046644591	 0.011981964
 0.046740722	 0.012065887
 0.046841431	 0.012153625
 0.046934508	 0.012252808
 0.047032166	 0.012329102
 0.047128297	 0.012424469
  0.04722748	 0.012512207
 0.047323607	 0.012607574
 0.047418214	 0.012687683
  0.04751892	 0.012756348
  0.04761963	  0.01285553
 0.047717284	 0.012943268
 0.047814943	 0.013034821
 0.047912598	 0.013145447
 0.048010252	 0.013259888
  0.04810486	 0.013343811
 0.048205566	 0.013442993
 0.048297118	 0.013538361
 0.048400879	 0.013626099
 0.048495483	 0.013721466
 0.048593141	 0.013824463
 0.048690796	 0.013916016
 0.048788451	  0.01399231
  0.04888916	 0.014083862
 0.048986815	 0.014160156
 0.049079895	 0.014274597
 0.049180605	 0.014377594
 0.049276732	 0.014499664
  0.04937439	 0.014606476
 0.049468994	 0.014713287
 0.049569704	 0.014801025
 0.049664307	 0.014904022
 0.049768068	  0.01499176
 0.049864195	 0.015106201
 0.049961854	 0.015205383
  0.05005493	 0.015289307
  0.05015564	  0.01537323
 0.050253294	 0.015464783
 0.050350953	 0.015579224
 0.050447084	 0.015693665
  0.05054779	  0.01581192
  0.05064087	 0.015937805
 0.050743103	 0.016040802
 0.050840758	 0.016151428
 0.050936889	 0.016242981
 0.051031493	 0.016342163
 0.051130675	 0.016464233
 0.051232912	 0.016563416
 0.051325988	 0.016666412
 0.051422119	  0.01676178
 0.051522829	 0.016853333
 0.051618956	 0.016960144
 0.051718138	 0.017066956
 0.051815797	 0.017189026
   0.0519104	 0.017307281
 0.052008055	 0.017425537
 0.052108765	 0.017532349
 0.052206419	  0.01763916
 0.052304078	 0.017726898
 0.052401733	  0.01783371
 0.052499391	 0.017948151
 0.052597046	 0.018043518
 0.052693177	 0.018135071
 0.052792359	 0.018241882
 0.052890014	 0.018341064
 0.052986145	 0.018447876
   0.0530838	 0.018566132
 0.053181458	 0.018692017
 0.053277589	 0.018795013
 0.053375244	 0.018878937
 0.053475954	 0.018959045
 0.053573608	 0.019046783
  0.05366974	 0.019130707
 0.053767394	 0.019233704
 0.053861998	 0.019306183
  0.05396118	 0.019416809
 0.054058839	 0.019508362
 0.054156493	 0.019565582
 0.054251097	 0.019634247
 0.054351807	 0.019775391
 0.054447938	 0.019897461
  0.05454712	  0.01996994
 0.054646302	 0.020076752
 0.054743957	 0.020149231
 0.054837037	 0.020202637
 0.054937743	 0.020320892
  0.05503235	  0.02040863
 0.055131532	 0.020515442
 0.055230714	 0.020557404
 0.055328369	 0.020671844
 0.055422973	 0.020748138
 0.055522155	   0.0207901
 0.055619814	 0.020896912
 0.055718996	 0.021034241
 0.055813599	 0.021183014
 0.055911254	 0.021320343
 0.056008913	 0.021392822
 0.056108095	 0.021484375
 0.056201171	 0.021633148
 0.056307983	 0.021720886
 0.056402586	 0.021842957
 0.056500245	 0.021961212
   0.0565979	 0.021995544
 0.056697082	 0.022140503
 0.056790162	  0.02223587
 0.056889344	 0.022354126
 0.056985475	 0.022449493
  0.05708313	 0.022575378
 0.057182312	  0.02274704
 0.057281494	 0.022888184
 0.057379149	 0.023006439
  0.05747528	 0.023124695
 0.057571411	 0.023223877
 0.057672121	 0.023345947
 0.057766724	 0.023475647
 0.057862855	 0.023590088
 0.057963561	 0.023704529
 0.058064271	 0.023830414
 0.058157347	  0.02387619
 0.058258057	 0.023853302
 0.058355711	 0.024108887
  0.05845337	  0.02432251
 0.058546446	 0.024406433
 0.058647156	 0.024581909
 0.058743287	 0.024650574
 0.058840942	 0.024757385
   0.0589386	 0.024879456
 0.059036255	 0.025028229
  0.05913391	  0.02514267
 0.059234619	 0.025268555
  0.05933075	 0.025318146
 0.059426881	 0.025463104
 0.059524536	 0.025520325
 0.059625246	 0.025566101
 0.059716798	  0.02558136
 0.059817504	 0.025722504
 0.059915163	 0.026069641
 0.060012817	  0.02620697
 0.060107421	 0.026397705
 0.060208131	 0.026443481
 0.060307313	 0.026657104
 0.060404968	 0.026779175
 0.060502626	 0.026817322
 0.060598753	 0.026988983
 0.060693361	 0.027164459
 0.060792543	 0.027378082
  0.06088867	 0.027393341
  0.06098938	  0.02747345
 0.061087035	 0.027664185
 0.061184693	 0.027893066
 0.061283875	 0.028137207
 0.061383057	 0.028141022
  0.06147461	 0.028087616
 0.061575316	 0.028327942
 0.061669923	 0.028446198
 0.061767578	 0.028610229
 0.061865233	 0.028820038
 0.061962891	 0.028495789
 0.062060546	 0.028438568
 0.062162779	 0.029018402
 0.062255859	 0.029060364
 0.062356569	 0.029285431
 0.062451173	 0.029644012
 0.062551878	  0.02973938
 0.062644958	 0.029884338
 0.062744141	 0.030021667
 0.062841795	 0.029953003
 0.062940978	 0.030197144
 0.063035585	 0.030647278
 0.063136294	 0.030677795
 0.063230895	  0.03080368
 0.063333131	 0.030925751
 0.063427731	 0.030986786
 0.063528441	  0.03137207
 0.063618466	 0.031532288
 0.063720703	 0.031562805
 0.063815311	 0.031463623
  0.06391754	 0.031658173
 0.064013675	 0.032058716
 0.064112857	 0.032478333
 0.064210512	 0.032611847
 0.064305112	 0.032619476
 0.064404294	 0.032951355
 0.064501956	 0.033126831
 0.064598083	 0.032859802
 0.064697266	 0.032966614
  0.06479492	 0.033397675
 0.064891055	 0.033630371
 0.064987183	 0.033950806
 0.065087892	 0.034202576
 0.065185547	 0.034034729
 0.065283202	 0.034378052
 0.065377809	 0.034713745
 0.065478519	 0.034606934
 0.065573119	 0.034862518
 0.065673828	 0.035114288
 0.065768436	 0.035457611
  0.06586609	 0.035617828
 0.065963745	 0.036121368
 0.066064455	 0.036624908
 0.066162109	 0.036407471
 0.066253662	 0.035732269
 0.066355899	 0.036239624
 0.066452026	 0.036045074
 0.066549681	 0.036270142
 0.066647336	 0.036727905
 0.066746518	 0.037197113
 0.066842653	 0.036998749
 0.066941835	 0.037086487
 0.067041017	 0.037242889
 0.067138672	 0.037132263
 0.067234799	 0.037612915
 0.067330934	 0.038425446
 0.067430116	 0.038646698
 0.067527771	   0.0390625
 0.067623898	  0.03937912
 0.067720033	 0.038963318
 0.067820743	 0.039394379
  0.06791687	 0.039821625
 0.068014525	 0.039970398
  0.06811218	 0.040325165
 0.068209842	  0.03993988
 0.068307497	 0.040336609
 0.068405151	 0.039855957
 0.068502806	 0.040504456
 0.068597414	 0.041168213
 0.068696596	 0.041893005
 0.068798825	 0.042011261
 0.068893433	 0.042312622
 0.068994142	 0.042331696
 0.069087222	 0.042289734
  0.06918335	 0.042785645
 0.069284059	 0.042877197
 0.069381714	  0.04340744
 0.069477841	 0.043460846
 0.069577023	 0.043811798
 0.069673158	 0.043872833
 0.069770813	 0.043300629
  0.06986694	 0.043395996
  0.06996765	 0.043312073
 0.070065305	 0.044372559
 0.070159912	  0.04486084
 0.070260622	 0.045661926
 0.070361331	 0.045570374
 0.070455931	 0.046058655
 0.070552066	 0.045959473
 0.070649721	 0.045074463
  0.07075043	 0.045597076
 0.070843503	 0.046157837
 0.070944212	 0.046958923
  0.07103882	 0.046977997
 0.071136475	 0.047607422
 0.071235657	 0.048000336
 0.071333311	 0.048194885
 0.071427919	 0.047985077
 0.071527101	 0.047626495
 0.071624756	  0.04945755
 0.071723938	 0.048099518
  0.07182312	 0.048351288
 0.071917728	 0.049098969
  0.07201691	 0.049079895
 0.072113037	 0.049308777
 0.072210692	 0.049625397
 0.072311401	 0.050514221
 0.072406009	 0.050533295
 0.072502136	 0.050746918
 0.072602846	 0.051483154
 0.072702028	 0.051269531
 0.072796628	 0.052822113
 0.072897337	 0.052879333
 0.072993472	 0.050941467
   0.0730896	 0.049514771
 0.073187254	 0.048862457
 0.073284909	 0.049461365
 0.073381044	 0.050224304
 0.073480226	 0.050685883
 0.073577881	  0.05147934
 0.073675536	 0.053779602
  0.07377319	 0.056015015
   0.0738739	 0.057601929
 0.073968507	 0.057529449
 0.074063107	 0.057048798
 0.074165344	 0.058570862
 0.074261472	 0.056945801
 0.074359134	 0.057235718
 0.074455261	 0.057209015
 0.074554443	 0.058166504
 0.074652098	  0.05904007
 0.074746706	 0.060665131
 0.074845888	 0.062408447
 0.074948117	 0.062797546
  0.07503815	 0.064014435
 0.075140379	 0.065090179
 0.075236514	 0.066951752
 0.075332642	 0.065891266
 0.075430296	 0.065986633
 0.075529478	 0.066814423
 0.075625613	 0.069728851
 0.075724795	 0.069511414
 0.075823978	 0.069740295
 0.075918578	 0.071510315
 0.076016232	 0.077148438
 0.076112367	 0.080055237
 0.076213077	 0.082115173
 0.076307677	 0.084106445
 0.076406859	 0.084125519
 0.076504514	 0.089488983
 0.076602176	 0.088619232
 0.076699831	 0.089378357
  0.07680054	 0.091003418
 0.076896667	 0.091384888
 0.076991275	 0.088630676
 0.077090457	 0.086723328
 0.077188112	 0.090751648
 0.077285767	 0.086128235
 0.077384949	 0.080402374
 0.077481076	 0.081832886
 0.077578738	  0.07894516
 0.077676393	 0.076648712
 0.077778623	 0.072151184
 0.077871703	 0.064949036
 0.077969357	 0.068641663
 0.078065492	 0.069343567
 0.078164674	 0.073509216
 0.078262329	 0.076053619
 0.078363039	 0.078208923
 0.078457639	  0.07868576
 0.078556821	 0.080192566
 0.078652956	 0.081413269
  0.07875061	 0.085334778
 0.078848265	 0.086372375
  0.07894592	 0.090381622
 0.079042055	 0.093421936
 0.079141237	 0.098579407
 0.079235837	  0.10029602
 0.079335019	 0.095882416
 0.079432681	 0.093383789
 0.079530336	 0.093612671
 0.079627991	 0.098548889
 0.079727173	  0.10506058
   0.0798233	  0.10395813
 0.079919435	  0.10669327
 0.080015562	  0.10944366
 0.080117799	  0.11198044
 0.080212399	  0.11877441
 0.080307007	  0.12469482
 0.080413818	  0.11708069
 0.080509946	  0.11349869
 0.080603026	  0.11880493
 0.080703735	  0.12415314
 0.080798343	  0.12395096
 0.080895998	  0.12614822
 0.080992125	  0.13113785
 0.081092834	   0.1297493
 0.081190489	  0.13412857
 0.081286624	  0.13709641
 0.081390381	   0.1347084
 0.081481934	  0.13513184
 0.081576541	  0.13733292
 0.081680298	  0.13809967
 0.081773378	  0.14817429
  0.08187256	  0.13887405
  0.08196564	  0.13924026
 0.082070924	  0.13832855
 0.082165524	  0.14122009
 0.082263187	  0.14271164
 0.082362369	   0.1408844
 0.082461551	  0.13702774
 0.082557678	  0.13419342
 0.082653806	  0.13611221
  0.08274994	  0.13933182
 0.082847595	  0.14083862
 0.082943723	  0.14643478
 0.083039857	  0.14523315
 0.083142087	  0.14526749
 0.083241269	  0.15333557
 0.083337404	  0.15067291
 0.083436586	  0.15274048
 0.083531186	  0.15242004
 0.083631895	  0.15298462
 0.083726503	  0.15480804
 0.083824158	  0.15570831
 0.083920285	  0.15548325
 0.084020995	   0.1523056
 0.084120177	  0.15684891
 0.084216312	  0.15722656
 0.084312439	  0.15977859
 0.084411621	  0.15880585
 0.084510803	  0.16074371
 0.084606931	  0.15965271
 0.084706113	  0.16155243
 0.084802248	  0.16231537
 0.084899902	   0.1623764
 0.085000612	    0.162323
 0.085095212	  0.16448593
 0.085189819	   0.1652565
 0.085287474	  0.16426849
 0.085388184	  0.16459656
 0.085482791	  0.16517639
 0.085580446	  0.16265106
 0.085678101	  0.16779709
 0.085774228	  0.16740799
  0.08587341	   0.1676178
 0.085971072	  0.16838074
 0.086068727	  0.16860199
 0.086166382	  0.16938782
 0.086267091	  0.16967773
 0.086363219	  0.16954803
 0.086459354	  0.17040253
 0.086560056	  0.17070389
 0.086654663	  0.17110825
 0.086752318	  0.17144012
 0.086849973	  0.17189026
 0.086947635	  0.17218399
 0.087042235	  0.17252731
 0.087142944	  0.17278671
 0.087243654	  0.17295837
 0.087338254	  0.17332077
 0.087435916	  0.17367554
 0.087533571	  0.17393875
 0.087631226	  0.17388535
 0.087725833	  0.17424774
 0.087825015	  0.17468262
 0.087925717	  0.17490005
 0.088021852	  0.17511749
 0.088119507	  0.17536926
 0.088220216	   0.1756134
 0.088311769	  0.17585373
 0.088410951	  0.17621613
 0.088510133	  0.17647552
 0.088604733	  0.17663574
 0.088702396	  0.17695236
  0.08880005	  0.17719269
  0.08890076	  0.17750168
 0.088998415	  0.17773819
 0.089094542	  0.17802048
 0.089192197	  0.17832565
 0.089291379	  0.17861176
 0.089385986	  0.17896652
 0.089486696	  0.17926407
 0.089581296	  0.17945862
 0.089678958	  0.17971039
 0.089776613	  0.17992783
 0.089877322	  0.18025208
 0.089971922	  0.18054199
 0.090072632	  0.18070984
 0.090170287	  0.18099976
 0.090264894	  0.18120956
 0.090362549	  0.18147278
 0.090457156	  0.18172455
 0.090560913	  0.18201447
 0.090652466	  0.18218994
 0.090753175	  0.18244553
  0.09085083	  0.18265915
 0.090948485	  0.18289948
 0.091047667	   0.1832428
 0.091146849	  0.18342209
 0.091241457	  0.18365479
 0.091337584	  0.18388748
 0.091436766	  0.18421173
 0.091535948	  0.18444824
 0.091629028	  0.18460083
 0.091729738	  0.18487549
 0.091827393	  0.18514252
  0.09192352	  0.18538666
 0.092019655	  0.18566895
 0.092121884	  0.18588638
 0.092214964	  0.18614197
 0.092312619	   0.1864357
 0.092410281	  0.18668747
 0.092510983	  0.18693542
 0.092605591	  0.18709564
 0.092707828	  0.18741608
   0.0928009	  0.18763351
 0.092900082	   0.1878891
 0.092999265	  0.18814468
 0.093096927	  0.18839264
 0.093189999	   0.1886673
 0.093292236	   0.1889801
 0.093388364	  0.18923187
 0.093486026	  0.18950653
 0.093582153	  0.18976212
 0.093681335	  0.18998337
 0.093782045	  0.19022751
 0.093878172	  0.19049835
 0.093975827	  0.19071198
 0.094075009	  0.19095612
 0.094171144	  0.19116211
 0.094265744	  0.19139099
 0.094364926	  0.19167709
 0.094464108	  0.19187927
 0.094561771	  0.19212341
 0.094659425	  0.19235611
 0.094755553	  0.19258118
 0.094854735	  0.19281769
  0.09495087	  0.19309616
 0.095050052	  0.19330978
 0.095143124	   0.1934967
 0.095242307	  0.19373703
 0.095339969	  0.19397736
 0.095440671	  0.19419479
 0.095533751	  0.19445801
 0.095632933	  0.19469452
 0.095733643	  0.19494629
 0.095831297	  0.19514465
 0.095927432	  0.19542313
 0.096028134	  0.19562149
 0.096119687	  0.19577026
 0.096218869	  0.19604111
 0.096311949	  0.19632721
 0.096414186	  0.19657898
 0.096507266	  0.19683456
  0.09661255	  0.19710922
  0.09670715	  0.19733429
 0.096806332	   0.1975174
 0.096902467	  0.19781876
 0.097001649	  0.19807053
 0.097097777	  0.19829941
 0.097195432	  0.19854355
 0.097291566	  0.19880295
 0.097392276	  0.19902802
 0.097483829	  0.19927216
 0.097587585	   0.1995163
 0.097683713	  0.19976807
 0.097782895	  0.19998169
  0.09787903	  0.20020294
 0.097976685	  0.20043182
 0.098071292	  0.20069504
 0.098170474	  0.20096588
 0.098266602	  0.20120621
 0.098367311	  0.20140839
 0.098461911	  0.20160675
 0.098562621	  0.20178223
 0.098660275	  0.20200348
 0.098757938	  0.20223236
 0.098854065	  0.20246887
 0.098954774	   0.2027359
 0.099050902	  0.20295334
 0.099147037	  0.20319748
 0.099244691	  0.20345688
 0.099340819	   0.2036972
 0.099435426	  0.20396042
 0.099539183	  0.20412827
 0.099636838	  0.20439529
 0.099732973	  0.20461273
 0.099830627	  0.20481873
  0.09992981	  0.20508194
 0.099996947	  0.20531082
 0.099996947	  0.20561218
 0.099996947	  0.20582962
