-0.099543765	 -0.20615005
-0.099444583	 -0.20593643
-0.099349976	 -0.20573807
-0.099258423	 -0.20552826
-0.099156186	 -0.20532227
-0.099058531	  -0.2051239
-0.098960876	 -0.20490646
-0.098860167	 -0.20469666
 -0.09876404	 -0.20448303
-0.098664857	 -0.20427704
 -0.09857025	 -0.20406723
-0.098471068	 -0.20387268
-0.098373413	  -0.2036438
-0.098275758	 -0.20343781
-0.098178104	 -0.20323181
-0.098083496	   -0.203022
-0.097982787	 -0.20280838
-0.097885132	 -0.20259857
-0.097787477	 -0.20240021
-0.097689822	 -0.20217896
-0.097595215	 -0.20196915
-0.097494505	 -0.20175934
-0.097399905	 -0.20155334
-0.097302243	 -0.20134735
-0.097204588	 -0.20112991
-0.097105406	 -0.20093918
-0.097009279	 -0.20071411
-0.096908569	 -0.20049667
-0.096809387	 -0.20027924
 -0.09671326	 -0.20008087
-0.096618652	 -0.19987106
-0.096516415	 -0.19964981
-0.096424863	 -0.19944763
-0.096325681	 -0.19924164
-0.096229553	  -0.1990242
-0.096131898	 -0.19881821
-0.096034244	 -0.19861221
-0.095932007	  -0.1984024
-0.095834352	 -0.19818878
-0.095739745	 -0.19797516
-0.095643617	 -0.19775391
 -0.09554138	  -0.1975708
  -0.0954483	 -0.19734573
-0.095347598	 -0.19713974
-0.095251463	 -0.19692993
-0.095156863	 -0.19672775
-0.095060728	 -0.19651794
-0.094958499	 -0.19629669
-0.094860837	 -0.19609451
-0.094764709	 -0.19589615
-0.094668582	 -0.19567108
-0.094567873	  -0.1954689
-0.094470218	 -0.19524384
-0.094371036	 -0.19504166
-0.094276428	  -0.1948204
-0.094177246	 -0.19461823
-0.094084166	 -0.19439697
-0.093980409	 -0.19419098
-0.093882754	 -0.19397354
 -0.09378662	 -0.19377136
-0.093687437	 -0.19356155
 -0.09359131	 -0.19334412
 -0.09349823	 -0.19313812
 -0.09339752	 -0.19291687
-0.093298338	 -0.19271851
-0.093200684	 -0.19249344
-0.093106076	 -0.19229126
-0.093002319	 -0.19207001
-0.092907712	 -0.19184494
-0.092810057	 -0.19163513
-0.092715457	 -0.19142532
-0.092614748	 -0.19119263
-0.092517093	 -0.19099426
-0.092419431	 -0.19076538
-0.092323303	 -0.19057083
-0.092225648	 -0.19036865
-0.092132568	  -0.1901741
-0.092028812	 -0.18995667
-0.091934204	  -0.1897316
-0.091836549	 -0.18951797
-0.091737367	 -0.18930435
-0.091638185	  -0.1890831
 -0.09154205	 -0.18886566
-0.091445923	 -0.18865585
-0.091348268	 -0.18845749
-0.091250613	 -0.18823624
-0.091152951	 -0.18802643
-0.091050722	 -0.18779755
-0.090956114	 -0.18759155
-0.090859987	 -0.18736649
-0.090762332	 -0.18714905
 -0.09066467	 -0.18693542
-0.090568542	 -0.18670654
-0.090472415	 -0.18647766
-0.090371706	 -0.18625259
-0.090272523	  -0.1860466
-0.090179443	 -0.18582153
-0.090078734	 -0.18560791
-0.089981079	 -0.18537903
-0.089881897	 -0.18517685
-0.089788817	 -0.18494415
-0.089689635	 -0.18473053
-0.089593507	 -0.18452835
-0.089495853	 -0.18430328
-0.089395143	 -0.18408585
-0.089299008	 -0.18385315
-0.089202881	 -0.18362427
-0.089100644	  -0.1833992
-0.089006044	 -0.18318939
-0.088903807	 -0.18294525
-0.088812254	 -0.18273926
-0.088711545	 -0.18251419
-0.088616945	 -0.18230438
 -0.08851929	 -0.18208313
-0.088418581	 -0.18186951
-0.088320926	 -0.18165588
-0.088227846	 -0.18143845
-0.088125609	 -0.18122101
-0.088031009	 -0.18099976
-0.087933347	 -0.18075943
-0.087835692	 -0.18054199
-0.087734982	 -0.18029785
 -0.08764191	 -0.18008804
-0.087545775	  -0.1798439
-0.087445065	 -0.17961884
-0.087347411	 -0.17940521
-0.087249756	 -0.17921066
-0.087152101	 -0.17897415
-0.087049864	 -0.17875671
-0.086955264	 -0.17853546
-0.086862184	 -0.17831421
-0.086759947	  -0.1781044
-0.086666867	 -0.17787933
 -0.08656311	 -0.17765045
-0.086468503	 -0.17744064
-0.086373903	 -0.17719269
-0.086274721	 -0.17698669
-0.086172484	 -0.17673492
-0.086076356	 -0.17649841
-0.085977174	 -0.17626953
-0.085882567	 -0.17606735
-0.085784912	 -0.17582703
-0.085690305	 -0.17559433
-0.085591123	 -0.17535019
-0.085493468	 -0.17508698
-0.085394286	 -0.17493057
-0.085298158	 -0.17469788
-0.085202023	 -0.17449951
-0.085101321	 -0.17424011
-0.085003659	  -0.1740303
-0.084907532	 -0.17379761
 -0.08480835	  -0.1736145
-0.084713742	 -0.17337799
-0.084616087	 -0.17315292
-0.084518433	  -0.1729393
-0.084420778	 -0.17271805
-0.084323123	 -0.17248917
-0.084223941	 -0.17227936
-0.084127806	 -0.17206192
-0.084027097	 -0.17179108
-0.083932497	 -0.17155075
-0.083831787	 -0.17133331
 -0.08373718	 -0.17110443
-0.083641052	 -0.17087936
 -0.08354187	 -0.17066574
-0.083441161	 -0.17043304
-0.083346561	 -0.17022705
-0.083245851	 -0.17001343
-0.083149716	 -0.16978455
-0.083052061	 -0.16956711
-0.082955934	 -0.16936493
-0.082855225	 -0.16912842
-0.082763672	 -0.16889572
-0.082666017	 -0.16869354
-0.082565308	 -0.16843033
-0.082466125	 -0.16821289
-0.082373045	 -0.16796494
-0.082270816	 -0.16775513
-0.082171634	 -0.16752625
-0.082075499	 -0.16728592
-0.081979372	 -0.16704559
-0.081878662	 -0.16680908
-0.081787109	 -0.16659546
-0.081689455	 -0.16637039
-0.081588745	  -0.1661644
 -0.08149109	 -0.16591644
-0.081396483	 -0.16570282
-0.081294253	  -0.1654892
-0.081198119	 -0.16526413
-0.081101991	  -0.1650238
-0.081002809	 -0.16478729
-0.080905154	 -0.16456604
-0.080810547	 -0.16432571
-0.080709837	 -0.16411972
 -0.08061371	 -0.16395569
-0.080516055	 -0.16372681
 -0.08041992	 -0.16351318
-0.080319211	 -0.16326141
-0.080223083	 -0.16304016
-0.080123901	 -0.16281128
-0.080026247	 -0.16258621
-0.079928592	 -0.16235733
 -0.07983093	   -0.162117
-0.079734802	 -0.16183853
-0.079638675	 -0.16161346
-0.079541013	 -0.16136932
-0.079443358	 -0.16112518
-0.079342648	 -0.16087723
-0.079241946	 -0.16065598
-0.079147339	 -0.16039276
-0.079052731	 -0.16017532
-0.078950502	 -0.15995026
-0.078857422	 -0.15970993
-0.078759767	 -0.15947723
-0.078660585	 -0.15924454
 -0.07856445	 -0.15898895
-0.078468323	 -0.15875626
-0.078367613	 -0.15850449
-0.078269958	 -0.15830994
-0.078173831	 -0.15805435
-0.078076169	 -0.15781403
-0.077978514	   -0.157547
-0.077880859	 -0.15734482
-0.077786252	 -0.15706635
-0.077684022	 -0.15688705
-0.077587888	 -0.15664673
-0.077488706	 -0.15638351
-0.077394105	 -0.15612793
-0.077294923	 -0.15586472
-0.077198789	 -0.15565109
-0.077101134	 -0.15544128
-0.077005006	  -0.1552887
-0.076907352	 -0.15500259
-0.076806642	 -0.15477371
-0.076705933	 -0.15451813
-0.076611325	 -0.15428543
 -0.07651367	 -0.15412903
-0.076416016	 -0.15384293
-0.076318361	 -0.15361786
-0.076223753	 -0.15338898
-0.076121524	 -0.15311813
-0.076031491	  -0.1529274
-0.075930789	 -0.15267944
 -0.07583008	 -0.15247345
-0.075732425	 -0.15222549
-0.075634763	 -0.15201569
-0.075538635	 -0.15171814
-0.075439453	 -0.15150833
-0.075341798	 -0.15125275
-0.075244144	 -0.15097046
-0.075149536	 -0.15081787
-0.075054929	 -0.15065002
-0.074951172	 -0.15031433
-0.074858092	 -0.15002823
 -0.07475891	 -0.14979935
-0.074661255	  -0.1496048
-0.074562073	 -0.14946747
-0.074467465	 -0.14917374
-0.074366763	 -0.14897156
-0.074270628	 -0.14873123
-0.074176028	 -0.14850616
-0.074078366	 -0.14826584
-0.073979184	 -0.14808273
-0.073880002	 -0.14779282
  -0.0737793	 -0.14756775
-0.073684692	 -0.14733505
-0.073587038	 -0.14709473
-0.073489383	 -0.14685059
-0.073390201	 -0.14660645
-0.073295593	 -0.14638901
-0.073196411	 -0.14609528
-0.073101804	 -0.14583206
-0.073001102	 -0.14567184
-0.072903439	   -0.145401
-0.072804257	 -0.14514542
 -0.07270813	 -0.14503479
-0.072610475	 -0.14479828
 -0.07251434	 -0.14457321
-0.072418213	 -0.14434052
-0.072320558	   -0.144104
-0.072221376	 -0.14385986
-0.072125241	 -0.14361572
-0.072026059	 -0.14339066
-0.071929932	 -0.14315414
-0.071829222	 -0.14292145
-0.071731567	 -0.14266968
 -0.07163696	 -0.14243698
-0.071536258	 -0.14213562
-0.071440123	 -0.14189148
-0.071343996	 -0.14158249
-0.071246341	 -0.14139175
-0.071150206	 -0.14112473
-0.071051024	 -0.14092636
-0.070956424	 -0.14063263
-0.070854187	 -0.14041901
 -0.07075806	 -0.14012909
-0.070658877	 -0.13984299
-0.070559695	 -0.13960648
-0.070463561	 -0.13938141
 -0.07036896	 -0.13908386
-0.070271298	  -0.1388588
-0.070172116	 -0.13861465
-0.070075989	 -0.13828278
-0.069978334	 -0.13809204
-0.069877625	 -0.13790894
-0.069783017	 -0.13758087
 -0.06968689	 -0.13750076
-0.069587708	 -0.13714218
-0.069486998	 -0.13689041
-0.069393918	 -0.13668442
-0.069293216	 -0.13640594
-0.069200136	 -0.13608932
-0.069097899	 -0.13600922
-0.069003299	 -0.13562775
-0.068902589	 -0.13536453
-0.068806455	 -0.13518524
  -0.0687088	 -0.13488388
 -0.06860809	 -0.13472366
-0.068508908	  -0.1343689
-0.068414308	 -0.13420868
-0.068313599	 -0.13389206
-0.068222046	  -0.1333313
-0.068122864	  -0.1331749
-0.068028256	  -0.1330452
-0.067926027	  -0.1328392
-0.067828372	 -0.13260269
-0.067733765	  -0.1323967
-0.067634583	 -0.13205338
  -0.0675354	 -0.13185501
-0.067437746	 -0.13161087
-0.067343138	  -0.1313324
-0.067248538	 -0.13118362
-0.067147829	 -0.13085175
-0.067051694	 -0.13064957
-0.066949464	 -0.13055801
 -0.06685181	  -0.1302948
-0.066754147	 -0.13008499
-0.066659547	 -0.12978745
-0.066561893	 -0.12955093
-0.066465758	 -0.12914658
-0.066366576	 -0.12891769
-0.066268921	 -0.12857819
-0.066171266	 -0.12831879
-0.066076659	 -0.12847519
-0.065975949	 -0.12801743
-0.065875247	 -0.12732697
-0.065779112	 -0.12714767
-0.065684512	 -0.12705612
-0.065580748	 -0.12688828
-0.065487668	 -0.12648773
-0.065390013	 -0.12628174
-0.065295413	 -0.12612152
-0.065196231	  -0.1259346
-0.065100096	 -0.12551117
-0.064997867	 -0.12485504
-0.064901732	  -0.1243782
 -0.06480255	 -0.12301636
-0.064706422	 -0.12366104
-0.064605713	 -0.12382889
-0.064512633	 -0.12311935
-0.064413451	 -0.12242508
-0.064320371	   -0.121418
-0.064222716	 -0.12202454
-0.064123534	 -0.12197876
-0.064022824	 -0.12184525
-0.063925169	 -0.12182236
-0.063832089	 -0.12119293
-0.063731387	 -0.12112808
 -0.06362915	 -0.12072754
-0.063534543	 -0.12056351
-0.063439943	 -0.12083817
-0.063343808	 -0.11919403
-0.063246153	 -0.11910248
-0.063148499	 -0.11753845
-0.063044742	 -0.11740494
-0.062950134	  -0.1180191
-0.062850952	 -0.11793518
-0.062753297	 -0.11746597
-0.062657163	 -0.11663818
-0.062562563	 -0.11647415
-0.062461853	 -0.11586761
-0.062367249	 -0.11701584
-0.062265016	 -0.11593246
-0.062171936	 -0.11635971
-0.062066652	  -0.1160202
-0.061975099	 -0.11605072
 -0.06187439	 -0.11574554
-0.061779786	 -0.11559296
-0.061682127	 -0.11485672
   -0.061586	 -0.11458588
-0.061486818	 -0.11310196
-0.061393738	 -0.11322403
-0.061291505	 -0.11302948
-0.061196901	  -0.1125679
-0.061096191	 -0.11336517
 -0.06100006	 -0.11333466
-0.060897827	 -0.11157227
-0.060800172	 -0.11317062
 -0.06070862	 -0.11272049
 -0.06060791	  -0.1127243
-0.060508728	 -0.11147308
-0.060412597	 -0.10969543
-0.060317993	 -0.10943222
 -0.06021576	 -0.10910416
-0.060119629	 -0.10876846
-0.060025025	  -0.1089859
-0.059925843	 -0.10932922
-0.059826661	 -0.10871887
 -0.05973053	 -0.10818863
-0.059634399	 -0.10847092
-0.059533693	   -0.106884
-0.059437562	 -0.10624695
-0.059341431	  -0.1059761
-0.059239198	 -0.10574722
-0.059143066	 -0.10597992
-0.059045412	 -0.10533142
-0.058947753	 -0.10522079
-0.058850098	 -0.10441589
-0.058758546	 -0.10514069
-0.058654785	 -0.10228348
-0.058560181	 -0.10168076
-0.058462523	  -0.1012001
-0.058367919	 -0.10109711
-0.058264159	 -0.09985733
-0.058168031	 -0.09935379
  -0.0580719	-0.097770691
-0.057972718	-0.098186493
 -0.05787506	 -0.09796524
-0.057778932	-0.097969055
-0.057681274	-0.097625732
-0.057579041	 -0.09777832
 -0.05748596	-0.097663879
-0.057388306	-0.097507477
-0.057286073	-0.097667694
-0.057191469	-0.096920013
-0.057095338	-0.094436646
-0.056996156	-0.093509674
-0.056898497	-0.094585419
 -0.05680237	-0.093967438
-0.056703188	-0.093578339
-0.056610107	 -0.09274292
-0.056506347	-0.092788696
-0.056411743	-0.093021393
-0.056314088	-0.091911316
-0.056214906	-0.092319489
-0.056117248	-0.092945099
-0.056024171	-0.093215942
-0.055921935	-0.092605591
-0.055827331	-0.092693329
-0.055729676	-0.092559814
-0.055630494	-0.091098785
-0.055531312	-0.091403961
-0.055438232	-0.090526581
-0.055334471	-0.091339111
-0.055239867	-0.091632843
-0.055142213	-0.091388702
-0.055046082	-0.091018677
-0.054946899	-0.089710236
-0.054852296	-0.090091705
-0.054754637	-0.088508606
-0.054656982	-0.088684082
  -0.0545578	-0.087226868
-0.054461669	-0.085254669
-0.054360963	-0.086631775
-0.054260254	-0.088047028
-0.054171752	-0.087600708
-0.054066468	-0.086574554
-0.053970337	-0.087375641
-0.053872682	-0.086425781
-0.053776551	-0.086872101
-0.053675842	-0.086967468
 -0.05357971	-0.086143494
-0.053482056	-0.086631775
-0.053384401	-0.087158203
-0.053286742	-0.086112976
-0.053192139	-0.085426331
-0.053092957	 -0.08506012
-0.052996825	 -0.08341217
-0.052899171	-0.082572937
-0.052801512	-0.081886292
-0.052700806	-0.080806732
-0.052604675	-0.079555511
-0.052505493	  -0.0795784
-0.052407838	-0.079784393
-0.052311707	-0.078716278
-0.052214049	-0.077999115
-0.052120972	-0.077400208
-0.052020263	-0.076816559
-0.051921081	-0.076343536
 -0.05182495	-0.075946808
-0.051725768	-0.076072693
 -0.05162964	-0.075073242
-0.051528931	-0.074604034
  -0.0514328	-0.073383331
-0.051333617	-0.072734833
-0.051240541	-0.072639465
-0.051139832	 -0.07252121
-0.051042177	-0.072044373
-0.050947569	 -0.07100296
-0.050851442	-0.070465088
-0.050750732	 -0.07011795
-0.050653078	-0.068565369
-0.050556947	-0.068099976
-0.050456237	-0.066337585
-0.050360106	-0.065620422
-0.050263979	-0.065116882
-0.050167847	-0.064968109
-0.050070189	-0.064533234
-0.049972534	-0.064029694
-0.049874879	-0.063072205
 -0.04977417	-0.061443329
-0.049676515	-0.061553955
-0.049578857	-0.061138153
-0.049481202	-0.060882568
-0.049385071	-0.060726166
-0.049285889	-0.060741425
-0.049189758	-0.061073303
-0.049093626	 -0.06004715
-0.048994444	-0.059196472
-0.048898317	-0.059253693
-0.048797607	-0.058624268
-0.048701476	-0.058769226
-0.048602294	 -0.05815506
 -0.04850769	-0.057815552
-0.048410036	-0.057342529
-0.048312377	-0.057144165
-0.048214722	-0.057216644
-0.048121642	-0.057285309
-0.048016358	-0.056339264
-0.047923278	-0.056003571
-0.047824096	-0.055717468
-0.047726441	 -0.05524826
-0.047625732	-0.055183411
-0.047528077	-0.055084229
-0.047433473	-0.054042816
-0.047338866	-0.053230286
-0.047239684	-0.053524017
-0.047142029	-0.053401947
-0.047045898	-0.052707672
-0.046946716	-0.052528381
-0.046844482	 -0.05223465
-0.046749879	 -0.05197525
-0.046653748	-0.052024841
-0.046557616	-0.051280975
-0.046459962	  -0.0509758
-0.046362303	-0.050666809
-0.046264648	-0.050434113
-0.046166994	-0.050350189
-0.046066284	-0.050014496
-0.045973204	-0.049732208
-0.045870971	-0.049411774
-0.045773316	-0.049247742
-0.045672607	-0.048603058
-0.045578003	-0.048084259
-0.045478821	-0.048110962
-0.045385741	-0.047931671
-0.045289613	-0.047470093
-0.045187376	-0.047161102
-0.045091249	-0.046497345
-0.044992067	-0.046352386
-0.044895936	-0.045654297
-0.044796754	-0.044914246
-0.044705201	-0.044464111
-0.044602968	-0.044265747
-0.044506837	-0.044284821
-0.044409178	-0.044181824
-0.044314574	 -0.04360199
-0.044215392	 -0.04327774
 -0.04411621	-0.043228149
-0.044013977	-0.042938232
-0.043919373	-0.042518616
-0.043823242	-0.042362213
-0.043725587	-0.041740417
-0.043623351	-0.041439056
-0.043533325	-0.041038513
-0.043432616	 -0.04088974
-0.043338012	-0.040718079
-0.043234251	-0.040500641
-0.043138124	-0.040328979
-0.043043517	 -0.04019928
-0.042945862	-0.039932251
 -0.04284668	 -0.03975296
-0.042750549	-0.039554596
-0.042649843	  -0.0391922
-0.042555235	-0.038856506
-0.042459108	-0.038589478
-0.042361449	-0.038463593
-0.042260744	-0.038261414
-0.042166136	-0.038002014
-0.042066954	-0.037742615
-0.041967772	-0.037536621
 -0.04186859	-0.037315369
-0.041775513	-0.037155151
-0.041674804	-0.036960602
-0.041578673	-0.036705017
-0.041482545	 -0.03660965
-0.041384887	-0.036388397
-0.041285705	-0.036190033
-0.041192628	-0.036087036
-0.041090392	-0.035842896
-0.040989686	-0.035636902
-0.040893555	-0.035552979
-0.040800475	-0.035461426
-0.040698241	-0.035266876
 -0.04060211	-0.035102844
-0.040505983	-0.034862518
-0.040406801	-0.034713745
 -0.04031067	-0.034370422
 -0.04020996	-0.034091949
-0.040112305	-0.033817291
-0.040017702	-0.033607483
-0.039920043	-0.033485413
-0.039823912	 -0.03332901
 -0.03972473	-0.033164978
-0.039630126	-0.033035278
-0.039530944	-0.032913208
-0.039431762	-0.032752991
 -0.03933258	-0.032608032
-0.039236449	-0.032470703
-0.039135743	-0.032310486
-0.039041139	-0.032089233
-0.038941957	-0.031833649
-0.038848877	-0.031700134
-0.038746644	 -0.03150177
-0.038653564	-0.031364441
-0.038552858	-0.031097412
-0.038455199	-0.031013489
-0.038356017	-0.030853271
-0.038261414	-0.030544281
-0.038162231	-0.030315399
-0.038063049	 -0.03004837
-0.037966918	-0.029964447
-0.037872314	-0.029716492
-0.037768554	-0.029621124
 -0.03767395	-0.029495239
-0.037576295	-0.029392242
-0.037478637	-0.029254913
-0.037380982	-0.029060364
-0.037286378	-0.028892517
-0.037187196	-0.028701782
-0.037088014	-0.028541565
-0.036990356	-0.028301239
-0.036897279	-0.028106689
-0.036795042	-0.027908325
-0.036697388	-0.027690887
-0.036599733	-0.027477264
-0.036502074	-0.027309418
-0.036407471	 -0.02709198
-0.036309816	-0.026996613
-0.036209106	-0.026817322
-0.036111452	-0.026664734
-0.036013793	-0.026500702
-0.035919189	-0.026313782
 -0.03581848	-0.026103973
-0.035723876	-0.025894165
-0.035627745	-0.025726318
-0.035527039	-0.025535583
-0.035430908	 -0.02532959
-0.035333253	-0.025161743
-0.035232544	-0.024993896
 -0.03513794	-0.024856567
-0.035040282	-0.024681091
-0.034944154	-0.024486542
-0.034844972	-0.024276733
-0.034747314	-0.024085999
-0.034649659	-0.023910522
   -0.034552	-0.023765564
-0.034454346	-0.023578644
-0.034356691	-0.023361206
-0.034257509	-0.023151398
-0.034162901	-0.022949219
-0.034062196	-0.022796631
-0.033967592	-0.022651672
-0.033865355	-0.022491455
-0.033772279	 -0.02236557
-0.033676147	-0.022239685
-0.033572387	-0.022071838
-0.033477783	-0.021888733
-0.033383179	-0.021713257
 -0.03328247	-0.021560669
-0.033186339	-0.021411896
-0.033087157	-0.021255493
-0.032992553	-0.021057129
-0.032893371	-0.020874023
-0.032798767	-0.020690918
-0.032699585	-0.020553589
-0.032600403	-0.020404816
-0.032504272	-0.020282745
-0.032406617	 -0.02015686
-0.032305907	-0.020004272
-0.032209776	-0.019828796
-0.032110594	-0.019668579
-0.032019041	-0.019500732
-0.031915285	 -0.01934433
-0.031823732	-0.019199371
-0.031723022	-0.019035339
-0.031625368	-0.018871307
-0.031526186	-0.018676758
-0.031430054	-0.018535614
-0.031332396	-0.018390656
 -0.03123169	-0.018260956
-0.031134034	  -0.0181427
-0.031042481	   -0.018013
-0.030941773	-0.017868042
-0.030844117	-0.017707825
 -0.03074646	-0.017562866
-0.030647278	-0.017410278
-0.030551147	 -0.01726532
-0.030451965	-0.017131805
-0.030358886	-0.016944885
-0.030256653	-0.016838074
-0.030160522	-0.016727448
-0.030062865	-0.016593933
-0.029962158	 -0.01644516
-0.029870605	-0.016304016
-0.029769897	-0.016147614
-0.029672241	-0.016010284
-0.029576112	-0.015861511
-0.029475402	-0.015735626
-0.029379273	-0.015571594
-0.029277038	-0.015422821
-0.029187012	-0.015281677
 -0.02908783	-0.015132904
-0.028988648	-0.015014648
-0.028892517	-0.014900208
-0.028797913	-0.014781952
-0.028692627	-0.014663696
-0.028599549	-0.014526367
-0.028500367	-0.014373779
-0.028404236	-0.014228821
-0.028306579	-0.014095306
-0.028207397	-0.013980865
-0.028111268	-0.013839722
-0.028013611	-0.013679504
-0.027915955	-0.013542175
-0.027816772	-0.013401031
-0.027720641	-0.013298035
-0.027619934	 -0.01317215
-0.027523804	-0.013076782
-0.027427673	-0.012981415
-0.027328491	 -0.01285553
 -0.02723236	-0.012722015
-0.027136231	-0.012584686
-0.027038574	 -0.01247406
-0.026937867	-0.012355804
-0.026844788	-0.012237549
-0.026745606	-0.012104034
-0.026644897	-0.011962891
-0.026545715	-0.011837006
-0.026452636	-0.011703491
 -0.02635498	-0.011600494
-0.026260376	-0.011505127
-0.026156615	-0.011405945
-0.026062012	-0.011291504
-0.025964355	-0.011177063
-0.025869751	-0.011047363
 -0.02576294	-0.010925293
-0.025671387	-0.010818481
-0.025570679	-0.010700226
-0.025477599	  -0.0105896
-0.025376892	-0.010452271
-0.025283813	-0.010311127
-0.025183106	  -0.0102005
-0.025083924	-0.010082245
-0.024987793	-0.0099868774
-0.024893189	-0.0098953247
-0.024790954	-0.0098075867
-0.024693299	-0.0097045898
-0.024597168	-0.0095787048
-0.024499511	-0.0094680786
-0.024401855	-0.0093612671
-0.024305725	-0.0092430115
-0.024206543	-0.0091400146
-0.024110412	-0.0090255737
 -0.02401123	-0.0089111328
-0.023918152	-0.0087890625
-0.023812866	-0.0086669922
-0.023721313	-0.0085792542
-0.023623656	-0.0084762573
-0.023526002	-0.0083961487
-0.023423767	-0.0082931519
-0.023330688	-0.0081939697
-0.023231506	-0.0080795288
-0.023135375	-0.007976532
-0.023036193	-0.0078887939
-0.022940064	-0.0077819824
-0.022839356	-0.0076675415
-0.022744751	-0.0075683594
-0.022647094	-0.0074539185
-0.022546386	-0.0073394775
-0.022447204	-0.0072402954
-0.022357177	-0.0071525574
-0.022256469	-0.0070648193
-0.022158813	-0.0069885254
-0.022061158	-0.0069007874
-0.021965027	-0.0067901611
-0.021861266	-0.0066871643
-0.021766663	-0.0065917969
-0.021670531	-0.0065078735
-0.021571349	-0.0064086914
-0.021472167	-0.0063247681
-0.021377563	-0.0062179565
-0.021279907	-0.006111145
-0.021185303	-0.0060119629
-0.021084595	-0.0059127808
 -0.02098999	-0.0058364868
-0.020887757	-0.0057601929
-0.020791626	-0.0056838989
-0.020693969	-0.0055999756
-0.020596314	-0.0055084229
-0.020498658	-0.0054168701
-0.020401001	-0.0053291321
-0.020301819	-0.005241394
-0.020207215	-0.0051498413
-0.020109558	-0.0050582886
-0.020014953	-0.0049629211
 -0.01991272	-0.0048522949
-0.019812012	-0.004776001
-0.019717406	-0.0047111511
-0.019619752	-0.0046348572
-0.019522095	-0.004573822
-0.019425964	-0.0044937134
-0.019329835	-0.0044021606
-0.019229125	-0.0043182373
 -0.01913147	-0.0042457581
-0.019033814	-0.0041656494
-0.018939208	-0.0040855408
-0.018841553	-0.0040092468
-0.018742371	-0.0039253235
-0.018644715	-0.0038299561
-0.018544007	-0.0037498474
-0.018449401	-0.0036773682
-0.018353272	-0.003616333
-0.018252563	-0.0035476685
-0.018156433	-0.0034828186
-0.018061828	-0.0034065247
-0.017959595	-0.0033340454
-0.017861938	-0.0032501221
-0.017764281	-0.0031852722
-0.017666627	-0.003112793
-0.017567445	-0.003036499
-0.017474364	-0.0029678345
 -0.01737671	-0.0028915405
-0.017277528	-0.0028038025
-0.017181396	-0.0027351379
-0.017085265	-0.0026779175
-0.016983032	-0.0026168823
-0.016888428	-0.0025672913
-0.016784668	-0.0024986267
 -0.01669159	-0.0024452209
-0.016593933	-0.0023651123
-0.016497802	-0.0023155212
-0.016400147	-0.002243042
-0.016302491	-0.0021781921
-0.016207885	-0.0021286011
-0.016108703	-0.0020637512
-0.016009521	-0.0019836426
-0.015911866	-0.0019302368
-0.015814209	-0.0018692017
-0.015716553	-0.0018157959
-0.015617371	-0.0017662048
-0.015524292	-0.0017204285
 -0.01542511	-0.0016670227
-0.015328979	-0.0016098022
-0.015229797	-0.0015602112
-0.015133667	-0.0014953613
-0.015029907	-0.0014533997
-0.014936829	-0.0013999939
-0.014837647	-0.0013465881
 -0.01473999	-0.0012893677
-0.014642334	-0.0012435913
-0.014549255	-0.0011940002
-0.014447021	-0.0011444092
-0.014352417	-0.0010986328
-0.014254761	-0.0010681152
-0.014160156	-0.0010261536
-0.014059449	-0.0009803772
 -0.01395874	-0.00093841553
-0.013859558	-0.00089263916
-0.013764953	-0.00085067749
-0.013665771	-0.00081634521
-0.013569641	-0.00077819824
-0.013471985	-0.00074005127
-0.013375854	-0.00069046021
-0.013278198	-0.00064849854
-0.013183594	-0.00061035156
 -0.01308136	-0.00058746338
-0.012982178	-0.0005607605
-0.012886047	-0.00053024292
-0.012786865	-0.00050354004
-0.012687683	-0.00046539307
-0.012593078	-0.00043487549
-0.012493896	-0.00042724609
-0.012402344	-0.00038909912
-0.012301636	-0.00036621094
-0.012203979	-0.00034332275
-0.012103272	-0.00031661987
-0.012005615	-0.00029754639
 -0.01191101	-0.00026702881
-0.011813355	-0.00025177002
-0.011712646	-0.00022888184
-0.011619568	-0.00022125244
-0.011520386	-0.00020599365
-0.011425781	-0.00019836426
-0.011325073	-0.00017547607
-0.011230469	-0.00016021729
-0.011126709	-0.0001449585
 -0.01103363	-0.0001411438
  -0.0109375	-0.00012969971
-0.010836792	-0.00011444092
 -0.01073761	-0.00011062622
-0.010643005	-9.1552734e-005
-0.010543823	-9.1552734e-005
-0.010449219	-8.392334e-005
-0.010351563	-8.0108643e-005
-0.010253906	-8.0108643e-005
-0.010153199	-6.4849854e-005
-0.010055542	-5.7220459e-005
-0.0099578854	-5.3405762e-005
-0.0098632816	-6.1035156e-005
-0.0097625731	-5.7220459e-005
-0.0096679684	-4.9591064e-005
-0.0095687862	-5.3405762e-005
-0.0094741825	-4.196167e-005
-0.0093750004	-4.196167e-005
-0.0092773438	-3.8146973e-005
-0.0091766361	-3.8146973e-005
-0.009080505	-3.4332275e-005
-0.0089828493	-3.0517578e-005
-0.0088836672	-3.4332275e-005
-0.008784485	-3.8146973e-005
-0.0086914059	-3.4332275e-005
-0.0085922237	-2.2888184e-005
 -0.00849762	-2.6702881e-005
-0.0083953859	-2.2888184e-005
-0.0083038332	-2.2888184e-005
-0.0081985472	-3.8146973e-005
-0.0081054689	-2.2888184e-005
-0.0080093388	-2.2888184e-005
-0.0079101566	-2.2888184e-005
-0.0078079225	-2.6702881e-005
-0.0077163698	-1.9073486e-005
-0.0076187132	-3.0517578e-005
-0.0075195311	-2.2888184e-005
-0.0074234009	-2.2888184e-005
-0.0073242188	-2.6702881e-005
-0.0072235106	-2.2888184e-005
-0.0071273805	-3.0517578e-005
-0.0070281983	-1.1444092e-005
-0.0069366456	-2.6702881e-005
-0.0068328856	-2.2888184e-005
-0.0067413328	-2.2888184e-005
-0.0066406252	-2.2888184e-005
-0.0065429686	-3.0517578e-005
-0.0064483644	-2.6702881e-005
-0.0063522337	-1.9073486e-005
-0.0062500001	-2.6702881e-005
-0.006149292	-3.0517578e-005
-0.0060546873	-2.2888184e-005
-0.0059600831	-3.0517578e-005
-0.005857849	-3.0517578e-005
-0.0057647703	-2.2888184e-005
-0.0056625367	-3.0517578e-005
-0.0055664061	-3.4332275e-005
-0.0054687499	-2.2888184e-005
-0.0053710938	-3.0517578e-005
-0.0052764891	-3.0517578e-005
-0.0051803589	-2.2888184e-005
-0.0050811768	-3.0517578e-005
-0.0049835206	-2.6702881e-005
-0.0048828125	-3.0517578e-005
-0.0047882078	-2.2888184e-005
-0.0046905517	-2.6702881e-005
-0.0045928955	-1.9073486e-005
-0.0044952394	-2.6702881e-005
-0.0043975832	-1.9073486e-005
-0.0042953491	-2.6702881e-005
-0.0042022704	-2.2888184e-005
-0.0041061402	-2.2888184e-005
-0.0040054321	-1.9073486e-005
 -0.00390625	-2.2888184e-005
-0.0038131713	-2.2888184e-005
-0.0037139892	-4.196167e-005
-0.0036132813	-3.0517578e-005
-0.0035186769	-2.2888184e-005
-0.0034210205	-2.2888184e-005
-0.0033218383	-2.2888184e-005
-0.0032257079	-2.6702881e-005
-0.0031280518	-1.5258789e-005
-0.0030303956	-2.6702881e-005
-0.0029312135	-3.0517578e-005
-0.0028381348	-3.0517578e-005
-0.0027374267	-2.2888184e-005
-0.0026367188	-3.0517578e-005
-0.0025421144	-2.2888184e-005
-0.002444458	-3.0517578e-005
-0.0023468018	-3.0517578e-005
-0.0022521974	-2.2888184e-005
-0.0021530152	-2.6702881e-005
-0.0020568848	-3.0517578e-005
-0.0019561767	-3.0517578e-005
-0.0018585206	-2.2888184e-005
-0.0017608643	-3.0517578e-005
-0.001663208	-2.2888184e-005
-0.0015655517	-3.0517578e-005
-0.0014709473	-2.6702881e-005
-0.0013687133	-1.1444092e-005
-0.001272583	-1.9073486e-005
-0.0011779785	-3.0517578e-005
-0.0010787963	-2.6702881e-005
-0.00098114018	-2.2888184e-005
-0.000881958	-3.0517578e-005
-0.00078430178	-3.0517578e-005
-0.00068817136	-2.6702881e-005
-0.00058898923	-2.2888184e-005
-0.00049285888	-3.0517578e-005
-0.00039520263	-2.2888184e-005
-0.0002960205	-2.2888184e-005
-0.00019836426	-3.0517578e-005
-0.00010375977	-2.2888184e-005
-3.0517579e-006	-2.2888184e-005
9.1552734e-005	-2.6702881e-005
0.00019073486	-2.2888184e-005
0.00028839111	-2.2888184e-005
0.0003845215	-3.0517578e-005
0.00048217774	-1.5258789e-005
0.00057983398	-3.0517578e-005
0.00067901611	-2.6702881e-005
0.00077514647	-2.2888184e-005
0.00087280275	-1.5258789e-005
0.00097045896	-2.6702881e-005
0.0010650635	-2.2888184e-005
0.0011657715	-1.9073486e-005
0.0012649536	-1.9073486e-005
0.0013626099	-2.2888184e-005
0.0014587402	-1.9073486e-005
0.0015563965	-3.0517578e-005
0.0016571045	-1.9073486e-005
0.0017486572	-2.6702881e-005
0.0018463135	-3.0517578e-005
0.0019454956	-2.2888184e-005
0.0020431518	-1.9073486e-005
0.0021438599	-2.6702881e-005
0.0022399903	-2.6702881e-005
0.0023391724	-2.2888184e-005
0.0024322509	-1.9073486e-005
0.0025299073	-1.9073486e-005
0.0026306151	-2.6702881e-005
0.0027282715	-1.5258789e-005
0.0028259277	-2.2888184e-005
0.0029220581	-2.2888184e-005
0.0030181885	-1.9073486e-005
0.0031188964	-1.5258789e-005
0.0032180785	-2.2888184e-005
0.0033126832	-2.6702881e-005
0.0034103394	-2.2888184e-005
0.0035064698	-1.9073486e-005
0.0036041259	-2.2888184e-005
 0.003704834	-1.5258789e-005
0.0037994385	-2.2888184e-005
0.0039001466	-2.6702881e-005
0.0039962768	-1.9073486e-005
0.0040924074	-2.2888184e-005
 0.004193115	-2.2888184e-005
0.0042892457	-3.0517578e-005
0.0043823244	-2.2888184e-005
 0.004483032	-2.2888184e-005
0.0045806887	-3.0517578e-005
0.0046783448	-2.2888184e-005
 0.004774475	-2.2888184e-005
0.0048721312	-2.6702881e-005
0.0049682618	-2.6702881e-005
0.0050720214	-2.2888184e-005
0.0051696775	-2.6702881e-005
0.0052642822	-2.2888184e-005
0.0053634644	-3.4332275e-005
0.0054595945	-3.0517578e-005
0.0055572512	-3.0517578e-005
0.0056549073	-2.6702881e-005
0.0057510375	-2.2888184e-005
0.0058502196	-2.2888184e-005
0.0059478758	-3.0517578e-005
0.0060440064	-2.6702881e-005
0.0061431886	-2.2888184e-005
0.0062377928	-2.2888184e-005
0.0063385009	-2.2888184e-005
0.0064331056	-3.0517578e-005
0.0065338137	-2.6702881e-005
0.0066314698	-2.2888184e-005
 0.006729126	-2.2888184e-005
0.0068267821	-2.2888184e-005
0.0069213868	-2.6702881e-005
0.0070220949	-3.0517578e-005
0.0071166991	-1.9073486e-005
0.0072174072	-2.2888184e-005
0.0073150634	-1.5258789e-005
0.0074127195	-3.0517578e-005
0.0075088502	-3.0517578e-005
0.0076049804	-1.5258789e-005
0.0077056885	-2.2888184e-005
0.0078033446	-3.0517578e-005
0.0078979488	-2.6702881e-005
0.0079956055	-2.6702881e-005
0.0080963131	-2.2888184e-005
0.0081939697	-2.2888184e-005
 0.008287048	-3.0517578e-005
0.0083908085	-2.6702881e-005
0.0084838867	-2.2888184e-005
0.0085800169	-2.6702881e-005
0.0086761471	-2.2888184e-005
0.0087783812	-1.9073486e-005
0.0088729858	-1.9073486e-005
 0.008972168	-2.2888184e-005
0.0090698246	-3.8146973e-006
0.0091690067	-1.5258789e-005
0.0092651369	-7.6293945e-006
0.0093627926	-7.6293945e-006
0.0094604492	-1.1444092e-005
0.0095581058	-1.5258789e-005
 0.009654236	3.8146973e-006
0.0097534182	           0
0.0098495483	7.6293945e-006
0.0099487305	1.1444092e-005
 0.010046387	7.6293945e-006
 0.010144043	1.5258789e-005
 0.010240173	2.2888184e-005
  0.01033783	2.6702881e-005
  0.01043396	3.0517578e-005
 0.010534668	3.8146973e-005
 0.010632324	4.196167e-005
 0.010728454	6.1035156e-005
 0.010823059	6.8664551e-005
 0.010923767	7.6293945e-005
 0.011024475	9.1552734e-005
 0.011123657	9.9182129e-005
  0.01121521	9.9182129e-005
 0.011317444	0.00012207031
 0.011412049	0.0001449585
 0.011508179	0.0001373291
 0.011605835	0.00015258789
 0.011705017	0.00017547607
 0.011801148	0.00018310547
 0.011901855	0.00020217896
 0.011997986	0.00022125244
 0.012094116	0.00024414063
 0.012191772	0.00025939941
  0.01229248	0.00028991699
 0.012388611	0.00029754639
 0.012487793	0.00032806396
 0.012582397	0.00035095215
 0.012681579	0.00037765503
 0.012776184	0.0004119873
 0.012873841	0.0004234314
 0.012976075	0.00045013428
 0.013070678	0.00047683716
 0.013168335	0.00050354004
 0.013265992	0.00053405762
 0.013363647	0.00057983398
 0.013461304	0.00061035156
  0.01355896	0.00064849854
 0.013653564	0.00067520142
 0.013754273	0.00070953369
 0.013853455	0.00074768066
 0.013949585	0.00077819824
 0.014045715	0.00082778931
 0.014143372	0.00086212158
 0.014242554	0.00090408325
  0.01434021	0.00092697144
 0.014437866	0.00096893311
 0.014535522	0.0010223389
 0.014633179	0.0010681152
 0.014730835	0.0011177063
 0.014826966	0.0011749268
 0.014926148	0.0012207031
 0.015026855	0.0012626648
 0.015118408	0.0013122559
 0.015219117	0.0013580322
 0.015315247	 0.001411438
 0.015412902	0.0014533997
 0.015510559	0.0015029907
 0.015608216	0.0015487671
 0.015704345	0.0015945435
 0.015805054	0.0016670227
 0.015899658	0.0017242432
 0.016000366	 0.001789093
 0.016094971	0.0018463135
 0.016194154	0.0019035339
 0.016290283	 0.001953125
  0.01639099	0.0020141602
 0.016487122	0.0020751953
 0.016586304	0.0021362305
 0.016680907	0.0021972656
 0.016781617	0.0022621155
 0.016876221	0.0023117065
 0.016973877	0.0023651123
 0.017071534	0.0024337769
 0.017169189	0.0025024414
 0.017268371	 0.002571106
 0.017364502	0.0026512146
 0.017459106	0.0027236938
 0.017559815	 0.002784729
  0.01765747	0.0028533936
 0.017753601	0.0029144287
 0.017855834	0.0029754639
 0.017947387	 0.003036499
 0.018048096	 0.003112793
 0.018145751	0.0031929016
 0.018240357	 0.003276825
 0.018338013	0.0033493042
 0.018441772	0.0034294128
 0.018537903	0.0035018921
 0.018634032	0.0035743713
 0.018728638	0.0036506653
 0.018830871	0.0037269592
 0.018925477	0.0038070679
 0.019024659	0.0038795471
 0.019119263	0.0039596558
 0.019223023	0.0040206909
 0.019317627	0.0040969849
 0.019416809	0.0041770935
  0.01951294	0.0042800903
 0.019610595	0.0043678284
 0.019708252	0.0044517517
 0.019805908	 0.004535675
 0.019898986	0.0046081543
 0.020001221	0.0046958923
 0.020098876	0.0047836304
 0.020196533	0.0048675537
 0.020291138	0.0049552917
 0.020391846	0.0050239563
 0.020489503	0.0051040649
 0.020587157	0.0051841736
 0.020683289	0.0052719116
 0.020783996	0.0053634644
 0.020877074	0.0054702759
 0.020976257	0.0055732727
 0.021070862	0.0056533813
 0.021173095	0.0057449341
 0.021269226	0.0058403015
 0.021368409	0.0059280396
 0.021466065	0.0060157776
 0.021560669	0.0061187744
 0.021659851	0.0062103271
 0.021759033	0.0062904358
 0.021853637	0.0063705444
 0.021951294	0.0064544678
 0.022045899	0.0065460205
 0.022146607	0.0066604614
 0.022244263	0.0067901611
 0.022344971	0.0068855286
   0.0224411	0.0069885254
 0.022537231	0.0070877075
 0.022634888	0.0071678162
 0.022735596	0.0072669983
 0.022828674	0.0073776245
 0.022927856	0.0074577332
 0.023025513	0.0075683594
 0.023124695	0.0076522827
 0.023219299	0.0077362061
 0.023321534	0.0078315735
  0.02341919	0.0079421997
 0.023515319	0.0080604553
 0.023611451	0.0081787109
 0.023712158	0.0082969666
 0.023806762	0.0083961487
 0.023905944	0.0084991455
 0.023999024	0.0085983276
 0.024098206	0.0087051392
 0.024194336	0.0088195801
 0.024296571	0.0089149475
 0.024389649	0.0090255737
 0.024488831	0.0091133118
 0.024583435	0.0092086792
 0.024688721	0.0093193054
 0.024784852	 0.009437561
 0.024880981	0.0095672607
 0.024974059	0.0096893311
 0.025076294	0.0098114014
 0.025170898	0.0099334717
 0.025271606	 0.010047913
 0.025366211	  0.01014328
 0.025463868	 0.010257721
 0.025564576	 0.010379791
 0.025659179	 0.010494232
  0.02575531	   0.0105896
 0.025857544	 0.010692596
 0.025949096	 0.010787964
 0.026052857	 0.010917664
 0.026145935	 0.011047363
 0.026246643	 0.011188507
 0.026344299	 0.011314392
  0.02644043	 0.011432648
 0.026539613	 0.011566162
 0.026637267	 0.011676788
 0.026733398	 0.011795044
 0.026828002	 0.011917114
 0.026928712	 0.012031555
 0.027026366	  0.01215744
 0.027120972	 0.012264252
  0.02722168	 0.012363434
 0.027320862	 0.012489319
 0.027420044	 0.012615204
 0.027514648	 0.012771606
 0.027610779	 0.012908936
  0.02770691	 0.013053894
 0.027804565	 0.013168335
 0.027902221	 0.013305664
 0.028002929	 0.013420105
 0.028097535	 0.013557434
 0.028198242	 0.013683319
 0.028295899	 0.013809204
 0.028393555	 0.013923645
 0.028488159	 0.014041901
 0.028590392	 0.014160156
 0.028683472	 0.014289856
 0.028781127	 0.014438629
 0.028880309	 0.014583588
  0.02897644	  0.01473999
 0.029074097	 0.014884949
  0.02917633	 0.015007019
 0.029269408	 0.015144348
 0.029370118	 0.015281677
 0.029464722	 0.015419006
 0.029565429	 0.015552521
 0.029656982	 0.015686035
 0.029756164	 0.015815735
 0.029855346	 0.015930176
 0.029953003	 0.016067505
 0.030049134	 0.016216278
 0.030148316	  0.01638031
 0.030245971	 0.016548157
 0.030345153	 0.016712189
 0.030438233	 0.016860962
 0.030541992	 0.016994476
  0.03063507	 0.017131805
 0.030734252	 0.017284393
 0.030830383	 0.017425537
  0.03092804	 0.017570496
 0.031025697	 0.017715454
 0.031124879	 0.017841339
 0.031222533	 0.017974854
 0.031321716	 0.018127441
 0.031417847	 0.018295288
 0.031521607	 0.018463135
 0.031611633	 0.018634796
 0.031709291	 0.018791199
 0.031806946	 0.018936157
 0.031906128	  0.01909256
 0.032002259	 0.019248962
  0.03210602	  0.01940155
 0.032199096	 0.019561768
 0.032296754	  0.01971817
 0.032394409	 0.019863129
 0.032495119	 0.020000458
 0.032586671	 0.020137787
 0.032684326	 0.020305634
 0.032783508	 0.020477295
 0.032881163	 0.020675659
 0.032975771	 0.020851135
 0.033079527	 0.021030426
 0.033172607	 0.021194458
 0.033273317	 0.021350861
 0.033370972	 0.021511078
 0.033470154	 0.021690369
 0.033564758	 0.021858215
  0.03366394	 0.022010803
 0.033758543	 0.022159576
 0.033854675	  0.02230072
 0.033952333	 0.022460938
 0.034054566	 0.022640228
 0.034152221	 0.022842407
 0.034249879	 0.023036957
 0.034346007	 0.023235321
 0.034445189	 0.023403168
  0.03454132	 0.023578644
 0.034637451	 0.023761749
 0.034736633	 0.023925781
 0.034835815	 0.024120331
 0.034928896	 0.024299622
 0.035029601	 0.024478912
  0.03512726	 0.024635315
 0.035224915	 0.024791718
 0.035321046	 0.024971008
 0.035420228	 0.025180817
 0.035511781	  0.02538681
 0.035614014	 0.025604248
 0.035711668	 0.025810242
 0.035810851	 0.025993347
 0.035903931	 0.026172638
 0.036010742	 0.026363373
 0.036103822	 0.026550293
 0.036203004	 0.026752472
 0.036294557	 0.026939392
  0.03639679	 0.027107239
 0.036492921	 0.027256012
 0.036587525	 0.027442932
 0.036688231	 0.027626038
 0.036785889	 0.027858734
 0.036882021	  0.02804184
 0.036985777	 0.028270721
  0.03707733	 0.028465271
  0.03717804	 0.028648376
 0.037274171	  0.02885437
 0.037371825	 0.028926849
 0.037466429	 0.029006958
 0.037567139	 0.029140472
  0.03766327	 0.029224396
 0.037762452	 0.029331207
 0.037857056	 0.029392242
 0.037959289	  0.02955246
 0.038053893	 0.029651642
 0.038153075	 0.029792786
 0.038247682	 0.030071259
 0.038348388	 0.030124664
 0.038442992	 0.030261993
  0.03854065	 0.030410767
 0.038636781	 0.030582428
 0.038735963	 0.030693054
 0.038833618	 0.030887604
   0.0389328	 0.031093597
 0.039031982	 0.031265259
 0.039129637	 0.031475067
 0.039225768	 0.031593323
  0.03932495	 0.031711578
 0.039416503	 0.031959534
 0.039518736	 0.032112122
 0.039614867	 0.032440186
 0.039710999	 0.032585144
 0.039811708	 0.032714844
 0.039912414	 0.032936096
 0.040005494	 0.033092499
 0.040103149	 0.033302307
 0.040200807	 0.033481598
 0.040301513	  0.03364563
 0.040393066	 0.033805847
 0.040493775	 0.033901215
 0.040589906	 0.034198761
 0.040689088	  0.03440094
 0.040783692	 0.034584045
 0.040884398	 0.034748077
 0.040982056	 0.034912109
 0.041081239	 0.035243988
 0.041174315	 0.035392761
 0.041275024	 0.035545349
 0.041372679	 0.035820007
  0.04146881	 0.035995483
 0.041566469	 0.036159515
 0.041664124	 0.036331177
 0.041760255	 0.036518097
  0.04186096	 0.036598206
 0.041960143	 0.036949158
 0.042053223	 0.037086487
 0.042152405	 0.037410736
 0.042248536	 0.037467957
  0.04234314	  0.03742981
 0.042440794	 0.037727356
 0.042544555	 0.038017273
 0.042642213	 0.038002014
 0.042739868	  0.03817749
 0.042834472	 0.038162231
 0.042935181	 0.038478851
 0.043029785	  0.03886795
 0.043128967	 0.039283752
 0.043226622	 0.039413452
 0.043322753	 0.039772034
 0.043420412	 0.039897919
 0.043521117	  0.04019165
 0.043615721	 0.040622711
 0.043716431	  0.04088974
 0.043814085	 0.041240692
 0.043911744	 0.041297913
 0.044007875	  0.04158783
 0.044107057	 0.041641235
 0.044204712	 0.041561127
 0.044299316	 0.041702271
 0.044400025	 0.042186737
  0.04449768	 0.042667389
 0.044595338	 0.043190002
 0.044692993	 0.043354034
 0.044790648	 0.043373108
 0.044885255	 0.043479919
  0.04498291	 0.043708801
  0.04508362	   0.0442276
 0.045178223	 0.044555664
 0.045272827	 0.044864655
 0.045373537	 0.044937134
 0.045474242	  0.04542923
 0.045568846	 0.045597076
 0.045669556	 0.045600891
 0.045764159	 0.045906067
 0.045861818	 0.046012878
 0.045957945	 0.046524048
 0.046057127	 0.046882629
 0.046154786	 0.046878815
  0.04624939	 0.047012329
 0.046345521	 0.047592163
 0.046449281	  0.04788208
 0.046545409	 0.048404694
 0.046646118	 0.048339844
 0.046740722	 0.048828125
  0.04683838	 0.048408508
 0.046934508	   0.0493927
  0.04703369	 0.049274445
 0.047129821	 0.049274445
  0.04722748	  0.04983902
 0.047323607	  0.05090332
 0.047421265	 0.051475525
 0.047521971	 0.051490784
 0.047621153	 0.051429749
 0.047717284	 0.052043915
 0.047811888	 0.051494598
 0.047908019	 0.051036835
 0.048008729	 0.051120758
  0.04810486	 0.052192688
 0.048204042	 0.052661896
 0.048297118	 0.053863525
 0.048400879	 0.055141449
 0.048498534	 0.055023193
 0.048596192	 0.055141449
 0.048693847	 0.054637909
 0.048789978	 0.054885864
 0.048887633	 0.056137085
 0.048983764	 0.056594849
 0.049081422	 0.057102203
  0.04917755	 0.057792664
 0.049276732	  0.05777359
 0.049375914	 0.057388306
 0.049472045	 0.056911469
 0.049571227	 0.058174133
 0.049670409	 0.059448242
  0.04976349	 0.060359955
 0.049859621	  0.06067276
 0.049960326	 0.060237885
 0.050059509	   0.0599823
  0.05015564	  0.05979538
 0.050250243	 0.058368683
 0.050349426	 0.058502197
 0.050450135	 0.059646606
 0.050546266	 0.060905457
 0.050642394	 0.062145233
 0.050741576	 0.064498901
 0.050840758	 0.065097809
 0.050936889	 0.064983368
 0.051031493	 0.064483643
 0.051130675	 0.064849854
 0.051226806	    0.064888
 0.051327515	 0.064964294
  0.05142517	 0.065505981
 0.051519774	 0.066474915
 0.051617432	 0.067565918
 0.051718138	 0.068271637
 0.051815797	 0.068424225
 0.051911928	 0.068340302
 0.052009583	  0.06842804
 0.052105714	 0.069347382
 0.052200317	 0.069034576
 0.052301027	 0.068237305
 0.052398682	 0.069850922
 0.052499391	 0.069824219
 0.052593995	 0.071105957
 0.052694701	 0.071109772
 0.052789308	 0.071613312
  0.05288849	 0.071731567
 0.052983094	 0.071434021
 0.053080749	  0.07138443
 0.053179931	  0.07175827
 0.053279113	 0.072734833
 0.053378295	  0.07283783
 0.053472899	 0.073860168
 0.053572081	 0.073940277
 0.053668212	 0.074790955
 0.053762816	 0.076526642
 0.053865053	 0.076412201
  0.05396118	 0.077152252
 0.054058839	 0.078224182
 0.054156493	 0.077838898
 0.054254152	 0.075504303
 0.054351807	 0.077121735
  0.05444641	  0.07478714
  0.05454712	 0.075397491
 0.054644775	 0.076446533
 0.054745484	  0.07396698
 0.054840088	 0.074577332
 0.054936219	 0.074401855
 0.055035401	 0.075088501
 0.055130005	 0.076049805
 0.055230714	 0.076675415
 0.055328369	 0.075500488
   0.0554245	 0.076442719
 0.055520631	 0.077636719
 0.055618286	  0.07767868
 0.055718996	 0.079116821
 0.055813599	 0.080036163
 0.055911254	 0.080406189
 0.056011964	 0.080760956
 0.056108095	 0.081512451
 0.056207277	 0.080932617
 0.056301881	 0.082408905
 0.056404114	 0.084899902
 0.056500245	 0.085021973
   0.0565979	 0.085147858
 0.056692503	 0.087417603
 0.056793213	 0.088756561
 0.056887817	 0.088428497
 0.056988526	 0.088806152
  0.05708313	 0.087745667
 0.057180785	 0.089508057
 0.057281494	 0.088794708
 0.057376098	 0.090148926
 0.057476807	 0.091567993
 0.057574462	 0.091007233
 0.057669066	 0.089550018
 0.057766724	 0.093082428
 0.057865907	 0.096164703
 0.057962038	 0.097293854
 0.058059692	 0.095993042
 0.058155823	 0.094108582
 0.058258057	  0.09104538
 0.058354188	 0.090511322
 0.058451843	 0.090454102
 0.058547974	 0.091587067
 0.058645628	 0.094104767
 0.058743287	  0.09343338
 0.058840942	  0.09532547
   0.0589386	  0.09646225
 0.059033204	 0.098804474
 0.059136964	 0.099388123
 0.059233092	 0.099330902
 0.059332274	  0.10015869
 0.059429932	 0.099624634
 0.059527587	   0.1013298
 0.059622191	  0.10224915
 0.059719849	  0.10234833
  0.05981598	  0.10317612
 0.059912108	  0.10473251
 0.060009766	   0.1049118
 0.060108948	   0.1054306
 0.060208131	  0.10486603
 0.060307313	  0.10522842
 0.060404968	  0.10345078
 0.060501099	  0.10505295
 0.060595702	  0.10606384
 0.060694885	  0.10566711
 0.060794067	  0.10528946
 0.060887147	  0.10667801
 0.060984802	   0.1072998
 0.061087035	  0.10822678
 0.061183166	  0.10997391
 0.061282348	  0.11082458
 0.061380006	  0.10927963
 0.061477661	  0.10884094
 0.061569214	  0.10905075
 0.061669923	  0.10943604
 0.061764527	  0.11027527
 0.061865233	  0.11138916
 0.061961364	  0.11124039
 0.062060546	  0.11248398
 0.062159728	  0.11309052
 0.062257387	  0.11370087
 0.062353514	  0.11289215
 0.062452696	  0.11305618
 0.062545776	  0.11316681
 0.062648013	  0.11164093
 0.062745668	  0.11351013
 0.062841795	  0.11373901
  0.06293793	  0.11527634
 0.063038632	  0.11511612
 0.063137814	  0.11683655
 0.063233949	   0.1170311
 0.063333131	  0.11629486
 0.063430786	  0.11595917
 0.063525394	  0.11652756
 0.063623048	  0.11746979
  0.06372223	  0.11760712
 0.063818358	  0.11525726
 0.063916013	  0.11605072
 0.064016722	  0.11779785
 0.064112857	  0.11632538
 0.064208984	  0.11647415
 0.064306639	  0.11643219
 0.064404294	  0.11970139
 0.064500429	  0.12034225
 0.064596556	  0.12118149
 0.064694211	   0.1227951
  0.06479492	  0.12329865
 0.064889528	  0.12342834
 0.064990237	  0.12348938
 0.065086365	  0.12352753
 0.065185547	  0.12327576
 0.065283202	  0.12490082
 0.065380856	  0.12474442
 0.065475464	  0.12559128
 0.065576173	  0.12598801
 0.065670773	   0.1258812
 0.065769956	  0.12660599
  0.06586609	  0.12648392
 0.065965272	  0.12683105
   0.0660614	   0.1270256
 0.066159055	  0.12718201
 0.066259764	  0.12756348
 0.066355899	   0.1280365
 0.066452026	  0.12815475
 0.066552736	  0.12844467
 0.066647336	  0.12871933
 0.066748045	  0.12900162
 0.066842653	  0.12949753
 0.066943362	  0.12976456
 0.067033388	  0.12997437
 0.067135617	  0.13012314
 0.067234799	  0.13036728
 0.067330934	  0.13090515
 0.067425534	  0.13079071
 0.067527771	  0.13095093
 0.067623898	  0.13161469
 0.067723081	  0.13172913
 0.067819215	  0.13204575
  0.06791687	  0.13218689
 0.068014525	  0.13232803
 0.068109132	  0.13258362
 0.068209842	  0.13266373
 0.068307497	  0.13306427
 0.068403624	  0.13335037
 0.068505861	   0.1329689
 0.068601988	  0.13362885
  0.06870117	  0.13403702
 0.068795778	  0.13394547
 0.068896487	   0.1341362
  0.06898804	   0.1345253
 0.069087222	  0.13474274
 0.069186404	  0.13486481
 0.069285586	  0.13511276
 0.069381714	  0.13557053
 0.069479369	  0.13588333
 0.069577023	  0.13621521
 0.069674686	  0.13669586
 0.069770813	  0.13684845
 0.069869995	  0.13713837
 0.069964603	  0.13737869
 0.070063785	  0.13779068
 0.070161439	   0.1380806
 0.070262149	  0.13811874
 0.070356749	  0.13843918
 0.070458986	  0.13869095
 0.070553586	  0.13909149
 0.070651248	  0.13911819
 0.070745848	  0.13982773
 0.070846558	   0.1401329
 0.070939638	  0.14045334
 0.071041867	  0.14049911
 0.071139529	  0.14072037
 0.071235657	   0.1410408
 0.071331784	  0.14126587
 0.071430966	  0.14149475
 0.071530148	  0.14180756
 0.071626283	  0.14200592
 0.071722411	  0.14225388
 0.071820065	  0.14247894
 0.071917728	  0.14277649
 0.072015382	  0.14308167
 0.072113037	   0.1432457
 0.072213747	  0.14348602
 0.072309874	  0.14377594
 0.072410583	  0.14400101
 0.072503664	     0.14431
 0.072602846	  0.14451599
 0.072695926	  0.14478683
 0.072796628	  0.14506149
 0.072891235	  0.14532471
 0.072990417	  0.14553452
 0.073091127	  0.14568329
 0.073188782	  0.14591217
 0.073281862	  0.14601898
 0.073382571	  0.14632034
 0.073480226	  0.14650726
 0.073580936	  0.14685822
 0.073674008	  0.14716339
  0.07377319	  0.14746857
 0.073870853	  0.14764786
 0.073970035	  0.14792252
 0.074063107	  0.14810944
 0.074163817	  0.14827347
 0.074261472	  0.14835739
 0.074359134	  0.14856339
 0.074455261	  0.14876175
 0.074555971	  0.14903641
 0.074650571	  0.14928818
 0.074749753	  0.14941788
 0.074845888	  0.14983749
 0.074943542	  0.15018082
 0.075042725	  0.15047455
 0.075140379	   0.1507225
 0.075234987	  0.15082932
 0.075335696	  0.15107727
 0.075431824	  0.15126801
 0.075527951	  0.15149689
 0.075627133	   0.1517334
 0.075726315	  0.15195084
 0.075820923	  0.15206909
 0.075918578	  0.15240097
 0.076014712	  0.15267563
 0.076115415	  0.15297318
 0.076211549	  0.15311432
 0.076307677	  0.15341568
 0.076408386	  0.15366745
 0.076507568	  0.15390778
 0.076602176	   0.1541481
 0.076699831	  0.15437698
 0.076795958	  0.15460205
 0.076893613	   0.1547699
 0.076992795	  0.15495682
 0.077091977	  0.15521622
 0.077185057	  0.15533447
 0.077287294	  0.15558624
 0.077384949	   0.1558342
 0.077481076	  0.15613937
 0.077572629	  0.15644073
 0.077676393	  0.15673065
 0.077769473	  0.15681839
 0.077871703	  0.15703201
 0.077967837	  0.15731049
  0.07806702	   0.1575737
  0.07816162	  0.15781784
 0.078265384	  0.15804291
 0.078358456	  0.15822983
 0.078457639	  0.15842438
 0.078552246	  0.15868759
 0.078654483	  0.15897369
 0.078747556	  0.15918732
 0.078846738	  0.15933228
  0.07894592	  0.15953827
 0.079040527	  0.15976334
 0.079138182	  0.15996552
 0.079238892	  0.16012573
 0.079333499	  0.16032028
 0.079434201	  0.16057205
 0.079528809	   0.1608429
 0.079631045	  0.16107178
 0.079724118	  0.16131973
  0.07982178	  0.16159439
 0.079919435	  0.16184616
 0.080018617	  0.16207504
 0.080114745	  0.16213608
 0.080213927	  0.16250992
 0.080311581	  0.16276169
 0.080410764	  0.16294479
 0.080503844	  0.16316986
 0.080604553	  0.16346741
 0.080700681	  0.16360092
 0.080798343	  0.16386795
 0.080895998	  0.16408539
 0.080996707	  0.16433716
 0.081091307	  0.16457367
 0.081192017	  0.16481018
 0.081288144	  0.16500854
 0.081385806	  0.16536713
 0.081478879	   0.1656456
 0.081579588	    0.165905
 0.081677243	  0.16613007
 0.081774905	  0.16631317
 0.081869505	  0.16651917
  0.08197327	  0.16684341
  0.08206787	  0.16710663
 0.082167052	  0.16732407
 0.082263187	  0.16756058
 0.082362369	  0.16775894
 0.082458496	  0.16799927
 0.082562253	     0.16819
 0.082653806	  0.16841125
  0.08274994	  0.16868973
 0.082847595	  0.16893387
 0.082946777	  0.16916656
 0.083041385	  0.16936874
 0.083142087	  0.16962433
 0.083241269	  0.16988373
 0.083337404	  0.17009354
 0.083430484	  0.17024231
 0.083532713	  0.17054749
 0.083627321	  0.17072678
  0.08372955	  0.17095947
  0.08382263	  0.17120361
  0.08392334	  0.17142105
  0.08401642	  0.17169571
 0.084120177	  0.17198181
 0.084217831	  0.17221069
 0.084312439	  0.17240524
 0.084408566	  0.17255783
 0.084507748	  0.17279434
 0.084602356	  0.17302322
 0.084704593	  0.17317963
 0.084799193	  0.17340088
 0.084899902	  0.17363358
 0.084997557	  0.17389297
 0.085095212	  0.17410278
 0.085192874	  0.17436981
 0.085290529	  0.17450714
 0.085385129	  0.17476273
 0.085484311	  0.17502594
 0.085580446	  0.17522812
 0.085679628	  0.17547607
 0.085772708	  0.17565918
 0.085874937	  0.17589569
 0.085969545	  0.17612457
 0.086071774	  0.17636871
 0.086169437	  0.17657089
 0.086264037	  0.17682648
 0.086361691	  0.17705917
 0.086459354	  0.17728043
 0.086557008	  0.17750931
  0.08665619	  0.17773056
 0.086752318	  0.17796707
   0.0868515	  0.17821121
 0.086946107	  0.17842484
 0.087048337	  0.17866516
 0.087142944	  0.17889786
 0.087243654	  0.17911148
 0.087339781	  0.17932129
 0.087435916	  0.17947388
 0.087530516	  0.17966461
 0.087629698	  0.17987061
 0.087725833	  0.18010712
 0.087828062	  0.18035889
 0.087924197	  0.18058014
 0.088021852	  0.18077469
 0.088119507	  0.18099213
 0.088215634	  0.18120575
 0.088314816	  0.18141937
 0.088412479	  0.18161011
 0.088510133	  0.18184662
 0.088607788	  0.18204498
 0.088702396	  0.18223572
 0.088803098	  0.18247604
 0.088897705	    0.182724
 0.088998415	  0.18299866
 0.089097597	  0.18325424
 0.089195251	  0.18345642
 0.089286804	  0.18368912
 0.089385986	  0.18392944
 0.089486696	  0.18419266
 0.089584351	   0.1844368
 0.089678958	  0.18466187
  0.08977814	  0.18490601
 0.089874268	  0.18513107
 0.089974977	  0.18538666
 0.090072632	  0.18562698
 0.090164185	  0.18580246
 0.090267941	  0.18599701
 0.090361021	  0.18625641
 0.090460204	   0.1864357
 0.090557858	  0.18667603
 0.090658568	  0.18690109
 0.090756223	  0.18712616
 0.090853885	  0.18730164
 0.090948485	  0.18755341
 0.091049194	  0.18776703
 0.091143802	  0.18798828
 0.091241457	  0.18818283
 0.091337584	  0.18839264
 0.091436766	  0.18859863
 0.091534421	  0.18883514
 0.091632083	  0.18903732
 0.091729738	  0.18923569
 0.091831967	  0.18944168
 0.091926575	  0.18968582
 0.092024229	  0.18987656
 0.092120364	  0.19007492
 0.092218019	  0.19029236
 0.092315674	  0.19051361
 0.092410281	   0.1907196
 0.092509463	  0.19091797
 0.092608646	  0.19116211
 0.092707828	  0.19136047
 0.092803955	  0.19158173
 0.092903137	  0.19180679
 0.093002319	  0.19198227
 0.093093872	   0.1922493
 0.093194582	  0.19248199
 0.093287662	  0.19271088
 0.093388364	  0.19290161
 0.093484499	  0.19313049
 0.093583681	  0.19334412
 0.093682863	  0.19356155
 0.093780518	  0.19379425
 0.093878172	  0.19399643
 0.093977354	   0.1942215
 0.094073489	  0.19442749
 0.094168089	  0.19464111
 0.094268799	     0.19487
 0.094364926	  0.19508362
 0.094461061	  0.19529724
  0.09456329	  0.19549561
 0.094659425	  0.19572067
  0.09475708	  0.19590759
 0.094854735	  0.19613266
 0.094953917	   0.1963501
 0.095048524	  0.19655609
 0.095144652	  0.19677734
 0.095242307	  0.19699478
 0.095341489	  0.19719696
 0.095437624	  0.19742966
 0.095538333	  0.19764328
 0.095632933	  0.19786453
 0.095732115	  0.19805908
 0.095831297	  0.19826508
 0.095927432	  0.19845581
 0.096022032	  0.19867325
 0.096121214	   0.1988678
 0.096217349	  0.19907761
 0.096316531	  0.19929504
 0.096412659	   0.1995163
 0.096513368	  0.19972992
 0.096609496	  0.19992065
  0.09670715	  0.20013809
 0.096806332	  0.20035553
 0.096902467	  0.20056152
 0.096997067	  0.20077515
 0.097096249	  0.20098114
 0.097193912	  0.20118332
 0.097290039	  0.20138931
 0.097389221	  0.20160294
 0.097488403	  0.20180893
 0.097586058	  0.20201874
 0.097683713	  0.20222473
 0.097781375	  0.20243835
  0.09787903	  0.20264435
 0.097970583	  0.20285416
 0.098074339	  0.20304871
 0.098173521	   0.2032547
 0.098269656	  0.20345688
 0.098364256	  0.20368576
 0.098464966	  0.20391083
 0.098561093	  0.20409775
 0.098655701	  0.20431137
 0.098757938	  0.20451355
  0.09885864	  0.20471191
  0.09895172	  0.20492554
 0.099049374	  0.20514679
 0.099145509	  0.20535278
 0.099244691	  0.20555878
 0.099337772	  0.20576096
 0.099438474	  0.20598984
 0.099537656	  0.20619583
 0.099638365	  0.20639038
   0.0997345	  0.20661163
 0.099830627	  0.20680237
 0.099923708	  0.20702744
 0.099996947	  0.20724869
 0.099996947	   0.2074585
 0.099996947	   0.2076683
