-0.099542238	 -0.20680237
-0.099446103	 -0.20660019
-0.099349976	 -0.20639038
-0.099252321	 -0.20619583
-0.099150084	 -0.20597458
-0.099055484	 -0.20576859
-0.098956302	 -0.20556259
-0.098861694	  -0.2053566
 -0.09876404	 -0.20514679
-0.098669432	 -0.20494843
-0.098568723	 -0.20472717
-0.098471068	 -0.20452499
 -0.09837494	 -0.20432663
-0.098277286	 -0.20411682
-0.098179623	 -0.20390701
-0.098081969	 -0.20369339
-0.097982787	 -0.20346451
-0.097888187	 -0.20326996
-0.097787477	 -0.20306396
-0.097694397	 -0.20285416
-0.097593687	 -0.20264435
-0.097494505	 -0.20244217
-0.097401425	 -0.20222855
-0.097302243	 -0.20201874
-0.097201541	 -0.20178986
-0.097103879	 -0.20158386
-0.097006224	 -0.20138168
-0.096911624	  -0.2011795
-0.096810915	 -0.20096588
-0.096716307	 -0.20076752
-0.096621707	 -0.20056915
-0.096520998	 -0.20037842
-0.096423343	 -0.20016098
-0.096325681	 -0.19995117
-0.096226498	 -0.19973755
-0.096130371	 -0.19953156
-0.096029662	 -0.19932556
-0.095932007	  -0.1991272
-0.095835879	 -0.19890594
-0.095741272	 -0.19870377
-0.095639035	 -0.19850922
-0.095544435	 -0.19829559
 -0.09544678	 -0.19808578
-0.095349118	 -0.19788742
-0.095246889	  -0.1976738
-0.095153809	  -0.1974678
-0.095056154	 -0.19726181
-0.094960019	 -0.19705963
 -0.09485779	 -0.19685364
-0.094766237	 -0.19664383
-0.094665527	 -0.19644165
-0.094567873	 -0.19623184
 -0.09446869	 -0.19602203
-0.094372556	 -0.19581985
-0.094274901	 -0.19560242
-0.094175719	 -0.19538879
-0.094079591	 -0.19519424
-0.093981937	 -0.19498444
-0.093884274	 -0.19478607
 -0.09378662	 -0.19457626
-0.093688965	 -0.19436646
 -0.09359131	 -0.19415665
-0.093492128	 -0.19395828
-0.093399048	 -0.19374084
-0.093296811	 -0.19353485
-0.093202211	 -0.19333649
-0.093103029	 -0.19312668
-0.093008421	 -0.19290924
-0.092909239	 -0.19271088
-0.092813112	 -0.19250488
 -0.09271393	 -0.19229126
-0.092617795	 -0.19209671
 -0.09252014	  -0.1918869
-0.092424013	 -0.19168854
-0.092324831	  -0.1914711
-0.092228696	 -0.19125748
-0.092126466	 -0.19104767
-0.092030331	 -0.19084549
-0.091931149	 -0.19063568
-0.091838077	 -0.19044113
-0.091737367	 -0.19022751
-0.091639712	  -0.1900177
-0.091539003	 -0.18981171
-0.091448978	 -0.18960953
-0.091345213	 -0.18939209
-0.091249086	  -0.1891861
-0.091152951	 -0.18898773
-0.091056824	 -0.18878174
-0.090954587	 -0.18856812
-0.090861514	 -0.18835068
-0.090762332	 -0.18815613
-0.090666197	 -0.18795013
-0.090568542	 -0.18774414
-0.090470888	 -0.18753052
-0.090368651	 -0.18732452
-0.090274051	 -0.18711853
-0.090173341	 -0.18690491
-0.090080261	 -0.18671036
-0.089981079	 -0.18650055
-0.089887999	 -0.18629456
 -0.08978729	 -0.18608475
-0.089689635	 -0.18587494
-0.089593507	 -0.18567276
-0.089495853	 -0.18546295
-0.089395143	 -0.18524933
-0.089299008	 -0.18504715
-0.089201353	 -0.18483734
-0.089105226	 -0.18463516
-0.089004517	 -0.18443298
-0.088912964	 -0.18422699
-0.088809207	 -0.18401337
-0.088716127	 -0.18381119
 -0.08861389	 -0.18360138
-0.088522337	 -0.18339539
-0.088418581	 -0.18318176
-0.088320926	  -0.1829834
-0.088223264	 -0.18276596
-0.088128664	 -0.18255615
-0.088027954	 -0.18235779
-0.087933347	 -0.18216324
-0.087834165	 -0.18194962
-0.087738037	 -0.18175125
-0.087640382	 -0.18153381
-0.087539673	 -0.18133926
-0.087442018	  -0.1811142
-0.087347411	 -0.18092346
-0.087248228	 -0.18070221
-0.087152101	 -0.18050003
-0.087051392	 -0.18029404
-0.086956784	 -0.18008804
-0.086860657	 -0.17987823
-0.086761475	 -0.17967987
 -0.08666382	 -0.17947388
-0.086567685	  -0.1792717
-0.086466983	 -0.17906189
-0.086369321	 -0.17885971
-0.086270139	 -0.17863846
-0.086174011	 -0.17843246
-0.086076356	 -0.17823792
-0.085983276	 -0.17803574
-0.085884094	 -0.17782593
-0.085789487	 -0.17761993
-0.085688785	 -0.17742157
 -0.08559265	 -0.17721558
 -0.08549194	 -0.17700195
-0.085394286	 -0.17680359
-0.085295103	 -0.17658997
-0.085198976	 -0.17638779
-0.085099794	 -0.17618942
-0.085009769	 -0.17598343
-0.084909059	 -0.17577362
-0.084811404	    -0.17556
-0.084712222	 -0.17536545
-0.084616087	 -0.17516327
-0.084515378	 -0.17495346
-0.084417723	 -0.17474365
-0.084320068	 -0.17453384
-0.084225461	 -0.17433929
-0.084124759	 -0.17412949
-0.084030151	 -0.17392731
-0.083929442	 -0.17372131
-0.083831787	 -0.17351151
 -0.08373718	 -0.17332077
 -0.08364258	 -0.17311096
-0.083538815	 -0.17290115
-0.083441161	 -0.17269516
-0.083346561	 -0.17248154
-0.083248898	 -0.17228699
-0.083149716	 -0.17207336
-0.083053589	 -0.17188263
-0.082955934	 -0.17166901
-0.082858279	 -0.17146683
 -0.08275757	 -0.17126083
-0.082662962	 -0.17105865
-0.082562253	 -0.17084503
-0.082467653	 -0.17062759
-0.082368471	 -0.17041779
-0.082270816	 -0.17021942
-0.082173154	 -0.17001343
-0.082083128	 -0.16980362
-0.081976317	 -0.16960526
-0.081881717	 -0.16939545
-0.081785582	 -0.16919327
  -0.0816864	 -0.16898346
-0.081588745	 -0.16876984
 -0.08149109	 -0.16856384
-0.081393436	 -0.16835403
-0.081298828	 -0.16815567
-0.081195071	 -0.16793823
-0.081101991	 -0.16773605
-0.081004336	 -0.16753769
-0.080906674	 -0.16732407
-0.080807492	 -0.16712189
-0.080711365	 -0.16693115
-0.080610655	 -0.16670609
-0.080514528	 -0.16650772
-0.080413818	 -0.16629028
-0.080322266	 -0.16609573
-0.080218509	 -0.16588593
-0.080125429	 -0.16568756
-0.080027774	 -0.16547775
-0.079931639	 -0.16527557
 -0.07983093	 -0.16506958
-0.079739377	 -0.16486359
 -0.07963562	 -0.16465759
-0.079537965	  -0.1644516
-0.079441831	 -0.16423798
-0.079345703	 -0.16403961
-0.079241946	 -0.16383362
-0.079147339	 -0.16363525
-0.079054259	 -0.16342926
-0.078955077	  -0.1632309
-0.078855895	 -0.16301727
-0.078759767	 -0.16281128
-0.078659058	 -0.16260529
 -0.07856293	 -0.16240311
-0.078466795	 -0.16218948
-0.078369141	 -0.16199493
-0.078268431	 -0.16178894
-0.078175351	 -0.16158295
-0.078076169	 -0.16136932
-0.077975467	 -0.16117477
-0.077877805	 -0.16096497
-0.077781677	 -0.16076279
-0.077684022	 -0.16054535
 -0.07758484	 -0.16035461
 -0.07749176	 -0.16014099
-0.077392578	 -0.15994263
-0.077293396	 -0.15973663
-0.077197269	 -0.15953827
-0.077099606	 -0.15931702
-0.077005006	 -0.15912628
-0.076904297	 -0.15890884
-0.076805115	 -0.15871811
-0.076708987	 -0.15850067
 -0.07661438	 -0.15830994
 -0.07651367	  -0.1580925
-0.076417543	 -0.15789032
-0.076319888	  -0.1576767
-0.076220706	 -0.15747833
-0.076126099	 -0.15725708
-0.076025389	 -0.15706253
-0.075930789	 -0.15685654
-0.075827025	 -0.15666199
-0.075732425	 -0.15644836
 -0.07563629	 -0.15625381
-0.075540163	 -0.15604782
-0.075442508	 -0.15583801
-0.075344846	 -0.15563202
-0.075247191	 -0.15542984
-0.075146481	 -0.15522766
-0.075051881	 -0.15501404
-0.074952699	 -0.15480804
-0.074853517	 -0.15460968
-0.074755862	 -0.15439606
-0.074661255	 -0.15420151
  -0.0745636	 -0.15399933
-0.074465945	 -0.15378571
-0.074368283	 -0.15357971
-0.074270628	 -0.15337372
-0.074172974	  -0.1531601
-0.074075319	 -0.15296173
-0.073979184	 -0.15274811
-0.073878482	 -0.15254974
  -0.0737793	 -0.15233612
 -0.07368622	  -0.1521492
-0.073590085	 -0.15193558
-0.073489383	 -0.15172958
-0.073393248	 -0.15153503
-0.073295593	 -0.15133286
-0.073196411	 -0.15111542
-0.073098756	 -0.15090561
-0.073001102	 -0.15069199
-0.072901919	 -0.15050125
-0.072805785	 -0.15030289
 -0.07270813	 -0.15010071
-0.072613522	 -0.14988708
-0.072515868	 -0.14968109
-0.072418213	 -0.14946365
-0.072322085	  -0.1492691
-0.072221376	 -0.14905548
-0.072122194	  -0.1488533
-0.072027586	 -0.14865112
-0.071925357	 -0.14845276
-0.071827695	 -0.14823151
-0.071731567	 -0.14804077
-0.071633913	 -0.14783096
-0.071536258	 -0.14762878
 -0.07144165	 -0.14741135
-0.071342468	 -0.14720917
-0.071246341	 -0.14700317
-0.071148679	 -0.14679718
-0.071047977	 -0.14660263
-0.070951842	 -0.14639282
-0.070855714	 -0.14618683
 -0.07075806	 -0.14598083
-0.070658877	 -0.14577866
-0.070561215	 -0.14556122
-0.070465088	 -0.14536285
 -0.07036896	 -0.14516449
-0.070269778	 -0.14496613
-0.070172116	 -0.14475632
-0.070077516	 -0.14455414
-0.069978334	 -0.14434433
-0.069876097	 -0.14412689
-0.069783017	  -0.1439209
 -0.06968689	 -0.14371109
-0.069587708	 -0.14352417
-0.069488525	 -0.14331818
-0.069392398	 -0.14310837
-0.069293216	 -0.14291382
-0.069195554	 -0.14270782
-0.069097899	 -0.14247894
-0.069003299	 -0.14229202
-0.068901062	 -0.14208221
-0.068807982	 -0.14188385
-0.068707272	 -0.14168167
-0.068611145	 -0.14147949
 -0.06851349	 -0.14126587
-0.068417355	 -0.14108658
-0.068316653	 -0.14086151
-0.068218991	 -0.14065933
-0.068121336	 -0.14044571
-0.068026736	 -0.14025879
  -0.0679245	 -0.14003754
-0.067831419	 -0.13983536
-0.067732237	 -0.13962555
-0.067634583	 -0.13943481
  -0.0675354	 -0.13924026
-0.067437746	 -0.13902664
-0.067340091	 -0.13882065
-0.067242429	  -0.1386261
-0.067144774	 -0.13838959
-0.067048647	 -0.13820267
-0.066949464	 -0.13800812
-0.066856384	 -0.13780212
-0.066757202	 -0.13759613
-0.066661075	 -0.13739014
-0.066563413	 -0.13717651
-0.066467285	 -0.13698959
-0.066363528	 -0.13678741
-0.066268921	 -0.13657761
-0.066169739	 -0.13635254
-0.066075131	 -0.13615799
-0.065971375	 -0.13595963
-0.065879822	 -0.13575363
-0.065777585	 -0.13554382
-0.065686032	 -0.13533783
 -0.06558685	 -0.13512802
-0.065489195	 -0.13492966
-0.065386966	 -0.13471603
-0.065292358	 -0.13451385
-0.065191649	 -0.13430786
-0.065098569	 -0.13410568
-0.064997867	 -0.13389587
-0.064903259	 -0.13370514
-0.064804077	 -0.13350296
-0.064706422	 -0.13328552
-0.064608768	 -0.13309097
-0.064515688	 -0.13287735
-0.064413451	 -0.13268661
-0.064315796	 -0.13247681
-0.064218141	 -0.13227844
-0.064123534	 -0.13206482
-0.064019777	 -0.13187408
-0.063925169	 -0.13165665
-0.063829042	 -0.13145447
-0.063732907	 -0.13125992
-0.063632205	 -0.13105774
-0.063537598	 -0.13084412
-0.063436888	 -0.13063049
-0.063342288	 -0.13043594
-0.063241579	 -0.13022614
-0.063145444	 -0.13002777
-0.063046262	 -0.12981796
-0.062953189	 -0.12960815
-0.062855527	 -0.12939453
-0.062754825	 -0.12919617
 -0.06265869	 -0.12899017
-0.062561035	 -0.12879181
-0.062458802	 -0.12858582
-0.062365722	 -0.12838745
-0.062265016	 -0.12817383
-0.062168885	 -0.12794876
-0.062069703	  -0.1277771
-0.061972044	 -0.12757111
-0.061875917	 -0.12734222
-0.061779786	 -0.12712097
-0.061682127	 -0.12691879
   -0.061586	 -0.12669373
-0.061486818	 -0.12649536
-0.061389159	 -0.12628937
-0.061288454	 -0.12609863
-0.061193846	 -0.12589264
-0.061094664	 -0.12567902
-0.061001588	  -0.1254921
-0.060899355	 -0.12526321
-0.060800172	 -0.12508392
-0.060705565	 -0.12487793
 -0.06060791	 -0.12464905
-0.060510255	 -0.12446976
-0.060411073	 -0.12427521
-0.060313415	 -0.12405777
-0.060218811	 -0.12385941
-0.060118102	 -0.12364197
-0.060025025	 -0.12343597
-0.059927367	 -0.12324524
-0.059828185	 -0.12305832
-0.059729002	 -0.12281799
-0.059634399	 -0.12260437
-0.059533693	 -0.12240219
-0.059437562	 -0.12221909
 -0.05933838	 -0.12198257
-0.059242249	  -0.1217804
-0.059143066	 -0.12161636
-0.059048463	 -0.12140274
-0.058950804	 -0.12124634
-0.058853149	 -0.12103271
 -0.05875244	 -0.12084198
-0.058659364	  -0.1205864
 -0.05855713	  -0.1203804
-0.058462523	 -0.12017822
-0.058363341	 -0.11996841
-0.058267213	 -0.11977768
-0.058166504	 -0.11956787
  -0.0580719	 -0.11936951
-0.057971191	 -0.11917877
-0.057878114	 -0.11893845
-0.057777405	 -0.11876678
 -0.05767975	 -0.11854935
-0.057580568	 -0.11835098
-0.057484437	 -0.11814117
-0.057385255	 -0.11794662
-0.057287596	 -0.11772537
-0.057191469	 -0.11751175
-0.057095338	 -0.11729813
-0.056997679	  -0.1170845
-0.056903075	 -0.11689758
-0.056799315	 -0.11667633
-0.056706239	 -0.11648178
-0.056605529	 -0.11627197
-0.056510925	 -0.11606598
-0.056408692	 -0.11585999
-0.056315612	 -0.11564255
-0.056213379	 -0.11546707
-0.056123354	 -0.11524963
-0.056021117	 -0.11503983
 -0.05592804	 -0.11485291
-0.055825807	 -0.11466217
  -0.0557312	 -0.11445999
-0.055628967	 -0.11425781
-0.055529784	 -0.11405563
 -0.05543213	 -0.11385345
-0.055340577	 -0.11364365
-0.055238344	 -0.11346054
-0.055143736	 -0.11321259
-0.055047609	 -0.11299515
 -0.05494995	 -0.11281204
-0.054850768	 -0.11262894
-0.054754637	 -0.11242294
 -0.05465088	 -0.11219788
-0.054556273	 -0.11198807
-0.054457091	 -0.11177444
-0.054364014	 -0.11159515
-0.054258727	 -0.11139297
-0.054164123	 -0.11116028
-0.054071046	 -0.11094284
 -0.05396881	   -0.110672
-0.053875733	 -0.11050797
-0.053776551	 -0.11022186
-0.053677369	  -0.1100769
-0.053581238	 -0.10987091
-0.053483583	 -0.10969162
-0.053384401	 -0.10947037
 -0.05328827	 -0.10927582
-0.053189088	 -0.10906219
-0.053091429	 -0.10884476
-0.052993774	 -0.10866547
 -0.05289612	 -0.10842896
-0.052799989	 -0.10819244
-0.052700806	 -0.10802078
-0.052604675	 -0.10779953
-0.052508544	 -0.10762787
-0.052412413	 -0.10739517
-0.052311707	 -0.10719299
-0.052215576	 -0.10700989
-0.052120972	 -0.10677719
-0.052017212	 -0.10660553
-0.051922608	 -0.10638428
-0.051821899	 -0.10618973
-0.051725768	 -0.10598373
-0.051628113	 -0.10578537
-0.051531982	 -0.10562134
-0.051434327	 -0.10537338
-0.051335145	 -0.10510635
-0.051239014	 -0.10489655
-0.051141359	 -0.10469055
  -0.0510437	   -0.104496
-0.050946046	 -0.10430908
-0.050846864	 -0.10409164
-0.050749205	 -0.10386658
 -0.05065155	 -0.10366821
 -0.05055847	 -0.10345459
-0.050457764	  -0.1032753
-0.050360106	 -0.10308075
-0.050262451	  -0.1028595
 -0.05016632	 -0.10263062
-0.050068665	 -0.10240936
-0.049969483	 -0.10218048
-0.049870301	 -0.10195923
-0.049775697	 -0.10176849
-0.049678039	 -0.10160446
-0.049581908	 -0.10139465
-0.049484253	 -0.10121155
-0.049385071	  -0.1009903
 -0.04928894	 -0.10077667
-0.049189758	 -0.10058212
-0.049092103	 -0.10042953
-0.048995972	 -0.10023117
 -0.04889679	-0.099880219
-0.048800658	-0.099594116
-0.048699953	-0.099441528
  -0.0486084	-0.099243164
 -0.04850769	-0.099067688
-0.048410036	-0.098834991
-0.048309326	-0.098659515
-0.048217773	 -0.09847641
-0.048114013	 -0.09828186
-0.048017882	-0.098091125
-0.047921754	-0.097873688
-0.047824096	-0.097621918
-0.047727965	-0.097419739
 -0.04763031	-0.097213745
-0.047529601	-0.097003937
-0.047431946	-0.096786499
-0.047335815	-0.096599579
-0.047236633	-0.096401215
-0.047140501	-0.096187592
-0.047042847	-0.095996857
-0.046946716	-0.095779419
-0.046847533	-0.095539093
-0.046748351	-0.095359802
-0.046653748	-0.095123291
-0.046557616	 -0.09487915
-0.046456911	-0.094661713
-0.046359252	-0.094474792
-0.046263121	-0.094287872
-0.046163939	 -0.09405899
-0.046066284	-0.093845367
-0.045968629	-0.093597412
-0.045869447	-0.093364716
-0.045771789	-0.093193054
-0.045678712	-0.092998505
 -0.04557953	-0.092681885
-0.045483399	-0.092479706
-0.045385741	-0.092292786
-0.045286559	-0.092067719
-0.045188904	-0.091918945
-0.045088194	 -0.09172821
-0.044995118	-0.091503143
-0.044894408	-0.091285706
-0.044798277	-0.091056824
 -0.04470215	-0.090862274
-0.044604491	-0.090644836
-0.044505309	-0.090423584
-0.044410706	-0.090229034
-0.044313051	-0.089942932
-0.044212341	-0.089771271
-0.044113159	-0.089508057
-0.044018555	-0.089298248
-0.043919373	-0.089092255
-0.043821715	-0.088920593
-0.043722533	 -0.08870697
-0.043626405	-0.088512421
-0.043528747	-0.088306427
-0.043432616	-0.088119507
-0.043334961	-0.087905884
-0.043235779	-0.087703705
-0.043142699	-0.087524414
-0.043037415	-0.087284088
-0.042942811	-0.086959839
 -0.04284668	-0.086841583
-0.042750549	-0.086528778
-0.042652894	-0.086265564
-0.042550661	-0.086120605
-0.042459108	-0.085861206
-0.042358398	-0.085609436
-0.042259216	 -0.08543396
-0.042163085	-0.085216522
 -0.04206543	 -0.08505249
-0.041966248	-0.084835052
 -0.04186859	  -0.0846138
-0.041775513	-0.084430695
-0.041677855	-0.084236145
-0.041578673	-0.084037781
-0.041481018	-0.083877563
-0.041381836	-0.083709717
-0.041281126	-0.083522797
-0.041186523	-0.083274841
-0.041088868	-0.083141327
-0.040991209	-0.082855225
-0.040893555	-0.082675934
-0.040797424	-0.082389832
-0.040701292	-0.082229614
-0.040600587	-0.082015991
-0.040502928	-0.081874847
-0.040405273	-0.081668854
-0.040312193	-0.081428528
 -0.04020996	 -0.08114624
-0.040112305	-0.080986023
-0.040017702	-0.080738068
-0.039916992	-0.080551147
-0.039822388	-0.080371857
 -0.03972473	 -0.08020401
-0.039627075	-0.080043793
 -0.03952942	-0.079841614
-0.039431762	 -0.07963562
-0.039334107	-0.079380035
-0.039236449	-0.079151154
-0.039135743	-0.078926086
-0.039039612	-0.078704834
 -0.03894043	-0.078533173
-0.038845826	-0.078243256
-0.038748167	-0.078018188
-0.038648985	-0.077827454
-0.038552858	-0.077629089
-0.038455199	-0.077457428
-0.038356017	-0.077289581
-0.038256835	-0.077064514
-0.038157653	-0.076896667
-0.038064577	-0.076690674
-0.037966918	 -0.07648468
-0.037869263	-0.076263428
-0.037771605	-0.076049805
-0.037677001	-0.075828552
-0.037577819	-0.075630188
-0.037478637	-0.075408936
-0.037380982	-0.075191498
-0.037283324	-0.074958801
-0.037184142	-0.074756622
-0.037088014	-0.074542999
-0.036990356	-0.074356079
-0.036895752	-0.074165344
 -0.03679657	-0.073940277
-0.036697388	-0.073738098
-0.036601257	-0.073513031
-0.036502074	-0.073261261
-0.036407471	-0.073020935
-0.036309816	-0.072666168
-0.036210634	-0.072517395
-0.036111452	 -0.07232666
-0.036016844	-0.072128296
-0.035917662	-0.071922302
-0.035821535	-0.071731567
-0.035720825	-0.071533203
-0.035629272	-0.071350098
-0.035528563	-0.071117401
-0.035430908	-0.070941925
-0.035331726	-0.070705414
-0.035234071	-0.070533752
-0.035133362	-0.070320129
-0.035037231	-0.070137024
-0.034942627	-0.069980621
-0.034846496	-0.069789886
 -0.03474579	-0.069538116
-0.034651183	-0.069324493
   -0.034552	-0.069099426
-0.034452818	-0.068874359
-0.034356691	 -0.06867981
-0.034259032	-0.068477631
-0.034158327	-0.068264008
-0.034063719	-0.068077087
-0.033966064	-0.067871094
 -0.03386841	-0.067642212
-0.033772279	-0.067432404
-0.033673096	-0.067230225
-0.033576965	 -0.06703186
-0.033474732	-0.066818237
-0.033380128	-0.066635132
-0.033279419	-0.066413879
-0.033181764	-0.066204071
-0.033087157	-0.066001892
-0.032992553	-0.065792084
-0.032891847	-0.065574646
-0.032794189	-0.065380096
-0.032698058	-0.065185547
-0.032600403	-0.064971924
-0.032501221	-0.064819336
-0.032403566	-0.064609528
-0.032305907	-0.064426422
-0.032212831	-0.064201355
-0.032110594	-0.064002991
-0.032012939	-0.063762665
-0.031916808	-0.063533783
-0.031820677	-0.063323975
-0.031723022	-0.063117981
-0.031625368	-0.062911987
-0.031526186	-0.062705994
-0.031427003	-0.062473297
-0.031329345	-0.062286377
 -0.03123169	-0.062080383
-0.031135559	-0.061908722
-0.031039428	-0.061691284
-0.030941773	-0.061477661
-0.030839538	 -0.06124115
-0.030747985	-0.061031342
-0.030650329	-0.060852051
-0.030549621	-0.060649872
-0.030455017	-0.060436249
 -0.03035431	-0.060222626
-0.030258179	-0.060012817
-0.030157471	-0.059814453
-0.030065918	-0.059638977
-0.029963683	-0.059448242
-0.029867554	 -0.05921936
-0.029766846	-0.059017181
-0.029672241	-0.058807373
-0.029574584	-0.058589935
-0.029478455	-0.058395386
-0.029377747	-0.058143616
-0.029283142	-0.057949066
-0.029182434	-0.057750702
-0.029089356	-0.057540894
-0.028987121	-0.057296753
-0.028890992	-0.057106018
-0.028790284	-0.056915283
-0.028695678	 -0.05670166
-0.028598022	-0.056484222
-0.028503418	-0.056274414
 -0.02840271	-0.056083679
-0.028306579	-0.055870056
-0.028211975	-0.055671692
-0.028112793	-0.055454254
-0.028012086	-0.055244446
-0.027915955	-0.055030823
-0.027816772	-0.054828644
-0.027722169	-0.054618835
-0.027621459	-0.054424286
 -0.02752533	-0.054237366
-0.027430724	-0.054046631
 -0.02733307	-0.053878784
-0.027233887	-0.053668976
-0.027137756	-0.053497314
-0.027035523	-0.053287506
-0.026937867	-0.053085327
 -0.02684021	-0.052875519
-0.026745606	-0.052677155
 -0.02664795	-0.052471161
-0.026553344	-0.052284241
-0.026452636	-0.052062988
 -0.02635498	-0.051864624
-0.026257325	-0.051647186
-0.026159668	-0.051448822
-0.026062012	-0.051261902
-0.025964355	-0.051036835
-0.025866698	-0.050807953
-0.025764465	-0.050598145
-0.025665283	-0.050392151
-0.025576781	-0.050186157
-0.025474548	-0.049983978
-0.025378417	-0.049758911
-0.025280762	-0.049575806
-0.025184631	-0.049358368
-0.025085449	 -0.04914856
-0.024986267	-0.048946381
 -0.02488861	-0.048732758
-0.024792481	-0.048545837
-0.024694825	-0.048343658
-0.024597168	 -0.04813385
-0.024502564	-0.047939301
-0.024401855	-0.047725677
  -0.0243042	-0.047523499
-0.024206543	-0.047332764
-0.024107361	-0.047119141
 -0.02401123	-0.046901703
-0.023915101	-0.046699524
 -0.02381897	-0.046504974
-0.023718262	-0.046279907
-0.023623656	-0.046089172
-0.023524474	-0.045886993
-0.023425292	   -0.045681
-0.023329163	-0.045478821
-0.023233032	-0.045272827
-0.023132324	-0.045066833
-0.023034668	-0.044872284
-0.022940064	-0.044658661
-0.022842407	-0.044464111
-0.022744751	-0.044254303
-0.022648621	-0.044059753
-0.022549439	-0.043842316
-0.022451783	-0.043636322
-0.022355651	-0.043422699
-0.022257995	-0.043235779
-0.022155762	-0.043018341
-0.022061158	-0.042831421
-0.021963501	-0.042621613
-0.021865845	-0.042404175
-0.021765137	 -0.04221344
-0.021673584	-0.041996002
-0.021572877	-0.041805267
 -0.02147522	-0.041595459
-0.021379089	 -0.04139328
-0.021281432	-0.041191101
-0.021179199	-0.040973663
-0.021084595	-0.040775299
-0.020986939	-0.040576935
-0.020889282	-0.040367126
-0.020791626	-0.040172577
-0.020697022	-0.039970398
-0.020596314	-0.039772034
-0.020503234	-0.039569855
-0.020402526	-0.039360046
-0.020306397	-0.039161682
-0.020205688	-0.038955688
-0.020111084	-0.038742065
-0.020011902	-0.038528442
-0.019914245	-0.038326263
-0.019815063	 -0.03811264
-0.019718934	-0.037910461
-0.019622803	-0.037704468
-0.019522095	-0.037509918
-0.019425964	-0.037311554
 -0.01933136	 -0.03711319
-0.019232178	-0.036903381
-0.019134521	-0.036693573
-0.019036865	-0.036487579
-0.018936157	-0.036289215
-0.018841553	-0.036079407
-0.018743897	-0.035881042
 -0.01864624	-0.035675049
-0.018548584	-0.035476685
-0.018449401	-0.035270691
-0.018353272	-0.035064697
-0.018252563	-0.034862518
-0.018154908	-0.034664154
-0.018057251	-0.034454346
-0.017962646	-0.034263611
-0.017861938	-0.034046173
-0.017767334	-0.033847809
-0.017669678	 -0.03364563
-0.017570496	-0.033443451
-0.017474364	-0.033245087
 -0.01737671	-0.033031464
-0.017277528	-0.032829285
-0.017178345	-0.032619476
 -0.01708374	-0.032417297
-0.016986083	-0.032218933
-0.016885376	-0.032020569
-0.016790772	-0.031822205
-0.016693115	-0.031620026
-0.016596984	-0.031417847
-0.016500855	-0.031208038
-0.016403198	-0.031009674
-0.016302491	-0.030807495
-0.016204834	-0.030593872
-0.016107177	-0.030403137
-0.016009521	-0.030189514
-0.015911866	-0.029975891
 -0.01581726	-0.029792786
-0.015716553	-0.029590607
-0.015618896	-0.029388428
-0.015524292	-0.029193878
-0.015423584	-0.028991699
-0.015325928	-0.028785706
-0.015228271	-0.028583527
-0.015130615	-0.028381348
-0.015037537	-0.028182983
-0.014936829	-0.027980804
-0.014840698	-0.027778625
-0.014743042	-0.027572632
-0.014645386	-0.027370453
 -0.01454773	-0.027172089
-0.014447021	-0.026958466
-0.014349366	-0.026760101
-0.014253234	-0.026565552
-0.014155579	-0.026355743
-0.014059449	-0.026161194
 -0.01395874	-0.025970459
-0.013865662	-0.025764465
 -0.01376648	-0.025566101
-0.013668823	-0.025367737
-0.013571167	-0.025161743
-0.013471985	-0.024959564
-0.013372803	-0.024757385
-0.013275146	-0.024547577
 -0.01317749	-0.024345398
-0.013082886	-0.024154663
-0.012982178	-0.023944855
-0.012887573	-0.023750305
-0.012789917	-0.023563385
-0.012690735	-0.023357391
-0.012591553	-0.023151398
-0.012496948	-0.022964478
-0.012396241	-0.022750854
-0.012300109	 -0.02255249
-0.012200927	-0.022354126
-0.012106324	-0.022155762
-0.012008667	-0.021945953
 -0.01191101	-0.021755219
-0.011816407	 -0.02155304
-0.011715698	-0.021347046
-0.011618042	-0.021156311
-0.011523438	-0.020965576
-0.011421204	-0.020771027
-0.011325073	-0.020557404
-0.011225891	-0.020359039
-0.011131287	 -0.02016449
-0.011029053	 -0.01996994
-0.010939026	-0.019779205
-0.010839844	-0.019577026
-0.010742188	-0.019371033
-0.010643005	-0.019165039
-0.010545349	-0.018966675
-0.010446167	-0.018768311
-0.010346984	-0.018573761
-0.010250854	-0.018363953
-0.010154724	-0.018177032
-0.010057067	-0.017978668
-0.0099624638	-0.017787933
-0.0098617552	-0.017593384
-0.009765625	 -0.01738739
-0.0096679684	-0.017192841
-0.0095703127	-0.016990662
-0.0094696041	-0.016799927
-0.0093734739	-0.016593933
-0.0092727663	-0.016395569
-0.0091766361	-0.016197205
-0.0090820314	-0.015995026
-0.0089843748	 -0.01581192
-0.0088851927	-0.015613556
-0.008787537	-0.015415192
-0.0086898804	-0.015220642
-0.0085937502	-0.015026093
-0.0084960936	-0.014816284
-0.0083938595	-0.014625549
-0.0082992557	-0.014427185
-0.0082031246	-0.014228821
-0.008102417	-0.014030457
-0.0080078123	-0.013832092
-0.0079101566	-0.013641357
  -0.0078125	-0.013450623
-0.0077133179	-0.013248444
-0.0076202392	-0.013061523
-0.0075164796	-0.012866974
-0.0074218749	-0.012672424
-0.0073242188	 -0.01247406
-0.0072265626	-0.012275696
-0.0071289064	-0.012077332
-0.0070312498	-0.011886597
-0.0069335937	-0.011684418
-0.0068359375	-0.011497498
-0.0067382813	-0.011302948
-0.0066421507	-0.011100769
-0.0065399171	-0.010902405
-0.0064453124	-0.010707855
-0.0063507082	-0.010513306
-0.0062530516	-0.010326385
-0.006149292	-0.010131836
-0.0060577393	-0.0099487305
-0.0059600831	-0.0097503662
-0.005859375	-0.0095443726
-0.0057617188	-0.0093536377
-0.0056610107	-0.0091629028
-0.0055664061	-0.0089645386
-0.0054656984	-0.0087661743
-0.0053726197	-0.0085830688
-0.0052764891	-0.0083885193
-0.0051788329	-0.0082015991
-0.0050827027	-0.0080070496
-0.0049835206	-0.0078163147
-0.0048828125	-0.0076217651
-0.0047882078	-0.0074386597
-0.0046875002	-0.0072479248
-0.0045898436	-0.0070495605
-0.0044937134	-0.0068626404
-0.0043975832	-0.0066680908
-0.0042968751	-0.006477356
-0.0042022704	-0.0062789917
-0.0041046143	-0.0060882568
-0.0040069581	-0.005897522
-0.0039093019	-0.0057067871
-0.0038116456	-0.0055274963
-0.0037094117	-0.0053482056
-0.003616333	-0.0051498413
-0.0035171509	-0.0049667358
-0.0034210205	-0.004776001
-0.0033233643	-0.0045890808
-0.0032241822	-0.0043983459
-0.0031280518	-0.0042190552
-0.0030303956	-0.0040206909
-0.0029327392	-0.0038337708
-0.0028350831	 -0.00365448
-0.0027359009	-0.0034751892
-0.0026397705	-0.0032806396
-0.0025421144	-0.0031089783
-0.0024459839	-0.0029144287
-0.0023452758	-0.002746582
-0.0022521974	-0.0025787354
-0.002154541	-0.0023880005
-0.0020568848	-0.0022087097
-0.0019561767	-0.0020332336
-0.0018585206	-0.0018692017
-0.0017578125	-0.0016975403
-0.0016647339	-0.0015296936
-0.0015655517	-0.0013694763
-0.0014709473	-0.0012054443
-0.001373291	-0.0010528564
-0.001272583	-0.00090026855
-0.0011779785	-0.00077056885
-0.0010787963	-0.00062942505
-0.00097808836	-0.00051116943
-0.000881958	-0.00040054321
-0.00078277587	-0.00030517578
-0.00068664551	-0.00023651123
-0.00058898923	-0.00018310547
-0.00049438479	-0.0001373291
-0.00039672852	-8.7738037e-005
-0.00029907227	-6.4849854e-005
-0.00020141601	-4.9591064e-005
-0.00010375977	-3.0517578e-005
-1.5258789e-006	-3.0517578e-005
9.1552734e-005	-2.6702881e-005
0.00019226075	-2.2888184e-005
0.00028686522	7.6293945e-006
0.0003845215	3.4332275e-005
0.00048217774	6.4849854e-005
0.00057983398	0.00011444092
0.00067749026	0.00017547607
0.00077362062	0.00023651123
0.00087127683	0.00032806396
0.00096893311	0.0004234314
0.0010681152	0.00053405762
0.0011688232	0.00065612793
0.0012634278	0.00079345703
0.0013610839	0.00094604492
0.0014556885	0.0010986328
0.0015563965	0.0012550354
0.0016540528	0.0014190674
0.0017486572	0.0015869141
0.0018493652	0.0017547607
0.0019454956	 0.001914978
0.0020446777	0.0021018982
0.0021423339	0.0022621155
0.0022369386	0.0024452209
0.0023376464	0.0026130676
0.0024353028	0.0027961731
0.0025360107	0.0029830933
0.0026275634	0.0031738281
0.0027267456	0.0033493042
 0.002822876	0.0035400391
0.0029205321	0.0037117004
0.0030181885	  0.00390625
0.0031158447	0.0040893555
0.0032150268	 0.004283905
0.0033142089	0.0044708252
0.0034088134	0.0046539307
0.0035095215	0.0048370361
0.0036056519	0.0050354004
0.0037017823	0.0052032471
0.0037994385	0.0054130554
0.0039001466	0.0055923462
0.0039962768	0.0057945251
0.0040924074	0.0059661865
0.0041915895	0.0061721802
0.0042907717	0.0063591003
0.0043853759	0.0065460205
 0.004484558	0.0067405701
0.0045791627	0.0069351196
0.0046752929	0.0071182251
 0.004776001	0.0073165894
0.0048736571	0.0075035095
0.0049713133	0.0076980591
0.0050689699	0.0078811646
0.0051666261	0.0080909729
0.0052673342	0.0082702637
0.0053619384	0.0084686279
0.0054565431	0.0086555481
0.0055572512	0.0088577271
0.0056533813	0.0090522766
0.0057495115	0.0092468262
0.0058502196	0.0094451904
0.0059463503	0.0096282959
0.0060485839	0.0098266602
0.0061401366	 0.010025024
0.0062423707	  0.01020813
0.0063354494	 0.010402679
 0.006436157	 0.010593414
0.0065322877	 0.010787964
0.0066299438	 0.010978699
 0.006729126	 0.011188507
0.0068267821	 0.011383057
0.0069213868	 0.011581421
0.0070236204	 0.011779785
0.0071166991	 0.011962891
0.0072174072	 0.012161255
0.0073120119	 0.012355804
0.0074096681	 0.012550354
0.0075073242	 0.012744904
0.0076049804	 0.012935638
0.0077026365	 0.013145447
0.0078048706	 0.013332367
0.0079010008	 0.013519287
 0.007997131	 0.013721466
0.0080947876	 0.013931274
0.0081939697	 0.014118195
0.0082885744	 0.014324188
0.0083862301	 0.014507294
0.0084823612	 0.014724731
0.0085815433	 0.014904022
0.0086761471	 0.015117645
0.0087768557	 0.015304565
0.0088745113	  0.01550293
0.0089736935	 0.015693665
0.0090682982	 0.015892029
0.0091705322	 0.016086578
0.0092651369	 0.016304016
0.0093627926	 0.016494751
0.0094604492	 0.016689301
0.0095596313	  0.01688385
 0.009654236	 0.017089844
0.0097503662	 0.017280579
0.0098510738	 0.017482758
 0.009950256	 0.017673492
 0.010047913	 0.017871857
 0.010144043	 0.018070221
 0.010241699	 0.018268585
 0.010336304	  0.01845932
 0.010435486	 0.018669128
 0.010534668	 0.018867493
 0.010632324	 0.019065857
 0.010729981	 0.019268036
 0.010827636	 0.019462585
 0.010923767	 0.019664764
  0.01102295	 0.019866943
 0.011117553	 0.020057678
  0.01121521	 0.020263672
 0.011312867	 0.020454407
 0.011412049	 0.020656586
 0.011509704	 0.020851135
 0.011605835	 0.021057129
 0.011705017	 0.021255493
 0.011799621	 0.021453857
 0.011901855	 0.021659851
 0.012001038	  0.02186203
 0.012095642	  0.02205658
 0.012190247	 0.022258759
 0.012289429	 0.022457123
 0.012385559	 0.022666931
 0.012486267	 0.022857666
 0.012579346	  0.02305603
 0.012680054	 0.023265839
 0.012780761	 0.023464203
 0.012875366	 0.023647308
 0.012976075	 0.023864746
 0.013072205	 0.024051666
 0.013171387	 0.024265289
 0.013269043	 0.024452209
 0.013363647	 0.024673462
 0.013462829	 0.024864197
 0.013555909	  0.02507019
 0.013656616	 0.025268555
 0.013754273	 0.025470734
 0.013851929	 0.025661469
 0.013949585	 0.025871277
 0.014047241	 0.026069641
 0.014144897	 0.026268005
 0.014242554	 0.026473999
  0.01434021	 0.026664734
 0.014437866	 0.026878357
 0.014532471	 0.027076721
 0.014633179	 0.027275085
 0.014730835	 0.027488708
 0.014830017	 0.027683258
 0.014926148	 0.027885437
 0.015023803	 0.028083801
 0.015116883	  0.02828598
 0.015216065	 0.028488159
  0.01531372	 0.028694153
 0.015414429	 0.028892517
 0.015507507	  0.02910614
 0.015609741	  0.02930069
 0.015708923	 0.029495239
  0.01580658	 0.029685974
 0.015902709	 0.029907227
  0.01599884	 0.030097961
 0.016093444	 0.030319214
 0.016194154	 0.030525208
 0.016287232	 0.030727386
 0.016387939	 0.030921936
 0.016485596	   0.0311203
 0.016583253	 0.031330109
 0.016682435	 0.031532288
 0.016783142	 0.031734467
 0.016876221	 0.031936646
 0.016973877	 0.032123566
 0.017071534	 0.032337189
 0.017167663	 0.032531738
 0.017266845	 0.032745361
 0.017362976	 0.032943726
 0.017459106	 0.033157349
 0.017562866	 0.033351898
  0.01765747	 0.033561707
 0.017755127	 0.033760071
 0.017852783	 0.033973694
  0.01795044	 0.034172058
 0.018048096	 0.034378052
 0.018145751	 0.034568787
 0.018246461	 0.034786224
 0.018338013	 0.034996033
 0.018440247	 0.035194397
 0.018537903	 0.035388947
 0.018634032	  0.03560257
 0.018730164	 0.035797119
 0.018829346	 0.035995483
 0.018925477	 0.036205292
 0.019021606	   0.0364151
 0.019123841	 0.036613464
  0.01921997	 0.036823273
 0.019317627	 0.037033081
 0.019412231	 0.037216187
 0.019514466	 0.037433624
 0.019609069	 0.037643433
 0.019708252	 0.037841797
 0.019802857	 0.038063049
 0.019903565	 0.038261414
 0.019998169	 0.038459778
 0.020098876	 0.038673401
 0.020196533	 0.038871765
 0.020295715	 0.039081573
 0.020388793	 0.039283752
 0.020489503	 0.039489746
 0.020584106	 0.039680481
 0.020684814	 0.039886475
 0.020782471	 0.040100098
 0.020877074	 0.040298462
 0.020976257	 0.040504456
 0.021072388	 0.040721893
 0.021173095	 0.040920258
 0.021267701	 0.041133881
 0.021365356	 0.041332245
 0.021463012	 0.041530609
 0.021557618	 0.041736603
 0.021661377	 0.041946411
 0.021755982	 0.042140961
 0.021855164	 0.042350769
 0.021949768	 0.042549133
  0.02204895	 0.042747498
 0.022148132	 0.042961121
 0.022244263	 0.043167114
 0.022341918	 0.043373108
 0.022442628	 0.043582916
 0.022535706	 0.043781281
 0.022636414	 0.043991089
  0.02273407	 0.044197083
 0.022830199	 0.044391632
 0.022921752	 0.044597626
 0.023025513	  0.04479599
 0.023124695	 0.045005798
 0.023220826	 0.045215607
 0.023318481	 0.045417786
  0.02341919	 0.045612335
 0.023509216	 0.045822144
 0.023609925	 0.046031952
 0.023706054	  0.04624176
 0.023808289	 0.046447754
 0.023904419	 0.046657562
 0.024003601	 0.046852112
 0.024096679	 0.047054291
 0.024197388	 0.047271729
 0.024295043	 0.047462463
 0.024394225	 0.047664642
 0.024487305	 0.047855377
 0.024586488	 0.048053741
 0.024684142	 0.048259735
 0.024784852	  0.04845047
  0.02487793	 0.048648834
 0.024978638	 0.048866272
 0.025073241	 0.049049377
 0.025173951	    0.049263
  0.02527008	 0.049461365
 0.025369262	 0.049671173
 0.025460815	 0.049869537
 0.025561523	 0.050064087
 0.025657654	 0.050262451
 0.025759887	 0.050468445
  0.02585144	 0.050670624
 0.025952149	 0.050880432
 0.026049804	 0.051082611
 0.026147461	 0.051296234
 0.026245117	 0.051498413
 0.026345825	 0.051708221
  0.02644043	 0.051906586
 0.026538085	 0.052120209
 0.026632691	 0.052310944
 0.026733398	 0.052520752
 0.026828002	 0.052726746
 0.026928712	 0.052928925
 0.027029419	 0.053131104
 0.027124023	 0.053340912
  0.02722168	 0.053531647
 0.027316283	 0.053733826
  0.02741394	 0.053943634
 0.027514648	 0.054145813
 0.027610779	 0.054359436
 0.027709961	  0.05456543
 0.027804565	 0.054779053
   0.0279068	 0.054977417
 0.028002929	 0.055183411
 0.028100586	 0.055393219
 0.028195191	 0.055587769
 0.028295899	 0.055782318
 0.028388977	 0.055999756
 0.028489685	  0.05620575
  0.02858429	  0.05639267
 0.028681945	 0.056598663
 0.028778076	 0.056797028
 0.028881837	 0.057037354
  0.02897644	 0.057239532
 0.029075623	 0.057437897
 0.029171754	 0.057640076
 0.029269408	 0.057846069
 0.029367065	 0.058052063
 0.029463196	  0.05821991
 0.029562378	  0.05840683
  0.02966156	 0.058612823
 0.029756164	  0.05878067
 0.029856872	  0.05897522
 0.029956054	 0.059238434
 0.030053711	 0.059520721
 0.030151367	 0.059719086
 0.030245971	 0.059890747
 0.030340577	 0.060092926
 0.030439759	 0.060317993
 0.030537415	 0.060531616
 0.030636597	 0.060745239
 0.030732727	 0.060958862
 0.030834962	 0.061157227
 0.030929565	  0.06136322
 0.031027222	 0.061565399
 0.031124879	 0.061752319
 0.031224061	 0.061950684
 0.031318665	 0.062171936
 0.031417847	 0.062393188
  0.03151245	 0.062576294
  0.03161316	 0.062767029
 0.031710815	 0.062995911
 0.031811524	 0.063232422
 0.031904601	 0.063426971
 0.032003783	 0.063587189
 0.032101441	 0.063816071
 0.032199096	 0.064025879
 0.032292176	 0.064239502
 0.032391358	  0.06444931
 0.032489013	  0.06464386
 0.032589722	 0.064834595
 0.032684326	 0.065029144
 0.032785036	 0.065250397
 0.032881163	  0.06545639
 0.032977294	 0.065700531
 0.033074953	  0.06590271
 0.033174135	 0.066116333
 0.033273317	 0.066307068
 0.033369444	 0.066509247
 0.033465575	 0.066696167
 0.033564758	 0.066810608
 0.033660889	  0.06703186
 0.033760071	 0.067298889
 0.033859253	 0.067558289
 0.033953857	 0.067722321
 0.034049988	 0.067886353
 0.034152221	 0.068077087
 0.034243774	 0.068305969
 0.034344483	 0.068531036
 0.034440614	 0.068714142
  0.03454132	  0.06893158
 0.034637451	 0.069122314
 0.034738161	 0.069320679
 0.034835815	 0.069522858
 0.034931947	  0.06974411
 0.035029601	 0.069961548
 0.035125732	 0.070129395
 0.035221864	 0.070350647
 0.035319518	 0.070552826
 0.035417177	 0.070846558
 0.035517883	 0.070999146
 0.035610963	 0.071220398
 0.035713196	 0.071372986
 0.035809327	 0.071563721
 0.035910033	 0.071746826
  0.03600464	 0.071918488
 0.036105346	 0.072158813
  0.03619995	 0.072376251
 0.036297608	 0.072597504
 0.036393739	 0.072799683
 0.036492921	 0.072986603
 0.036587525	 0.073200226
 0.036691286	 0.073425293
 0.036787413	 0.073646545
 0.036883544	 0.073856354
 0.036978148	 0.074062347
  0.03707733	 0.074306488
 0.037173461	 0.074546814
  0.03727112	 0.074703217
 0.037371825	 0.074878693
 0.037469484	 0.075080872
 0.037565611	 0.075325012
 0.037667848	 0.075519562
 0.037762452	  0.07572937
 0.037860107	 0.075984955
 0.037957765	 0.076145172
  0.03805542	 0.076393127
 0.038150024	 0.076599121
 0.038249206	 0.076831818
 0.038345337	  0.07705307
 0.038442992	 0.077224731
  0.03854065	 0.077457428
 0.038644411	 0.077606201
 0.038739014	 0.077835083
 0.038835146	 0.078063965
 0.038929749	 0.078304291
 0.039031982	 0.078495026
 0.039123535	 0.078739166
 0.039225768	 0.078918457
 0.039321899	 0.079166412
 0.039419554	 0.079387665
 0.039515685	 0.079597473
 0.039617918	 0.079917908
  0.03971405	 0.080032349
 0.039813232	 0.080211639
 0.039906312	 0.080356598
 0.040007018	 0.080570221
 0.040101625	 0.080799103
  0.04019928	 0.081047058
 0.040298462	 0.081218719
 0.040397644	 0.081436157
 0.040492248	 0.081661224
 0.040592957	  0.08190155
 0.040690612	 0.082118988
 0.040788271	 0.082351685
 0.040882874	 0.082542419
  0.04098358	 0.082759857
  0.04107666	 0.082912445
 0.041174315	 0.083122253
 0.041275024	 0.083320618
 0.041371156	  0.08354187
 0.041467287	 0.083724976
  0.04156952	 0.083972931
 0.041665651	 0.084194183
 0.041763306	 0.084434509
 0.041857909	 0.084640503
 0.041960143	 0.084850311
 0.042053223	 0.085132599
 0.042153932	 0.085334778
 0.042253114	  0.08531189
 0.042346191	 0.085487366
 0.042448424	  0.08574295
 0.042544555	 0.085998535
 0.042640686	 0.086261749
 0.042736817	 0.086502075
 0.042834472	 0.086708069
  0.04293213	 0.086925507
 0.043032836	 0.087123871
  0.04312744	 0.087310791
 0.043223571	 0.087490082
 0.043322753	 0.087726593
 0.043424986	 0.087974548
 0.043518066	  0.08814621
 0.043617249	 0.088356018
  0.04371338	 0.088542938
 0.043812562	 0.088760376
 0.043908693	  0.08895874
 0.044006348	 0.089206696
 0.044104002	 0.089447021
 0.044201661	 0.089645386
 0.044300843	  0.08984375
 0.044400025	 0.090080261
 0.044496156	 0.090229034
 0.044595338	 0.090484619
 0.044689942	  0.09072113
 0.044787597	 0.090900421
 0.044885255	 0.091144562
  0.04498291	 0.091373444
 0.045080565	 0.091594696
 0.045178223	 0.091804504
 0.045274355	  0.09198761
 0.045378111	 0.092185974
 0.045471191	 0.092418671
 0.045567323	 0.092632294
 0.045669556	  0.09280777
 0.045764159	  0.09305954
 0.045863342	  0.09331131
 0.045957945	 0.093524933
 0.046054076	 0.093669891
 0.046154786	 0.093822479
 0.046252441	 0.093963623
  0.04635315	 0.094215393
 0.046447754	 0.094406128
 0.046546936	 0.094654083
 0.046640016	 0.094837189
 0.046740722	 0.095108032
  0.04683838	 0.095294952
 0.046934508	 0.095558167
  0.04703369	 0.095729828
 0.047128297	 0.095996857
  0.04722748	   0.0962677
 0.047326662	 0.096324921
 0.047424316	 0.096515656
 0.047521971	 0.096759796
 0.047616579	 0.097042084
 0.047717284	 0.097251892
 0.047811888	 0.097522736
  0.04791107	 0.097675323
 0.048007201	 0.097888947
  0.04810486	 0.098060608
 0.048202515	 0.098308563
 0.048304748	 0.098510742
 0.048400879	 0.098770142
 0.048495483	 0.098934174
 0.048593141	 0.099094391
 0.048693847	 0.099323273
 0.048788451	 0.099563599
 0.048886109	 0.099777222
 0.048983764	  0.09992981
 0.049082946	  0.10010147
 0.049179077	   0.1003952
  0.04928131	  0.10057449
 0.049372863	  0.10077286
 0.049473573	  0.10083008
 0.049569704	  0.10107803
 0.049667358	  0.10128784
 0.049765013	  0.10152054
 0.049861144	  0.10174179
 0.049960326	  0.10200119
 0.050057985	  0.10218811
  0.05015564	  0.10241699
 0.050253294	  0.10253906
 0.050349426	  0.10280609
 0.050448608	  0.10305786
 0.050546266	  0.10322571
 0.050643921	  0.10347366
 0.050741576	  0.10363007
 0.050836183	  0.10384369
 0.050933838	  0.10410309
  0.05103302	  0.10426331
 0.051130675	  0.10449982
 0.051228333	  0.10473251
 0.051324464	  0.10500336
 0.051422119	  0.10519028
 0.051519774	  0.10539246
 0.051618956	  0.10565186
 0.051715087	  0.10583496
 0.051809691	  0.10606003
   0.0519104	  0.10627747
 0.052008055	  0.10650253
 0.052108765	  0.10669327
 0.052206419	  0.10694122
 0.052305602	  0.10703278
 0.052400209	   0.1072464
 0.052497864	  0.10746384
 0.052593995	   0.1076889
 0.052690126	   0.1079483
 0.052789308	  0.10811615
 0.052885436	  0.10828781
 0.052984618	  0.10843658
 0.053082276	  0.10860443
 0.053184509	  0.10881042
 0.053279113	  0.10909271
 0.053375244	  0.10930252
 0.053469848	  0.10947418
 0.053570557	   0.1096611
 0.053668212	  0.10987473
 0.053764343	  0.11006165
 0.053863525	  0.11028671
 0.053965759	  0.11050415
 0.054057311	   0.1106987
 0.054156493	  0.11091232
 0.054257203	  0.11113358
 0.054351807	  0.11137009
 0.054447938	  0.11160278
 0.054544069	  0.11182785
 0.054644775	  0.11203003
 0.054740906	  0.11221313
 0.054838561	  0.11237335
 0.054937743	  0.11247635
 0.055035401	  0.11271667
 0.055134583	  0.11292267
 0.055230714	  0.11310196
 0.055328369	  0.11325836
 0.055426024	  0.11347198
 0.055523682	  0.11364365
 0.055619814	  0.11382675
 0.055715941	  0.11398697
 0.055813599	    0.114151
 0.055914305	  0.11433411
 0.056011964	  0.11458969
 0.056111146	  0.11490631
  0.05620575	  0.11520386
 0.056306459	  0.11539841
 0.056399535	  0.11570358
 0.056498718	  0.11587143
   0.0565979	  0.11608887
 0.056692503	  0.11630249
 0.056791686	  0.11653137
 0.056892395	  0.11675262
 0.056985475	  0.11694717
  0.05708313	  0.11705017
 0.057180785	  0.11731339
 0.057283022	  0.11753845
 0.057379149	  0.11776733
 0.057473756	  0.11798096
 0.057572939	  0.11816025
 0.057666015	   0.1183815
 0.057768248	  0.11859131
 0.057868958	  0.11880493
 0.057963561	  0.11900711
 0.058062743	  0.11922836
 0.058157347	  0.11942291
 0.058258057	  0.11960983
  0.05835266	  0.11980438
 0.058448792	  0.12003326
 0.058547974	   0.1201973
 0.058644105	  0.12042618
 0.058743287	  0.12065125
 0.058842469	  0.12085724
   0.0589386	  0.12107468
 0.059037782	    0.121315
 0.059135437	  0.12152863
 0.059233092	  0.12171555
 0.059329223	  0.12196732
 0.059426881	  0.12215805
 0.059523009	   0.1223259
 0.059620667	  0.12252045
 0.059718322	  0.12274551
 0.059817504	  0.12294388
 0.059915163	  0.12313843
 0.060014345	  0.12332535
 0.060108948	  0.12353516
 0.060209654	  0.12376404
 0.060304262	   0.1239624
 0.060400389	   0.1241188
 0.060501099	  0.12431335
 0.060598753	  0.12461472
 0.060696412	  0.12482834
 0.060794067	  0.12500763
 0.060893249	  0.12520981
  0.06098938	  0.12540054
 0.061087035	   0.1256218
 0.061184693	  0.12581635
 0.061279297	  0.12604904
 0.061380006	  0.12624359
 0.061476134	  0.12648773
 0.061573792	  0.12665176
 0.061671447	  0.12688446
 0.061770629	  0.12706757
 0.061865233	   0.1272583
 0.061964415	  0.12746429
 0.062062073	  0.12768555
 0.062159728	  0.12787628
 0.062254332	  0.12811279
 0.062356569	  0.12832642
 0.062452696	  0.12852478
 0.062548831	  0.12873459
 0.062646486	  0.12893677
 0.062744141	  0.12914276
  0.06284485	  0.12933731
 0.062940978	  0.12951279
 0.063037112	  0.12971497
 0.063134767	  0.12994385
 0.063232422	  0.13018036
 0.063328549	  0.13039398
 0.063427731	  0.13060379
 0.063526914	  0.13078308
 0.063619994	  0.13099289
  0.06372223	  0.13120651
 0.063819885	  0.13143539
 0.063916013	  0.13162613
 0.064012147	  0.13180161
 0.064114377	  0.13201523
 0.064208984	  0.13224411
 0.064305112	  0.13244247
 0.064404294	  0.13265228
 0.064501956	  0.13285828
 0.064599611	  0.13304901
 0.064695738	  0.13326645
 0.064793393	  0.13349533
  0.06489563	  0.13367844
  0.06498871	  0.13390732
 0.065087892	  0.13411713
 0.065182492	   0.1342926
 0.065286256	   0.1344986
 0.065379336	  0.13468933
 0.065473936	  0.13489532
 0.065571591	  0.13510895
 0.065673828	  0.13530731
 0.065768436	  0.13549423
 0.065867618	  0.13573074
 0.065965272	  0.13596344
 0.066065982	  0.13614655
 0.066162109	  0.13635254
 0.066256717	   0.1365509
 0.066354372	   0.1367569
 0.066452026	  0.13695526
 0.066549681	  0.13716125
 0.066650391	  0.13736725
 0.066744998	  0.13756943
 0.066842653	  0.13779068
 0.066940308	  0.13798141
 0.067041017	  0.13819885
 0.067135617	  0.13840103
 0.067234799	  0.13860703
 0.067333981	  0.13883209
 0.067430116	  0.13903046
 0.067524716	  0.13921738
 0.067623898	  0.13941956
 0.067721561	  0.13963318
 0.067817688	  0.13982391
 0.067915343	  0.14003754
 0.068014525	  0.14024353
  0.06811066	  0.14044189
 0.068211362	  0.14065552
 0.068309024	  0.14084625
 0.068405151	  0.14107895
 0.068501279	  0.14126587
 0.068603516	  0.14148331
 0.068698123	  0.14168549
 0.068797305	  0.14189148
 0.068891905	  0.14208603
 0.068991087	  0.14228821
 0.069085695	  0.14248276
 0.069186404	  0.14270782
 0.069285586	  0.14290619
 0.069381714	  0.14311218
 0.069479369	  0.14332581
 0.069580078	   0.1435318
 0.069671631	  0.14374924
  0.06977234	   0.1439476
 0.069868468	  0.14414978
  0.06996765	  0.14435577
 0.070065305	  0.14456177
 0.070164487	  0.14476395
 0.070260622	  0.14496613
 0.070358276	  0.14517212
 0.070452884	  0.14535904
 0.070553586	  0.14556885
 0.070648193	  0.14577103
 0.070745848	  0.14598083
 0.070843503	  0.14619064
 0.070944212	  0.14639282
 0.071040347	  0.14661407
 0.071138002	  0.14681244
 0.071237184	  0.14701843
 0.071334839	   0.1472168
 0.071429446	  0.14743042
 0.071530148	  0.14762878
 0.071621701	  0.14785004
 0.071722411	  0.14804077
 0.071820065	  0.14824295
   0.0719162	  0.14845276
 0.072015382	  0.14864731
 0.072113037	  0.14886475
 0.072213747	  0.14907074
 0.072311401	  0.14928055
 0.072404481	  0.14948273
 0.072506711	  0.14969635
 0.072598264	  0.14990234
 0.072698973	  0.15009308
 0.072796628	  0.15031433
  0.07289581	  0.15050507
 0.072991945	  0.15071106
   0.0730896	  0.15092468
 0.073188782	  0.15112305
 0.073284909	  0.15136337
 0.073382571	  0.15156174
 0.073481753	  0.15176392
 0.073573306	  0.15197754
 0.073675536	  0.15217209
 0.073770143	  0.15237808
 0.073872373	  0.15257645
  0.07396698	  0.15278625
 0.074066162	  0.15297699
 0.074163817	  0.15319061
 0.074264526	  0.15340424
 0.074359134	  0.15358353
 0.074458316	  0.15379715
 0.074549869	  0.15399551
 0.074650571	  0.15419769
 0.074749753	   0.1544075
 0.074847415	  0.15462112
 0.074943542	  0.15480804
 0.075041197	  0.15501785
 0.075138852	  0.15522003
 0.075238034	  0.15543747
 0.075332642	  0.15563965
 0.075430296	  0.15584564
 0.075527951	  0.15604019
 0.075625613	     0.15625
 0.075723268	  0.15646744
 0.075820923	  0.15666962
  0.07591705	  0.15686798
 0.076019287	  0.15708923
 0.076113895	  0.15728378
 0.076214597	  0.15748215
 0.076310731	  0.15768433
 0.076406859	  0.15789032
 0.076504514	  0.15810394
 0.076602176	  0.15830612
 0.076699831	  0.15851212
 0.076795958	  0.15871048
  0.07689514	  0.15892792
 0.076992795	   0.1591301
 0.077093504	   0.1593399
 0.077189639	   0.1595459
 0.077284239	  0.15974426
 0.077383421	  0.15995026
 0.077474974	  0.16016388
 0.077578738	   0.1603775
 0.077673338	  0.16057587
 0.077777103	  0.16078186
 0.077871703	  0.16096878
 0.077969357	  0.16119003
  0.07806702	  0.16139221
 0.078164674	  0.16161346
 0.078260802	  0.16180038
 0.078361511	  0.16200256
 0.078454591	  0.16221619
 0.078555301	  0.16242981
 0.078652956	  0.16262817
  0.07875061	  0.16283417
 0.078848265	  0.16304398
  0.07894592	  0.16324234
 0.079043582	  0.16345978
 0.079144284	  0.16366196
 0.079238892	  0.16386414
 0.079336546	  0.16407776
 0.079429626	  0.16427231
 0.079527281	   0.1644783
 0.079626463	  0.16468811
 0.079727173	  0.16489029
 0.079818726	  0.16509247
 0.079925537	  0.16530609
 0.080020145	   0.1655159
 0.080117799	  0.16572571
 0.080212399	  0.16593552
 0.080310062	  0.16612625
 0.080404662	  0.16633606
 0.080503844	  0.16653442
 0.080601498	  0.16674805
 0.080700681	  0.16694641
 0.080796815	   0.1671524
 0.080899045	  0.16736603
 0.080996707	  0.16756821
 0.081094362	  0.16777802
 0.081188962	  0.16797638
 0.081289671	  0.16817474
 0.081381224	  0.16838455
 0.081481934	  0.16858673
 0.081579588	  0.16880035
 0.081680298	  0.16900253
 0.081774905	  0.16921234
 0.081874087	  0.16940308
 0.081970215	  0.16961288
  0.08206787	  0.16982651
 0.082162477	   0.1700325
 0.082264706	  0.17023468
 0.082357787	  0.17043304
 0.082460023	  0.17064285
 0.082557678	  0.17086792
 0.082655333	  0.17105865
 0.082751468	  0.17126846
  0.08285065	  0.17148972
 0.082949832	  0.17168808
 0.083045959	  0.17189789
 0.083140567	   0.1721077
 0.083239749	  0.17231369
 0.083331302	   0.1725235
 0.083435059	  0.17272186
 0.083529666	  0.17293167
 0.083633423	  0.17313385
  0.08372803	  0.17333984
 0.083827212	  0.17355347
 0.083921812	  0.17375565
 0.084024049	  0.17396927
 0.084115602	  0.17417526
 0.084216312	  0.17438507
 0.084312439	  0.17457199
 0.084414676	  0.17478561
 0.084509276	  0.17500687
 0.084606931	  0.17520142
 0.084698483	  0.17539215
 0.084802248	  0.17560577
 0.084896848	   0.1758194
 0.084999084	  0.17602158
 0.085092165	  0.17623138
 0.085194394	  0.17642975
 0.085284427	  0.17663574
 0.085388184	  0.17683792
 0.085484311	  0.17705917
 0.085580446	  0.17725754
 0.085673526	  0.17746353
  0.08577881	  0.17767715
  0.08587341	  0.17787933
  0.08597412	  0.17809296
 0.086068727	  0.17829132
 0.086166382	  0.17850113
 0.086264037	  0.17869949
 0.086361691	  0.17890167
 0.086459354	  0.17910767
 0.086558536	  0.17931366
 0.086651608	  0.17952728
   0.0867569	  0.17974854
 0.086853027	  0.17996216
 0.086950682	  0.18017578
 0.087043762	  0.18035889
 0.087147519	  0.18058014
 0.087239072	  0.18078613
 0.087338254	   0.1809845
 0.087434389	  0.18119431
 0.087533571	  0.18138885
 0.087629698	  0.18159866
  0.08772888	  0.18180847
 0.087826535	  0.18199921
 0.087927245	  0.18220901
 0.088020325	  0.18241119
 0.088121034	  0.18262482
 0.088217162	  0.18282318
 0.088314816	  0.18303299
 0.088410951	  0.18323898
 0.088508606	  0.18344116
 0.088601686	  0.18364334
 0.088708498	  0.18385315
  0.08880005	  0.18405914
  0.08890076	  0.18426514
 0.088999942	  0.18447113
 0.089096069	  0.18468094
 0.089190677	  0.18487167
 0.089291379	  0.18509674
 0.089385986	  0.18528748
 0.089486696	  0.18549347
 0.089581296	  0.18570328
 0.089682005	  0.18592072
  0.08977966	  0.18613434
 0.089875795	   0.1863327
 0.089971922	  0.18653107
 0.090069577	  0.18673325
 0.090167239	  0.18695831
 0.090264894	  0.18716431
 0.090362549	  0.18735886
 0.090458676	  0.18756104
 0.090557858	  0.18776703
 0.090658568	  0.18798065
 0.090753175	  0.18817902
 0.090852357	  0.18840027
 0.090948485	  0.18861008
 0.091047667	   0.1888237
 0.091142274	  0.18901825
 0.091241457	  0.18922043
 0.091340639	  0.18943405
 0.091439821	  0.18964386
 0.091537476	  0.18984604
  0.09163513	  0.19004822
 0.091729738	  0.19025421
 0.091825865	  0.19046783
 0.091925047	  0.19067383
 0.092024229	  0.19088745
  0.09211731	  0.19109344
 0.092219546	  0.19129944
 0.092315674	  0.19151306
 0.092410281	  0.19171143
 0.092512511	   0.1919136
 0.092610165	  0.19213104
 0.092707828	  0.19234085
 0.092803955	   0.1925354
 0.092900082	  0.19274139
 0.092999265	  0.19295883
 0.093095399	  0.19316101
 0.093193054	    0.193367
 0.093290709	  0.19358826
 0.093389891	  0.19378281
 0.093489073	  0.19399643
 0.093582153	  0.19420624
  0.09368439	  0.19441223
 0.093777463	  0.19463348
 0.093878172	  0.19483948
 0.093974307	  0.19503784
 0.094071962	  0.19524384
 0.094171144	  0.19546127
 0.094268799	  0.19566727
 0.094367981	  0.19588089
 0.094464108	   0.1960907
 0.094561771	  0.19630051
 0.094659425	  0.19649887
 0.094754025	  0.19671249
 0.094851688	  0.19691467
  0.09495087	  0.19712067
  0.09504547	  0.19732285
 0.095146179	  0.19752884
 0.095243834	  0.19774246
 0.095346071	  0.19793701
 0.095442198	  0.19813538
 0.095536806	  0.19837189
 0.095635988	  0.19857025
 0.095729068	  0.19878006
  0.09582825	  0.19897461
 0.095927432	  0.19918823
 0.096022032	  0.19939804
 0.096121214	  0.19960403
 0.096220396	  0.19979858
 0.096318051	  0.20001221
 0.096420288	  0.20020676
 0.096511841	  0.20042419
 0.096609496	  0.20062637
  0.09670715	  0.20083237
 0.096804813	  0.20103455
 0.096905515	  0.20124054
 0.097001649	  0.20143509
 0.097096249	  0.20165634
 0.097195432	  0.20186615
 0.097296141	  0.20207596
 0.097392276	  0.20226669
 0.097491458	  0.20248795
 0.097586058	  0.20269394
 0.097683713	  0.20291519
 0.097781375	  0.20310593
  0.09787903	  0.20331573
 0.097976685	  0.20352173
 0.098074339	  0.20373154
 0.098171994	  0.20393753
 0.098269656	  0.20414734
 0.098368838	  0.20436096
 0.098464966	  0.20456696
 0.098562621	  0.20478821
 0.098658755	  0.20497131
 0.098754883	  0.20517731
 0.098854065	  0.20539856
  0.09895172	  0.20559692
 0.099050902	  0.20581055
 0.099148557	  0.20601273
 0.099246219	  0.20623398
 0.099342346	  0.20642471
 0.099440001	  0.20663452
 0.099537656	  0.20684814
 0.099633791	  0.20705032
 0.099731445	   0.2072525
 0.099827573	  0.20747375
 0.099923708	   0.2076683
 0.099996947	  0.20787811
 0.099996947	  0.20809937
 0.099996947	  0.20830154
