-0.099542238	 -0.20597839
 -0.09944763	 -0.20578003
-0.099351503	 -0.20556641
-0.099252321	  -0.2053566
-0.099153139	 -0.20514679
-0.099057004	 -0.20492935
-0.098957822	 -0.20470428
 -0.09885864	 -0.20448303
-0.098765567	 -0.20428085
-0.098666385	  -0.2040596
-0.098571777	 -0.20385742
-0.098472595	 -0.20362473
-0.098376468	 -0.20340729
-0.098275758	 -0.20318985
-0.098181151	 -0.20298004
-0.098081969	 -0.20275116
-0.097981259	 -0.20251465
-0.097886659	 -0.20229721
-0.097790524	 -0.20211029
-0.097691342	 -0.20189285
-0.097595215	 -0.20166397
 -0.09749756	 -0.20144272
-0.097399905	 -0.20123291
-0.097299196	  -0.2010231
-0.097204588	 -0.20077515
-0.097106934	 -0.20054626
-0.097006224	 -0.20035934
-0.096910097	 -0.20010757
-0.096810915	 -0.19990921
-0.096711732	 -0.19968414
-0.096618652	 -0.19947433
-0.096520998	 -0.19923401
-0.096421815	 -0.19903946
-0.096324161	 -0.19881821
-0.096228026	 -0.19860077
-0.096131898	 -0.19837952
-0.096032716	 -0.19818878
-0.095933534	  -0.1979599
-0.095838927	 -0.19773865
-0.095738217	 -0.19748306
-0.095640562	 -0.19731903
-0.095544435	 -0.19710159
  -0.0954483	 -0.19688034
-0.095349118	 -0.19667053
-0.095254518	 -0.19643784
-0.095153809	 -0.19620514
-0.095056154	 -0.19601059
-0.094960019	 -0.19577789
 -0.09485779	 -0.19555283
-0.094761655	 -0.19538879
-0.094668582	 -0.19517517
  -0.0945694	 -0.19493484
-0.094470218	 -0.19471359
-0.094372556	 -0.19449234
-0.094277956	  -0.1942749
-0.094178773	 -0.19404984
-0.094079591	 -0.19384384
-0.093983456	 -0.19361877
-0.093887329	 -0.19339371
-0.093788147	 -0.19316864
 -0.09369202	 -0.19297791
-0.093594357	 -0.19272995
-0.093495175	 -0.19252014
-0.093395993	 -0.19231415
-0.093298338	 -0.19208145
-0.093200684	  -0.1918602
-0.093106076	 -0.19165802
-0.093005374	 -0.19144058
-0.092910767	 -0.19121552
-0.092813112	   -0.190979
-0.092715457	 -0.19078064
-0.092617795	 -0.19056702
 -0.09252014	 -0.19034195
-0.092422485	  -0.1901474
-0.092326358	 -0.18992615
-0.092227176	 -0.18970108
-0.092126466	 -0.18947601
-0.092031859	 -0.18924713
-0.091932677	 -0.18901443
-0.091833495	 -0.18878555
-0.091738895	 -0.18856812
-0.091641232	 -0.18833923
 -0.09154205	 -0.18810654
-0.091442868	 -0.18787384
-0.091348268	 -0.18764496
-0.091247559	 -0.18741608
-0.091149904	 -0.18718338
-0.091055296	 -0.18695068
-0.090957642	 -0.18672943
-0.090859987	 -0.18651581
-0.090763852	  -0.1862793
-0.090666197	  -0.1860466
-0.090563968	 -0.18582153
 -0.09046936	 -0.18560028
-0.090373233	 -0.18539047
-0.090275571	 -0.18515778
-0.090174869	 -0.18493271
-0.090078734	 -0.18469238
-0.089984134	 -0.18447876
 -0.08988037	 -0.18424225
 -0.08978729	   -0.184021
-0.089691162	 -0.18378448
-0.089593507	 -0.18357086
-0.089492798	 -0.18335724
 -0.08939819	  -0.1830864
-0.089299008	 -0.18285751
-0.089198306	 -0.18262863
-0.089102171	 -0.18236923
-0.089004517	 -0.18215179
-0.088906862	 -0.18192291
-0.088812254	 -0.18169022
  -0.0887146	 -0.18147659
 -0.08861389	  -0.1812439
-0.088516235	 -0.18104935
-0.088421628	 -0.18079376
-0.088320926	 -0.18057632
-0.088224791	   -0.180336
-0.088127136	  -0.1801033
-0.088027954	 -0.17985916
-0.087933347	 -0.17955017
-0.087835692	 -0.17934418
 -0.08773651	 -0.17914581
-0.087640382	 -0.17890167
  -0.0875412	 -0.17866516
-0.087445065	 -0.17844391
-0.087347411	 -0.17818451
-0.087252811	 -0.17798233
-0.087153628	 -0.17773438
-0.087055966	 -0.17752457
-0.086956784	 -0.17740631
-0.086862184	 -0.17719269
-0.086764529	 -0.17697525
-0.086662292	 -0.17673874
-0.086566165	 -0.17650223
 -0.08647003	 -0.17628098
-0.086370848	 -0.17605591
-0.086276248	 -0.17582321
-0.086177066	 -0.17559433
-0.086080931	   -0.175354
-0.085978702	 -0.17512894
-0.085885622	 -0.17490387
-0.085786439	 -0.17465973
 -0.08568573	 -0.17444611
-0.085588075	 -0.17420959
 -0.08549194	 -0.17397308
-0.085392758	 -0.17370605
-0.085296631	 -0.17345428
-0.085198976	 -0.17321014
-0.085104369	 -0.17298126
-0.085003659	 -0.17274094
-0.084910586	 -0.17250061
-0.084811404	 -0.17224884
-0.084710695	 -0.17200851
-0.084616087	 -0.17177963
-0.084516905	 -0.17152786
-0.084417723	 -0.17127609
-0.084321596	 -0.17104721
-0.084222414	 -0.17081451
-0.084129333	 -0.17058945
-0.084027097	 -0.17032623
-0.083930969	 -0.17013168
-0.083837889	  -0.1698494
-0.083738707	 -0.16960144
-0.083636478	 -0.16943359
 -0.08354187	 -0.16916275
-0.083439633	 -0.16886902
-0.083346561	  -0.1686554
-0.083247378	 -0.16846848
-0.083151244	 -0.16822433
-0.083053589	 -0.16797638
-0.082955934	 -0.16775513
-0.082856752	  -0.1675415
-0.082760617	 -0.16733551
-0.082661435	 -0.16707611
-0.082565308	 -0.16682816
-0.082467653	 -0.16656876
-0.082366943	 -0.16638947
-0.082272336	 -0.16609573
-0.082171634	 -0.16588211
-0.082077026	 -0.16558838
-0.081980899	 -0.16534042
-0.081881717	  -0.1651001
-0.081787109	 -0.16488266
  -0.0816864	  -0.1646843
-0.081590272	 -0.16442108
 -0.08149109	 -0.16419983
-0.081393436	 -0.16396713
-0.081295773	 -0.16373062
-0.081196591	 -0.16348648
-0.081098936	 -0.16320801
-0.081005856	  -0.1629715
-0.080906674	  -0.1627121
 -0.08080902	  -0.1624527
-0.080709837	 -0.16229248
-0.080612183	 -0.16208649
-0.080514528	 -0.16182327
-0.080416873	 -0.16161346
-0.080319211	 -0.16138077
-0.080223083	 -0.16115952
-0.080125429	 -0.16085815
-0.080026247	 -0.16071701
-0.079930112	 -0.16044235
-0.079833984	 -0.16014099
-0.079733275	 -0.15990829
-0.079638675	 -0.15969467
-0.079537965	 -0.15944672
-0.079443358	 -0.15922165
-0.079345703	  -0.1590271
-0.079244994	 -0.15879059
-0.079148866	 -0.15856171
-0.079052731	  -0.1583786
-0.078955077	 -0.15809631
-0.078855895	 -0.15780258
 -0.07875824	 -0.15752792
-0.078662112	 -0.15723419
 -0.07856445	 -0.15699768
-0.078465268	  -0.1566391
-0.078367613	 -0.15651703
-0.078269958	 -0.15634537
-0.078175351	 -0.15607834
-0.078076169	  -0.1558075
-0.077978514	 -0.15562439
-0.077880859	  -0.1553421
-0.077784732	 -0.15516281
-0.077682495	 -0.15493774
-0.077586368	 -0.15470886
-0.077488706	 -0.15451813
-0.077392578	 -0.15426254
-0.077294923	 -0.15399551
-0.077197269	 -0.15376282
-0.077096559	 -0.15354919
-0.077006534	 -0.15330124
-0.076901242	 -0.15306854
-0.076806642	 -0.15283966
-0.076712035	 -0.15259552
-0.076612853	 -0.15237045
-0.076510623	 -0.15214157
 -0.07641907	 -0.15180969
-0.076319888	 -0.15171051
-0.076222226	 -0.15145874
-0.076123044	 -0.15122223
-0.076029971	 -0.15096664
 -0.07592468	 -0.15071487
 -0.07583008	 -0.15047455
-0.075732425	 -0.15023041
 -0.07563629	 -0.14999008
-0.075537108	 -0.14975739
-0.075442508	 -0.14952087
-0.075344846	 -0.14928055
-0.075247191	 -0.14902115
-0.075146481	 -0.14878082
-0.075051881	 -0.14853287
-0.074951172	 -0.14824677
-0.074853517	 -0.14788055
 -0.07475891	 -0.14770889
  -0.0746582	 -0.14744568
-0.074560545	  -0.1471405
-0.074464418	 -0.14685822
-0.074368283	 -0.14669037
-0.074270628	 -0.14633942
-0.074171446	 -0.14609528
-0.074078366	 -0.14583969
-0.073974609	 -0.14559937
-0.073881529	 -0.14530945
-0.073782347	 -0.14506531
-0.073684692	  -0.1448288
-0.073583983	 -0.14458084
 -0.07349243	 -0.14431381
-0.073390201	 -0.14401245
-0.073295593	 -0.14367294
-0.073197939	 -0.14339447
-0.073100284	 -0.14316559
-0.073001102	 -0.14293289
-0.072903439	 -0.14271545
-0.072804257	 -0.14250183
-0.072709657	 -0.14225388
-0.072608948	  -0.1418457
-0.072515868	 -0.14173889
-0.072416686	 -0.14148712
-0.072320558	 -0.14132309
-0.072221376	 -0.14102936
-0.072125241	  -0.1406517
-0.072021484	 -0.14025116
-0.071925357	 -0.14012909
-0.071829222	 -0.13998413
-0.071733095	 -0.13962936
-0.071632385	 -0.13941956
-0.071539305	 -0.13919067
-0.071438596	 -0.13836288
-0.071343996	 -0.13857651
-0.071244814	 -0.13844299
-0.071150206	  -0.1380806
-0.071047977	 -0.13790512
-0.070953369	 -0.13723755
 -0.07085266	  -0.1370163
 -0.07075806	 -0.13700485
 -0.07065735	 -0.13682556
-0.070562743	 -0.13574982
-0.070465088	 -0.13585663
 -0.07036896	 -0.13561249
-0.070269778	 -0.13580704
-0.070172116	 -0.13550949
-0.070071414	 -0.13445282
-0.069976807	 -0.13366318
-0.069877625	 -0.13416672
 -0.06977997	 -0.13412094
-0.069682315	 -0.13315201
-0.069587708	 -0.13381577
-0.069488525	 -0.13369751
-0.069390871	 -0.13336945
-0.069290161	 -0.13286972
-0.069198608	 -0.13218307
-0.069096372	 -0.13182449
-0.069000244	 -0.13127136
-0.068901062	 -0.13096237
-0.068803407	 -0.13079834
-0.068704225	 -0.13013458
-0.068612672	 -0.13018799
-0.068515018	 -0.12934875
-0.068414308	  -0.1293602
-0.068316653	  -0.1291008
-0.068218991	 -0.12854767
-0.068119809	 -0.12793732
-0.068020627	 -0.12779236
-0.067922972	 -0.12745667
-0.067828372	 -0.12668228
-0.067727663	 -0.12605667
 -0.06763611	 -0.12491226
  -0.0675354	 -0.12539673
-0.067439273	 -0.12511063
-0.067341611	 -0.12461472
-0.067242429	  -0.1242218
-0.067144774	 -0.12454224
-0.067047119	  -0.1243515
 -0.06694641	 -0.12372971
 -0.06685181	 -0.12311935
-0.066752627	 -0.12168503
-0.066659547	 -0.12120819
-0.066561893	 -0.12216949
 -0.06646423	  -0.1215744
-0.066363528	 -0.12221527
-0.066265866	 -0.12173843
-0.066169739	 -0.12127686
-0.066073611	  -0.1208992
-0.065972902	 -0.11936569
-0.065876767	 -0.11938095
-0.065774538	 -0.11920547
-0.065684512	 -0.11884308
-0.065583803	 -0.11824036
-0.065487668	  -0.1182785
-0.065388486	 -0.11846161
-0.065295413	 -0.11707687
-0.065191649	 -0.11699677
-0.065097049	  -0.1164093
-0.064997867	 -0.11703873
-0.064900205	 -0.11728287
-0.064801022	 -0.11483765
-0.064706422	 -0.11462021
-0.064608768	 -0.11391068
 -0.06451416	 -0.11429977
-0.064413451	 -0.11638641
-0.064317323	 -0.11591339
-0.064215086	 -0.11473083
-0.064120486	 -0.11305237
-0.064022824	 -0.11164474
-0.063925169	 -0.11170578
-0.063827515	 -0.11146927
-0.063731387	 -0.11141586
-0.063630678	 -0.11196899
 -0.06353607	 -0.11205292
-0.063435361	 -0.11188889
-0.063340761	 -0.11039352
-0.063240051	 -0.10881805
-0.063143924	 -0.10851288
-0.063046262	 -0.10574722
-0.062950134	 -0.10507965
 -0.06285248	 -0.10305786
-0.062754825	 -0.10229111
-0.062655643	 -0.10212326
-0.062561035	 -0.10208893
-0.062460326	 -0.10274887
-0.062368773	 -0.10173035
-0.062261961	 -0.10223389
-0.062167358	 -0.10280609
-0.062071227	 -0.10305023
-0.061973572	 -0.10384369
 -0.06187439	 -0.10178375
-0.061779786	-0.099884033
-0.061680604	 -0.10045242
-0.061584473	 -0.10098267
-0.061486818	  -0.1021347
 -0.06139221	 -0.10005951
-0.061289977	-0.099731445
-0.061190795	-0.099563599
-0.061096191	 -0.10000229
 -0.06100006	-0.099079132
-0.060897827	-0.097854614
-0.060803223	-0.098903656
-0.060705565	-0.098827362
-0.060609438	 -0.09854126
-0.060510255	-0.097332001
-0.060412597	-0.097812653
-0.060314942	-0.096839905
-0.060217284	-0.095493317
-0.060115051	-0.094074249
-0.060021974	-0.094493866
-0.059922792	-0.094017029
-0.059829712	-0.093486786
-0.059729002	-0.093421936
-0.059632875	 -0.09356308
-0.059533693	-0.092720032
-0.059437562	-0.092269897
-0.059335329	-0.090232849
-0.059240721	-0.088039398
-0.059146117	-0.086288452
-0.059048463	-0.086208344
-0.058947753	 -0.08411026
-0.058853149	-0.083068848
 -0.05875244	-0.082683563
-0.058654785	-0.080951691
 -0.05855713	-0.079719543
-0.058462523	-0.079101563
-0.058361817	-0.077949524
-0.058265686	-0.077400208
-0.058166504	-0.076812744
-0.058070373	-0.076496124
-0.057969667	-0.076972961
-0.057876587	-0.076190948
-0.057778932	 -0.07535553
-0.057678223	-0.074062347
-0.057582092	 -0.07301712
-0.057489015	-0.072418213
-0.057382204	-0.071437836
-0.057284545	-0.070510864
-0.057192992	-0.069805145
-0.057095338	-0.068408966
-0.056994628	-0.067844391
-0.056903075	-0.068088531
-0.056803893	-0.068401337
-0.056706239	-0.067703247
-0.056604005	-0.066082001
-0.056510925	-0.064250946
-0.056408692	-0.062995911
-0.056314088	-0.062019348
-0.056213379	   -0.061306
-0.056118775	 -0.06098175
-0.056018066	 -0.06085968
-0.055923462	-0.060283661
-0.055825807	-0.060028076
-0.055728149	-0.059627533
-0.055628967	-0.058856964
-0.055534363	-0.058078766
 -0.05543213	-0.057857513
-0.055335999	-0.057250977
-0.055239867	 -0.05688858
-0.055143736	-0.056632996
-0.055043031	-0.056259155
-0.054946899	 -0.05531311
-0.054849245	 -0.05443573
-0.054753114	-0.053901672
-0.054653931	-0.053600311
-0.054559328	 -0.05316925
-0.054458618	-0.052688599
-0.054360963	-0.052562714
-0.054261781	-0.052410126
-0.054168701	-0.051818848
-0.054064941	-0.051189423
-0.053974915	-0.050750732
-0.053872682	-0.050636292
-0.053778075	-0.050273895
-0.053675842	-0.050655365
 -0.05357971	-0.050029755
-0.053482056	 -0.04977417
-0.053384401	-0.049556732
-0.053289793	-0.049468994
-0.053192139	-0.049594879
-0.053094484	 -0.04914093
-0.052996825	 -0.04914856
-0.052897643	-0.048137665
-0.052799989	-0.048339844
-0.052700806	-0.048168182
-0.052604675	-0.047679901
-0.052510072	 -0.04744339
-0.052409362	-0.047355652
-0.052308656	-0.047306061
-0.052212525	-0.047138214
-0.052120972	-0.046844482
-0.052018739	-0.046630859
-0.051921081	-0.046478271
-0.051821899	-0.046012878
-0.051727295	-0.045742035
-0.051631164	-0.045505524
-0.051527403	-0.045009613
-0.051434327	-0.044761658
-0.051336668	-0.044715881
-0.051237486	-0.044582367
-0.051139832	-0.044647217
  -0.0510437	-0.044639587
-0.050944518	 -0.04441452
-0.050848387	-0.044437408
-0.050749205	-0.044410706
-0.050653078	-0.044151306
-0.050555419	-0.043834686
-0.050463866	-0.043525696
-0.050361633	-0.043254852
-0.050265502	-0.042873383
-0.050163269	-0.042453766
-0.050070189	-0.042015076
-0.049969483	-0.041820526
-0.049871825	-0.041442871
 -0.04977417	-0.040973663
-0.049678039	-0.040672302
-0.049578857	-0.040390015
-0.049484253	-0.040481567
-0.049386598	-0.040470123
-0.049290467	-0.040401459
-0.049191285	-0.040142059
-0.049095154	-0.039943695
-0.048995972	-0.039810181
 -0.04889679	-0.039405823
-0.048799135	-0.039077759
-0.048698425	-0.038738251
-0.048603822	-0.038246155
-0.048510741	-0.037601471
-0.048410036	 -0.03710556
-0.048312377	-0.037242889
-0.048216246	-0.037319183
-0.048120119	-0.037082672
-0.048016358	-0.036750793
-0.047921754	-0.036560059
-0.047824096	-0.036239624
-0.047726441	-0.036060333
-0.047625732	-0.035873413
-0.047529601	-0.035686493
-0.047433473	-0.035297394
-0.047338866	-0.034877777
 -0.04723816	-0.034580231
-0.047142029	-0.034431458
-0.047042847	-0.034236908
-0.046945192	-0.034114838
-0.046847533	-0.033931732
-0.046749879	-0.033718109
 -0.04665222	-0.033512115
-0.046560667	-0.033336639
-0.046458434	-0.033176422
 -0.04636078	-0.032962799
-0.046263121	-0.032775879
-0.046163939	 -0.03263855
-0.046066284	-0.032371521
-0.045968629	-0.032211304
-0.045870971	-0.032119751
-0.045777895	-0.031970978
-0.045677185	-0.031803131
-0.045582581	-0.031646729
-0.045481872	-0.031467438
-0.045385741	-0.031227112
-0.045283508	-0.031044006
-0.045190431	-0.030906677
-0.045091249	-0.030693054
-0.044995118	-0.030483246
-0.044892885	-0.030254364
-0.044799805	-0.030014038
-0.044699095	-0.029777527
-0.044606019	-0.029644012
-0.044505309	-0.029476166
-0.044406127	-0.029270172
-0.044309996	-0.029090881
 -0.04421692	-0.028938293
-0.044111632	-0.028728485
-0.044015504	-0.028594971
-0.043920897	 -0.02841568
-0.043823242	-0.028217316
 -0.04372406	-0.028057098
-0.043629456	-0.027843475
-0.043528747	 -0.02766037
-0.043434143	 -0.02740097
-0.043336488	-0.027248383
-0.043240357	-0.027080536
-0.043139648	 -0.02696991
-0.043041993	-0.026863098
-0.042942811	-0.026699066
-0.042845152	-0.026569366
-0.042749025	-0.026348114
-0.042654417	-0.026145935
-0.042553712	-0.025993347
-0.042456053	-0.025875092
-0.042359926	-0.025691986
-0.042260744	-0.025497437
-0.042161562	-0.025279999
-0.042063903	-0.025119781
-0.041967772	-0.024967194
-0.041870117	-0.024887085
-0.041769408	-0.024730682
-0.041679382	-0.024597168
-0.041578673	-0.024433136
-0.041482545	-0.024253845
-0.041378785	-0.024150848
-0.041284181	-0.024009705
-0.041186523	-0.023868561
-0.041090392	-0.023738861
-0.040992737	-0.023540497
-0.040896606	-0.023330688
  -0.0407959	-0.023124695
-0.040704347	-0.023002625
-0.040600587	-0.022872925
-0.040504456	-0.022762299
-0.040408324	-0.022621155
 -0.04031067	-0.022468567
-0.040206909	-0.022312164
-0.040115356	-0.022167206
-0.040013123	-0.022010803
-0.039920043	-0.021865845
-0.039819337	-0.021713257
 -0.03972473	-0.021556854
-0.039627075	-0.021389008
-0.039527893	-0.021217346
-0.039428711	-0.021057129
-0.039335631	  -0.0209198
-0.039234925	-0.020812988
-0.039138794	-0.020694733
-0.039041139	-0.020561218
-0.038941957	 -0.02040863
-0.038844299	-0.020263672
-0.038751222	-0.020141602
 -0.03865204	-0.019973755
-0.038552858	-0.019828796
-0.038455199	-0.019668579
-0.038357545	-0.019500732
-0.038258363	  -0.0193367
-0.038162231	-0.019187927
-0.038064577	-0.019058228
-0.037966918	-0.018936157
-0.037866212	-0.018821716
 -0.03777466	-0.018688202
-0.037675478	-0.018547058
-0.037579346	-0.018405914
-0.037477113	-0.018257141
-0.037384033	-0.018135071
-0.037284851	-0.018005371
-0.037185669	-0.017860413
-0.037088014	-0.017719269
-0.036990356	-0.017578125
 -0.03688965	-0.017421722
 -0.03679657	-0.017288208
-0.036697388	-0.017181396
-0.036602784	  -0.0170784
-0.036500551	-0.016956329
-0.036408998	-0.016834259
-0.036306761	-0.016708374
-0.036210634	-0.016555786
-0.036112975	-0.016418457
-0.036016844	-0.016311646
-0.035916138	 -0.01618576
-0.035821535	-0.016059875
-0.035722353	-0.015899658
-0.035624694	  -0.0157547
-0.035527039	-0.015613556
-0.035429381	-0.015499115
-0.035330199	-0.015396118
-0.035235595	-0.015296936
-0.035134889	-0.015190125
-0.035041809	 -0.01506424
-0.034939576	-0.014930725
-0.034848023	-0.014812469
-0.034747314	-0.014701843
 -0.03465271	-0.014591217
-0.034550477	-0.014461517
-0.034455873	-0.014331818
-0.034356691	-0.014183044
-0.034259032	-0.014064789
 -0.03415985	-0.013938904
-0.034063719	-0.013839722
-0.033963013	-0.013744354
 -0.03386841	-0.013648987
-0.033770751	 -0.01354599
-0.033677675	-0.013412476
-0.033576965	-0.013290405
-0.033479311	-0.013175964
-0.033380128	-0.013057709
-0.033283997	-0.012954712
-0.033181764	-0.012840271
-0.033088684	-0.012702942
-0.032989502	-0.012573242
-0.032891847	-0.012458801
-0.032792665	-0.012367249
-0.032699585	-0.012271881
-0.032598875	-0.012176514
-0.032505799	-0.012081146
-0.032403566	 -0.01197052
-0.032308958	-0.011856079
-0.032206725	-0.011764526
-0.032113649	-0.011657715
-0.032011412	-0.011554718
-0.031921387	-0.011447906
-0.031820677	-0.011318207
-0.031719971	-0.011192322
 -0.03162384	-0.011077881
-0.031529237	-0.010978699
-0.031430054	-0.010894775
-0.031332396	-0.010810852
-0.031230163	-0.010707855
-0.031137085	-0.010623932
-0.031034851	-0.010513306
-0.030943299	-0.010406494
-0.030842591	-0.010303497
 -0.03074646	-0.010204315
-0.030648803	-0.010112762
-0.030551147	-0.010009766
-0.030450439	-0.0098838806
-0.030355835	-0.0097732544
-0.030255128	-0.0096740723
-0.030160522	-0.0095748901
-0.030059814	-0.0095024109
-0.029968262	-0.0094261169
-0.029867554	-0.0093383789
-0.029772948	-0.0092430115
-0.029672241	-0.0091285706
-0.029574584	-0.0090103149
-0.029476929	-0.0089149475
-0.029379273	-0.0088195801
-0.029281616	-0.0087203979
-0.029182434	-0.0086135864
 -0.02908783	-0.0085372925
-0.028991699	-0.0084648132
-0.028894043	-0.0083847046
 -0.02879486	-0.0083084106
-0.028697204	-0.0082092285
-0.028598022	-0.0081100464
-0.028500367	-0.0080337524
-0.028399657	-0.0079536438
-0.028306579	-0.0078544617
 -0.02821045	-0.0077476501
 -0.02810974	-0.0076370239
-0.028013611	-0.0075569153
 -0.02791748	-0.0074691772
-0.027818298	-0.0073890686
-0.027716065	-0.0073165894
-0.027621459	-0.0072364807
-0.027520752	-0.0071640015
-0.027423095	-0.0070648193
-0.027331542	-0.0069732666
 -0.02723236	-0.006893158
-0.027136231	-0.0068092346
-0.027038574	-0.0067481995
-0.026942443	-0.0066452026
-0.026841735	-0.0065460205
-0.026745606	-0.0064468384
-0.026644897	-0.0063743591
-0.026548767	-0.0062942505
-0.026451111	-0.0062332153
 -0.02635498	-0.0061683655
 -0.02625885	-0.0060958862
-0.026158143	-0.0060043335
-0.026065063	-0.0059242249
 -0.02596283	-0.0058403015
-0.025865173	-0.0057678223
-0.025769044	-0.005695343
-0.025669862	-0.0056152344
-0.025570679	-0.0055122375
-0.025476074	-0.0054359436
-0.025379945	-0.005355835
-0.025279235	-0.0052719116
 -0.02518158	-0.0052146912
-0.025085449	-0.0051612854
-0.024987793	-0.0050811768
-0.024891663	-0.0050163269
-0.024792481	-0.0049209595
-0.024694825	-0.0048446655
-0.024597168	-0.0047798157
-0.024499511	-0.0047073364
-0.024404908	-0.0046463013
-0.024305725	-0.0045661926
-0.024209594	-0.0044746399
-0.024111938	-0.0043983459
-0.024012756	-0.0043296814
-0.023913573	-0.0042572021
-0.023817444	-0.0042190552
-0.023718262	 -0.00415802
-0.023623656	-0.0040893555
-0.023526002	-0.0040245056
 -0.02342682	-0.0039558411
-0.023330688	-0.0038833618
-0.023231506	-0.0038223267
-0.023135375	-0.0037574768
 -0.02303772	-0.0036811829
-0.022937011	-0.003616333
-0.022842407	-0.0035324097
-0.022743225	-0.0034751892
-0.022644043	-0.0034103394
-0.022549439	-0.003364563
-0.022453308	-0.0033187866
-0.022354126	-0.0032463074
-0.022254944	-0.0031814575
-0.022155762	-0.0031242371
-0.022061158	-0.0030517578
-0.021963501	-0.0029983521
-0.021862794	-0.0029373169
-0.021768188	-0.002872467
-0.021670531	-0.002822876
-0.021571349	-0.0027427673
 -0.02147522	-0.0026817322
-0.021379089	-0.0026321411
 -0.02128296	-0.0025749207
 -0.02118225	-0.0025215149
-0.021083068	-0.0024795532
-0.020986939	-0.0024261475
-0.020887757	-0.0023765564
-0.020791626	-0.0023078918
-0.020693969	-0.0022583008
-0.020596314	-0.0022163391
-0.020500183	-0.0021514893
-0.020402526	-0.0021057129
-0.020303344	-0.002040863
-0.020204162	-0.0019874573
-0.020108033	-0.0019378662
-0.020010376	-0.0018920898
-0.019911194	-0.0018539429
-0.019812012	-0.0018081665
-0.019715881	-0.0017662048
-0.019618224	-0.0017127991
-0.019525146	-0.0016708374
-0.019424438	-0.0016174316
-0.019326782	 -0.00157547
-0.019229125	-0.0015296936
-0.019132996	-0.0014839172
-0.019033814	-0.0014343262
-0.018936157	-0.001373291
-0.018840026	-0.0013389587
-0.018740844	-0.0012969971
-0.018643189	-0.0012664795
-0.018547058	-0.0012359619
-0.018449401	-0.0011978149
-0.018354798	-0.0011520386
-0.018255616	-0.0011177063
-0.018156433	-0.0010643005
-0.018058777	-0.0010299683
-0.017959595	-0.0010032654
-0.017863464	-0.00095748901
-0.017767334	-0.00091934204
-0.017669678	-0.00088500977
-0.017570496	-0.0008430481
-0.017474364	-0.00080871582
-0.017378235	-0.00077819824
-0.017279053	-0.00074768066
-0.017179871	-0.00071716309
 -0.01708374	-0.00069046021
-0.016983032	-0.00066375732
-0.016885376	-0.00063323975
-0.016787719	-0.00061416626
-0.016693115	-0.00058746338
-0.016596984	-0.0005569458
-0.016497802	-0.00053787231
-0.016400147	-0.00050354004
-0.016299438	-0.00046539307
-0.016207885	-0.00044631958
-0.016107177	-0.0004196167
-0.016009521	-0.00039672852
-0.015911866	-0.00038909912
-0.015814209	-0.00035095215
-0.015716553	-0.00034332275
-0.015618896	-0.00032424927
 -0.01552124	-0.00030136108
 -0.01542511	-0.0002746582
-0.015325928	-0.0002746582
-0.015229797	-0.00025177002
-0.015130615	-0.00022506714
-0.015036011	-0.00021362305
-0.014936829	-0.00020217896
-0.014837647	-0.00018310547
 -0.01473999	-0.00016784668
-0.014645386	-0.00016784668
 -0.01454773	-0.00014877319
-0.014447021	-0.0001449585
-0.014353943	-0.0001335144
-0.014254761	-0.00012969971
-0.014155579	-0.00011062622
-0.014057922	-9.9182129e-005
-0.013960266	-9.5367432e-005
-0.013865662	-9.5367432e-005
-0.013764953	-8.0108643e-005
-0.013671875	-8.392334e-005
-0.013572693	-8.392334e-005
-0.013473511	-7.6293945e-005
-0.013372803	-6.8664551e-005
-0.013279724	-6.1035156e-005
-0.013180542	-6.8664551e-005
 -0.01308136	-5.7220459e-005
-0.012982178	-4.196167e-005
-0.012884522	-3.8146973e-005
-0.012788391	-4.5776367e-005
-0.012692261	-4.5776367e-005
-0.012594605	-4.5776367e-005
-0.012496948	-4.5776367e-005
-0.012399292	-3.8146973e-005
-0.012303161	-3.8146973e-005
-0.012203979	-3.8146973e-005
-0.012103272	-3.8146973e-005
-0.012010192	-3.0517578e-005
 -0.01191101	-3.4332275e-005
-0.011816407	-3.0517578e-005
-0.011717224	-2.6702881e-005
-0.011618042	-3.0517578e-005
-0.011520386	-3.8146973e-005
-0.011422729	-2.2888184e-005
-0.011328125	-3.0517578e-005
-0.011227417	-3.0517578e-005
-0.011131287	-1.9073486e-005
 -0.01103363	-3.0517578e-005
-0.010932922	-3.0517578e-005
-0.010839844	-2.6702881e-005
-0.010745239	-2.6702881e-005
-0.010644531	-3.0517578e-005
-0.010546875	-1.9073486e-005
-0.010449219	-2.6702881e-005
-0.010348511	-3.4332275e-005
-0.010252381	-2.6702881e-005
-0.010157776	-3.0517578e-005
-0.010058594	-1.9073486e-005
-0.0099578854	-2.2888184e-005
-0.0098617552	-2.2888184e-005
-0.0097671505	-2.6702881e-005
-0.0096679684	-3.0517578e-005
-0.0095718382	-3.0517578e-005
-0.0094711306	-2.6702881e-005
-0.0093750004	-3.0517578e-005
-0.0092758182	-3.0517578e-005
-0.0091796871	-3.0517578e-005
-0.009080505	-3.0517578e-005
-0.0089813229	-2.2888184e-005
-0.0088836672	-2.2888184e-005
-0.0087890625	-2.6702881e-005
-0.0086914059	-3.4332275e-005
-0.0085906982	-2.6702881e-005
-0.0084945681	-2.6702881e-005
-0.0083999634	-3.0517578e-005
-0.0082992557	-2.6702881e-005
-0.0082031246	-3.0517578e-005
-0.008102417	-1.9073486e-005
-0.0080047604	-2.2888184e-005
-0.0079132076	-2.6702881e-005
-0.0078094481	-2.6702881e-005
-0.0077163698	-2.6702881e-005
-0.0076171877	-2.2888184e-005
-0.007522583	-3.0517578e-005
-0.0074218749	-3.0517578e-005
-0.0073257447	-2.6702881e-005
-0.0072265626	-2.6702881e-005
-0.0071273805	-3.0517578e-005
-0.0070281983	-2.6702881e-005
-0.0069366456	-1.9073486e-005
-0.0068359375	-3.0517578e-005
-0.0067413328	-1.9073486e-005
-0.0066436767	-2.2888184e-005
-0.0065460205	-2.2888184e-005
-0.0064453124	-2.6702881e-005
-0.0063491822	-3.4332275e-005
-0.0062469481	-2.6702881e-005
-0.006150818	-3.0517578e-005
-0.0060516358	-3.0517578e-005
-0.0059600831	-2.6702881e-005
-0.005860901	-1.5258789e-005
-0.0057617188	-1.9073486e-005
-0.0056655882	-3.0517578e-005
-0.0055664061	-2.6702881e-005
-0.0054718019	-2.6702881e-005
-0.0053680418	-2.2888184e-005
-0.0052764891	-2.6702881e-005
-0.0051773069	-2.2888184e-005
-0.0050811768	-2.6702881e-005
-0.0049819946	-2.2888184e-005
-0.0048828125	-2.2888184e-005
-0.0047851563	-3.0517578e-005
-0.0046890257	-2.6702881e-005
-0.0045928955	-1.9073486e-005
-0.0044952394	-1.9073486e-005
-0.0043975832	-2.6702881e-005
-0.0043014525	-1.1444092e-005
-0.0042022704	-3.0517578e-005
-0.0041061402	-3.0517578e-005
-0.0040069581	-2.2888184e-005
-0.0039093019	-2.2888184e-005
-0.0038101196	-2.2888184e-005
-0.0037124634	-2.2888184e-005
-0.0036193847	-2.6702881e-005
-0.0035171509	-2.2888184e-005
-0.0034210205	-2.2888184e-005
-0.0033233643	-3.0517578e-005
-0.0032287599	-2.6702881e-005
-0.0031265258	-1.9073486e-005
-0.0030334473	-2.2888184e-005
-0.0029342652	-2.6702881e-005
-0.0028366088	-2.6702881e-005
-0.0027374267	-2.2888184e-005
-0.0026351928	-1.9073486e-005
-0.0025421144	-2.6702881e-005
-0.0024459839	-2.2888184e-005
-0.0023483275	-1.9073486e-005
-0.0022521974	-3.0517578e-005
-0.0021530152	-1.9073486e-005
-0.0020553588	-1.9073486e-005
-0.0019592284	-1.5258789e-005
-0.0018585206	-2.6702881e-005
-0.001763916	-1.9073486e-005
-0.0016616822	-2.6702881e-005
-0.0015655517	-2.6702881e-005
-0.0014678955	-3.0517578e-005
-0.0013717652	-2.6702881e-005
-0.0012741089	-1.9073486e-005
-0.0011764526	-2.6702881e-005
-0.0010803223	-1.9073486e-005
-0.00098571775	-2.2888184e-005
-0.00088500977	-2.6702881e-005
-0.00078430178	-1.9073486e-005
-0.00068817136	-2.6702881e-005
-0.00058898923	-3.8146973e-005
-0.00049285888	-2.2888184e-005
-0.00039672852	-2.6702881e-005
-0.0002960205	-2.6702881e-005
-0.00019989014	-2.2888184e-005
-0.00010375977	-2.2888184e-005
-9.1552738e-006	-3.4332275e-005
9.3078612e-005	-3.0517578e-005
0.00018920898	-1.9073486e-005
0.00028686522	-2.2888184e-005
0.0003845215	-2.2888184e-005
0.00048217774	-2.2888184e-005
0.00057983398	-2.2888184e-005
0.00067596434	-2.2888184e-005
0.00077514647	-2.2888184e-005
0.00086975098	-2.2888184e-005
0.00096893311	-2.6702881e-005
0.0010681152	-1.9073486e-005
0.0011627197	-2.6702881e-005
0.0012619018	-2.2888184e-005
0.0013610839	-2.2888184e-005
0.0014587402	-2.6702881e-005
0.0015533448	-2.2888184e-005
0.0016540528	-1.9073486e-005
0.0017486572	-2.2888184e-005
0.0018493652	-2.2888184e-005
0.0019454956	-2.2888184e-005
0.0020446777	-2.2888184e-005
0.0021392822	-2.6702881e-005
0.0022384643	-1.9073486e-005
0.0023376464	-3.0517578e-005
0.0024337769	-1.5258789e-005
0.0025299073	-2.6702881e-005
0.0026275634	-2.2888184e-005
0.0027252198	-3.0517578e-005
 0.002822876	-2.6702881e-005
0.0029205321	-3.0517578e-005
0.0030197143	-2.2888184e-005
0.0031173707	-2.6702881e-005
0.0032165528	-1.5258789e-005
0.0033111572	-2.6702881e-005
0.0034088134	-1.9073486e-005
0.0035049438	-2.2888184e-005
0.0036041259	-1.9073486e-005
0.0037033081	-1.5258789e-005
0.0037994385	-2.2888184e-005
0.0038970946	-3.0517578e-005
0.0039947508	-1.9073486e-005
0.0040924074	-3.0517578e-005
0.0041900636	-3.4332275e-005
0.0042892457	-1.5258789e-005
0.0043869019	-1.9073486e-005
0.0044815065	-2.2888184e-005
0.0045776367	-3.0517578e-005
0.0046783448	-2.2888184e-005
 0.004776001	-1.9073486e-005
0.0048706057	-2.6702881e-005
0.0049697878	-3.4332275e-005
0.0050704954	-3.0517578e-005
0.0051651001	-2.6702881e-005
0.0052642822	-2.6702881e-005
0.0053604124	-1.9073486e-005
0.0054565431	-2.6702881e-005
0.0055572512	-1.5258789e-005
0.0056549073	-2.2888184e-005
0.0057495115	-1.9073486e-005
0.0058471682	-2.2888184e-005
0.0059463503	-2.2888184e-005
0.0060440064	-3.0517578e-005
0.0061401366	-2.6702881e-005
0.0062393188	-2.2888184e-005
0.0063354494	-3.0517578e-005
0.0064346315	-2.2888184e-005
0.0065322877	-2.2888184e-005
0.0066314698	-2.2888184e-005
0.0067230226	-3.0517578e-005
0.0068237307	-1.9073486e-005
0.0069229128	-2.2888184e-005
0.0070205689	-2.6702881e-005
0.0071197511	-2.6702881e-005
0.0072158813	-3.0517578e-005
0.0073165894	-1.5258789e-005
0.0074066161	-3.0517578e-005
0.0075073242	-2.6702881e-005
0.0076034544	-3.0517578e-005
0.0077026365	-3.0517578e-005
0.0077987672	-1.9073486e-005
0.0079010008	-3.0517578e-005
0.0079986574	-2.6702881e-005
0.0080932621	-2.2888184e-005
0.0081939697	-2.2888184e-005
0.0082885744	-2.6702881e-005
0.0083862301	-2.2888184e-005
0.0084854122	-3.0517578e-005
0.0085845944	-3.0517578e-005
0.0086776735	-3.0517578e-005
0.0087753292	-2.2888184e-005
0.0088745113	-1.9073486e-005
0.0089752199	-2.6702881e-005
0.0090698246	-3.4332275e-005
0.0091674803	-2.6702881e-005
0.0092651369	-2.2888184e-005
0.0093597416	-2.2888184e-005
0.0094604492	-2.2888184e-005
0.0095611569	-2.2888184e-005
 0.009657288	-1.5258789e-005
0.0097503662	-3.4332275e-005
0.0098510738	-2.6702881e-005
0.0099456785	-2.6702881e-005
 0.010041809	-2.2888184e-005
 0.010144043	-2.6702881e-005
 0.010241699	-1.9073486e-005
  0.01033783	-2.6702881e-005
 0.010432434	-3.0517578e-005
  0.01053009	-2.6702881e-005
 0.010630799	-2.2888184e-005
 0.010726929	-2.2888184e-005
 0.010824585	-1.9073486e-005
 0.010925293	-2.6702881e-005
  0.01102295	-2.6702881e-005
 0.011120605	-2.2888184e-005
 0.011218262	-3.0517578e-005
 0.011314392	-2.6702881e-005
 0.011413574	-2.6702881e-005
 0.011509704	-2.2888184e-005
 0.011605835	-1.9073486e-005
 0.011703491	-2.2888184e-005
 0.011801148	-2.2888184e-005
  0.01190033	-2.6702881e-005
 0.011999512	-2.2888184e-005
 0.012094116	-1.1444092e-005
 0.012193298	-2.2888184e-005
 0.012289429	-2.2888184e-005
 0.012388611	-1.5258789e-005
 0.012484741	-1.5258789e-005
 0.012582397	-1.1444092e-005
 0.012677002	           0
 0.012779236	-1.5258789e-005
 0.012876892	           0
 0.012976075	-7.6293945e-006
 0.013070678	7.6293945e-006
 0.013168335	3.8146973e-006
 0.013265992	1.1444092e-005
 0.013360595	1.5258789e-005
 0.013459777	1.9073486e-005
 0.013555909	1.1444092e-005
 0.013655091	2.6702881e-005
 0.013757324	2.2888184e-005
 0.013851929	3.4332275e-005
 0.013949585	4.5776367e-005
 0.014047241	3.8146973e-005
 0.014147949	4.9591064e-005
 0.014239502	6.1035156e-005
 0.014341736	6.4849854e-005
  0.01443634	7.6293945e-005
 0.014533997	8.7738037e-005
 0.014630127	8.392334e-005
 0.014729309	0.00010681152
 0.014825439	0.00011444092
 0.014926148	0.00012969971
 0.015022278	0.0001373291
  0.01512146	0.00015640259
 0.015216065	0.00016021729
 0.015315247	0.00018310547
 0.015409851	0.00019454956
 0.015512085	0.00020980835
 0.015603637	0.00022888184
 0.015705872	0.00023651123
 0.015805054	0.00025939941
 0.015902709	0.0002746582
 0.016000366	0.00028610229
 0.016101073	0.00030517578
 0.016194154	0.00033187866
 0.016290283	0.00034332275
 0.016386414	0.00036621094
 0.016487122	0.00039672852
 0.016583253	0.00042724609
  0.01668396	0.00043487549
 0.016778564	0.00047302246
 0.016876221	0.00048065186
 0.016975403	0.00050735474
 0.017074585	0.00053787231
 0.017170716	0.00057220459
 0.017266845	0.00058364868
 0.017366027	0.00061416626
 0.017462159	0.00063323975
 0.017561341	0.00067138672
  0.01765747	0.0007019043
 0.017758179	0.00073623657
 0.017852783	0.00076293945
 0.017951965	0.00080871582
 0.018051147	0.0008392334
 0.018144226	0.00086212158
 0.018243408	0.00090408325
 0.018339539	0.00094985962
 0.018438721	0.0009727478
 0.018536378	0.0010070801
 0.018634032	0.0010452271
 0.018728638	0.0010948181
 0.018829346	0.0011329651
 0.018925477	0.0011787415
 0.019024659	 0.001209259
 0.019120788	0.0012512207
  0.01921997	0.0013008118
 0.019317627	0.0013389587
 0.019413758	0.0013771057
  0.01951294	0.0014228821
 0.019612122	0.0014533997
 0.019705201	0.0014953613
 0.019802857	0.0015411377
 0.019903565	0.0015869141
 0.019998169	0.0016479492
 0.020095825	 0.001701355
 0.020198058	0.0017547607
 0.020291138	 0.001789093
 0.020390321	0.0018310547
 0.020487975	0.0018920898
 0.020588685	0.0019378662
 0.020681763	0.0019950867
 0.020780945	0.0020446777
 0.020878602	0.0020828247
 0.020974731	0.0021286011
 0.021072388	0.0021781921
 0.021170044	0.0022277832
 0.021270752	0.0022926331
 0.021365356	0.0023612976
 0.021463012	0.0024223328
 0.021560669	0.0024757385
 0.021658326	0.0025253296
 0.021755982	  0.00258255
 0.021852111	0.0026359558
 0.021951294	0.0026931763
  0.02204895	0.0027618408
 0.022149658	0.0027999878
 0.022244263	0.0028610229
 0.022343446	0.0029144287
 0.022439575	0.0029754639
 0.022538757	0.0030403137
 0.022631835	0.0031051636
 0.022731017	0.0031738281
 0.022831727	 0.003238678
 0.022927856	0.0032958984
 0.023023987	0.0033683777
 0.023123169	0.0034294128
 0.023222351	0.0034942627
 0.023320008	0.0035591125
 0.023416137	0.0036201477
 0.023513794	0.0036697388
 0.023608398	0.0037345886
 0.023706054	0.0037918091
 0.023806762	0.0038719177
 0.023901368	0.0039520264
 0.023999024	 0.004032135
 0.024098206	0.0040969849
 0.024197388	0.0041732788
 0.024295043	 0.004234314
 0.024391174	0.0043106079
 0.024493407	0.0043792725
 0.024586488	 0.004447937
  0.02468567	 0.004524231
 0.024780273	0.0045814514
 0.024880981	0.0046539307
 0.024978638	0.0047264099
 0.025074769	0.0047950745
 0.025172424	0.0048675537
 0.025273133	0.0049476624
 0.025367737	0.0050430298
 0.025465393	 0.005115509
 0.025564576	0.0051879883
 0.025659179	0.0052566528
  0.02575531	0.0053405762
 0.025854493	0.0054168701
 0.025950622	0.0054931641
 0.026051331	 0.005569458
 0.026147461	0.0056304932
 0.026248168	0.0056991577
 0.026342774	0.0057792664
  0.02644043	 0.005859375
 0.026538085	0.0059547424
 0.026632691	0.0060501099
 0.026733398	0.0061340332
  0.02682953	0.0062179565
 0.026925659	0.0063018799
 0.027026366	0.0063743591
 0.027124023	0.0064582825
  0.02722168	0.0065498352
 0.027319336	0.0066299438
 0.027416993	0.0066986084
 0.027513122	 0.006778717
 0.027609253	0.0068511963
  0.02770691	0.0069351196
 0.027806092	0.0070343018
 0.027902221	0.0071372986
 0.028002929	 0.007232666
 0.028097535	0.0073242188
 0.028196717	0.0074043274
 0.028297424	0.0074882507
 0.028392028	0.0075874329
 0.028488159	0.0076789856
 0.028587341	0.0077514648
 0.028686523	0.0078392029
 0.028781127	0.0079269409
 0.028878784	0.0080070496
  0.02897644	0.0080795288
 0.029074097	0.0081863403
 0.029174805	0.0082855225
 0.029269408	0.0083999634
 0.029370118	0.0084991455
 0.029464722	0.0085906982
 0.029562378	 0.008682251
 0.029658508	0.0087661743
 0.029756164	0.0088577271
 0.029856872	0.0089645386
 0.029953003	0.0090560913
 0.030053711	 0.009147644
 0.030151367	 0.009223938
 0.030252075	0.0093002319
  0.03034668	0.0094070435
 0.030441284	0.0095062256
 0.030538941	0.0096244812
 0.030636597	0.0097389221
 0.030734252	0.0098495483
 0.030827332	0.0099372864
 0.030929565	 0.010028839
 0.031027222	 0.010131836
 0.031124879	 0.010250092
 0.031222533	 0.010345459
 0.031321716	 0.010444641
 0.031417847	  0.01052475
 0.031513978	 0.010608673
  0.03161316	 0.010715485
 0.031710815	 0.010826111
 0.031805418	 0.010948181
 0.031906128	 0.011066437
 0.032002259	 0.011184692
 0.032104492	 0.011283875
 0.032197572	 0.011386871
 0.032296754	 0.011474609
 0.032392882	 0.011604309
 0.032492064	 0.011711121
 0.032589722	 0.011810303
 0.032684326	 0.011909485
 0.032785036	 0.011993408
 0.032881163	 0.012104034
 0.032980345	 0.012210846
 0.033079527	 0.012336731
 0.033175658	  0.01247406
 0.033274841	 0.012588501
 0.033366393	 0.012718201
 0.033467103	 0.012821198
 0.033564758	 0.012924194
 0.033660889	 0.013031006
 0.033758543	 0.013160706
 0.033857726	 0.013275146
 0.033956908	 0.013381958
 0.034054566	  0.01348114
 0.034152221	 0.013584137
 0.034248352	 0.013683319
 0.034346007	 0.013820648
 0.034440614	 0.013946533
 0.034539796	 0.014083862
 0.034638979	 0.014217377
 0.034732055	 0.014339447
 0.034834288	 0.014442444
  0.03493347	 0.014556885
 0.035031129	  0.01468277
 0.035128783	 0.014808655
 0.035224915	 0.014919281
 0.035319518	 0.015029907
   0.0354187	 0.015136719
 0.035514832	 0.015247345
 0.035614014	  0.01537323
 0.035708617	 0.015514374
 0.035809327	 0.015659332
 0.035905458	 0.015800476
 0.036007691	 0.015930176
 0.036103822	 0.016040802
 0.036201477	 0.016159058
 0.036297608	  0.01631546
  0.03639679	 0.016429901
 0.036492921	 0.016555786
 0.036589049	 0.016651154
 0.036688231	 0.016784668
 0.036785889	 0.016899109
 0.036885072	 0.017028809
 0.036982726	 0.017147064
 0.037075806	 0.017326355
 0.037179567	 0.017471313
  0.03727112	 0.017631531
 0.037370302	  0.01776886
 0.037467957	  0.01789856
 0.037564088	 0.018024445
  0.03766327	 0.018157959
 0.037760925	 0.018306732
 0.037861634	 0.018440247
 0.037957765	 0.018569946
 0.038052369	 0.018684387
 0.038151551	 0.018810272
 0.038247682	 0.018943787
 0.038345337	 0.019115448
 0.038442992	 0.019283295
 0.038543701	 0.019439697
 0.038636781	 0.019607544
 0.038739014	 0.019744873
 0.038835146	 0.019874573
 0.038934328	 0.020015717
 0.039030455	  0.02016449
 0.039126586	 0.020294189
 0.039224245	 0.020431519
 0.039321899	 0.020545959
 0.039416503	 0.020683289
 0.039520264	 0.020786285
 0.039611816	 0.020950317
  0.03971405	 0.021087646
 0.039810181	  0.02130127
  0.03991089	 0.021492004
 0.040005494	 0.021633148
 0.040103149	 0.021720886
 0.040200807	 0.021888733
 0.040298462	  0.02199173
 0.040393066	 0.022239685
 0.040492248	 0.022392273
 0.040589906	 0.022575378
 0.040692139	  0.02268219
 0.040783692	 0.022819519
 0.040884398	 0.022987366
 0.040982056	 0.023170471
 0.041079711	 0.023303986
  0.04117737	 0.023544312
 0.041271973	 0.023708344
 0.041369628	 0.023849487
 0.041467287	 0.024009705
 0.041567992	 0.024162292
 0.041664124	 0.024330139
 0.041763306	 0.024517059
 0.041857909	 0.024665833
 0.041958619	 0.024791718
 0.042051695	 0.024929047
 0.042153932	 0.025074005
 0.042251587	 0.025234222
 0.042352296	 0.025348663
 0.042449951	 0.025485992
 0.042544555	 0.025642395
 0.042642213	 0.025791168
 0.042736817	 0.025829315
  0.04283905	 0.025947571
 0.042935181	 0.026058197
 0.043029785	 0.026226044
 0.043128967	 0.026348114
 0.043225098	 0.026462555
 0.043322753	 0.026626587
 0.043420412	 0.026767731
 0.043521117	  0.02689743
 0.043617249	 0.027011871
 0.043716431	 0.027206421
 0.043814085	 0.027366638
 0.043911744	 0.027427673
 0.044003297	 0.027584076
 0.044107057	 0.027740479
 0.044203185	 0.027866364
 0.044303894	  0.02803421
 0.044400025	 0.028251648
  0.04449768	 0.028419495
 0.044595338	 0.028598785
 0.044689942	 0.028800964
 0.044787597	 0.028945923
 0.044886779	 0.029090881
 0.044984438	 0.029243469
 0.045077514	 0.029373169
 0.045178223	 0.029491425
 0.045278929	 0.029651642
 0.045376588	 0.029827118
 0.045474242	 0.030017853
 0.045568846	 0.030166626
 0.045664977	 0.030323029
 0.045761108	 0.030487061
 0.045861818	 0.030635834
 0.045956422	 0.030849457
 0.046058655	 0.031024933
 0.046154786	   0.0311203
 0.046252441	 0.031261444
 0.046350099	 0.031524658
 0.046450805	 0.031669617
 0.046542358	 0.031864166
  0.04664154	 0.032047272
 0.046739198	 0.032165527
  0.04683838	 0.032306671
 0.046932984	 0.032470703
  0.04703369	 0.032669067
 0.047129821	 0.032859802
 0.047230531	 0.033149719
 0.047328185	 0.033203125
 0.047427367	 0.033306122
 0.047520448	 0.033531189
 0.047616579	 0.033683777
 0.047717284	 0.033752441
 0.047811888	 0.033790588
 0.047909547	 0.033977509
 0.048008729	 0.034309387
 0.048107911	 0.034450531
 0.048204042	 0.034729004
 0.048300169	 0.034862518
 0.048400879	 0.034965515
 0.048495483	 0.035232544
 0.048591614	 0.035430908
 0.048689269	 0.035701752
 0.048788451	 0.036144257
 0.048884582	 0.036266327
 0.048983764	 0.036529541
 0.049081422	 0.036590576
 0.049182128	 0.036773682
 0.049279787	 0.036979675
 0.049375914	 0.036960602
 0.049470522	 0.037220001
 0.049569704	 0.037456512
 0.049667358	  0.03736496
 0.049761962	 0.037967682
 0.049859621	 0.038227081
 0.049960326	 0.038482666
 0.050057985	 0.038639069
 0.050160218	 0.038536072
 0.050256349	 0.038475037
 0.050354004	 0.038818359
 0.050451659	 0.039524078
  0.05054779	 0.039569855
 0.050645448	 0.039859772
 0.050741576	 0.040210724
 0.050842285	  0.04032135
 0.050938416	 0.040744781
 0.051034547	 0.041000366
 0.051132202	 0.041381836
 0.051229857	 0.041446686
 0.051327515	 0.040805817
  0.05142517	 0.040687561
  0.05152588	  0.04108429
 0.051618956	 0.041156769
 0.051719666	 0.041912079
 0.051815797	 0.042743683
   0.0519104	 0.043140411
  0.05201111	 0.042869568
 0.052111816	 0.043029785
 0.052203368	 0.043678284
 0.052304078	 0.044403076
 0.052400209	   0.0443573
 0.052499391	 0.044937134
 0.052592468	 0.045196533
 0.052693177	 0.045337677
 0.052789308	 0.045555115
 0.052890014	 0.046104431
 0.052984618	  0.04592514
 0.053086855	  0.04624939
  0.05317688	 0.046634674
 0.053276062	  0.04662323
 0.053376772	 0.047176361
 0.053475954	 0.047168732
 0.053570557	 0.047458649
  0.05366974	 0.047927856
 0.053767394	 0.048278809
 0.053863525	 0.048698425
 0.053958129	 0.048152924
 0.054060362	  0.04920578
 0.054156493	 0.048690796
 0.054252625	  0.04914093
 0.054351807	 0.049461365
 0.054449461	 0.050346375
  0.05454712	 0.050998688
 0.054647826	 0.050991058
 0.054742433	 0.050952911
 0.054840088	 0.051185608
 0.054937743	 0.051448822
 0.055038452	  0.05191803
 0.055130005	 0.052448273
  0.05522766	 0.052768707
 0.055325318	 0.053413391
 0.055426024	 0.053569794
 0.055520631	 0.053695679
 0.055622865	 0.053344727
 0.055720519	 0.053451538
 0.055813599	 0.053287506
 0.055912782	 0.053337097
 0.056013487	 0.053707123
 0.056106567	 0.053844452
 0.056204222	 0.054843903
 0.056303404	 0.055000305
 0.056402586	 0.055065155
 0.056500245	 0.055301666
   0.0565979	 0.054580688
 0.056697082	 0.055145264
 0.056793213	 0.056167603
 0.056884766	 0.056259155
 0.056988526	  0.05701828
  0.05708313	 0.056255341
 0.057183839	 0.057006836
 0.057278443	 0.057926178
 0.057376098	 0.057132721
  0.05747528	 0.056816101
 0.057574462	 0.057601929
 0.057672121	 0.059421539
 0.057768248	 0.059150696
 0.057864379	 0.059265137
 0.057965089	 0.058837891
 0.058059692	 0.058647156
 0.058157347	 0.059112549
 0.058255006	 0.059841156
 0.058354188	 0.062129974
 0.058450319	 0.063095093
 0.058547974	 0.064369202
 0.058647156	 0.064445496
 0.058743287	 0.064559937
 0.058840942	 0.065040588
 0.058940124	  0.06570816
 0.059034728	 0.067005157
 0.059132386	   0.0675354
 0.059231568	 0.068496704
 0.059327699	 0.069561005
 0.059428405	 0.070091248
 0.059523009	 0.071147919
 0.059620667	  0.07201004
 0.059718322	 0.071979523
 0.059811402	 0.072723389
 0.059915163	 0.072742462
  0.06001129	 0.071525574
 0.060110472	  0.07276535
  0.06020508	 0.074615479
 0.060305785	 0.076377869
 0.060397338	  0.07767868
 0.060501099	 0.078102112
 0.060595702	 0.078842163
 0.060696412	 0.080310822
 0.060791016	 0.082290649
 0.060891725	 0.082550049
 0.060986329	 0.083393097
 0.061085511	 0.084262848
 0.061180115	 0.084098816
 0.061282348	 0.085086823
 0.061380006	 0.085773468
 0.061477661	 0.086833954
 0.061573792	 0.087364197
 0.061671447	 0.086978912
 0.061766051	 0.087558746
 0.061868288	 0.086750031
 0.061962891	  0.08663559
 0.062060546	 0.087108612
 0.062158205	 0.089950562
 0.062257387	  0.09016037
 0.062356569	 0.090408325
 0.062451173	 0.090694427
 0.062548831	 0.093643188
 0.062646486	 0.097732544
 0.062741086	 0.095394135
 0.062843323	 0.094470978
  0.06293945	 0.092689514
 0.063037112	 0.093990326
 0.063136294	 0.092494965
 0.063235477	 0.094028473
 0.063330077	 0.094463348
 0.063430786	 0.095809937
 0.063523866	 0.097610474
 0.063623048	  0.10051727
 0.063719176	  0.10205078
 0.063819885	 0.099388123
 0.063912965	  0.10165405
 0.064015195	 0.099891663
 0.064112857	  0.10137177
 0.064215086	  0.10359573
 0.064306639	  0.10294342
 0.064402774	  0.10484314
 0.064501956	  0.10577011
 0.064599611	  0.10659027
 0.064694211	  0.10645294
  0.06479492	  0.10654449
 0.064889528	  0.10834885
  0.06498871	  0.10972214
  0.06508331	  0.10991669
 0.065185547	  0.11071014
 0.065281674	  0.11091995
 0.065380856	  0.11038208
 0.065475464	  0.11218643
 0.065573119	  0.11172485
 0.065669253	  0.11297607
 0.065769956	   0.1156044
  0.06586609	  0.11414719
 0.065963745	  0.11455536
 0.066064455	  0.11370087
 0.066159055	  0.11294556
 0.066259764	  0.11516571
 0.066354372	  0.11558151
 0.066455081	  0.11716843
 0.066549681	  0.11660385
 0.066647336	  0.11692429
 0.066743471	  0.11675262
 0.066842653	   0.1161499
 0.066937253	  0.11742401
 0.067041017	  0.11526871
 0.067140199	  0.11350632
 0.067234799	  0.11050797
 0.067333981	  0.11118317
 0.067428589	  0.11248779
 0.067523196	  0.11322784
 0.067623898	  0.11586761
 0.067721561	  0.11610413
 0.067817688	  0.11790848
 0.067913815	  0.11834717
 0.068014525	  0.12020874
  0.06811066	  0.12135696
 0.068208314	   0.1226387
 0.068309024	  0.12419891
 0.068411253	  0.12358093
 0.068502806	  0.12412262
 0.068598941	    0.123909
 0.068696596	  0.12283325
 0.068795778	   0.1244545
 0.068893433	   0.1224823
 0.068992615	  0.12122345
 0.069088742	  0.12000656
 0.069184877	  0.12272263
 0.069285586	  0.12179184
 0.069384769	  0.12385941
 0.069479369	  0.12433624
 0.069577023	  0.12631226
 0.069670103	  0.12769699
 0.069770813	  0.12856293
  0.06986542	  0.12837601
  0.06996765	  0.12918472
 0.070062257	  0.13114166
 0.070162967	  0.13211823
 0.070260622	  0.12852859
 0.070361331	  0.13182068
 0.070455931	  0.13214874
 0.070553586	  0.13079453
 0.070651248	  0.13351822
 0.070748903	  0.13436508
 0.070843503	  0.13506317
  0.07094574	  0.13539886
 0.071041867	   0.1360817
 0.071139529	  0.13623428
 0.071237184	  0.13354111
 0.071330264	  0.13648224
 0.071427919	  0.13714981
 0.071530148	  0.13705063
 0.071623228	  0.13804626
 0.071723938	  0.13842392
 0.071820065	  0.13829803
 0.071920775	  0.13834381
  0.07201843	  0.13841629
 0.072116092	  0.13883972
 0.072210692	  0.13945007
 0.072309874	  0.13938141
 0.072404481	  0.13989258
 0.072506711	  0.14063263
 0.072601318	  0.14031601
 0.072697446	  0.14096451
 0.072799683	  0.14144135
  0.07289429	  0.14160538
 0.072991945	  0.14154434
   0.0730896	  0.14218521
 0.073190309	  0.14286804
 0.073283389	   0.1428566
 0.073384091	  0.14321899
 0.073478699	  0.14347076
 0.073580936	  0.14379883
  0.07367859	  0.14413071
  0.07377319	  0.14467239
 0.073870853	  0.14492416
 0.073971555	  0.14535141
 0.074066162	   0.1456871
 0.074166872	  0.14590836
 0.074258424	  0.14605331
 0.074356079	  0.14605713
 0.074455261	  0.14615631
 0.074557498	  0.14644623
 0.074652098	  0.14666748
 0.074749753	  0.14702988
 0.074847415	  0.14722061
 0.074943542	  0.14753342
  0.07503815	  0.14781189
 0.075141907	    0.147892
 0.075234987	  0.14820099
 0.075332642	  0.14830399
 0.075433351	  0.14859009
 0.075531006	  0.14889145
 0.075624086	  0.14912796
 0.075726315	  0.14949417
 0.075823978	  0.14985657
 0.075921632	  0.15013885
 0.076016232	   0.1502037
 0.076113895	   0.1505127
 0.076211549	  0.15076065
 0.076309204	  0.15097809
 0.076406859	  0.15122223
 0.076507568	  0.15148544
 0.076602176	  0.15162659
 0.076702878	  0.15191269
 0.076799013	  0.15202332
  0.07689514	  0.15231705
 0.076992795	    0.152668
 0.077095032	  0.15287018
 0.077188112	  0.15291595
 0.077288821	  0.15332794
 0.077381894	  0.15359116
 0.077481076	    0.153862
 0.077575684	  0.15410614
 0.077674866	   0.1543808
 0.077775575	  0.15461349
 0.077870175	  0.15499496
 0.077964783	  0.15522766
  0.07806702	  0.15546036
 0.078163147	  0.15572739
 0.078262329	  0.15591049
 0.078356937	  0.15621948
 0.078459166	  0.15646744
 0.078552246	  0.15677643
 0.078652956	  0.15712738
  0.07875061	  0.15736771
 0.078848265	  0.15748978
 0.078948975	  0.15758896
 0.079045102	  0.15787125
 0.079138182	  0.15793991
 0.079234317	  0.15796661
 0.079336546	  0.15821838
 0.079434201	  0.15845108
 0.079528809	  0.15885544
 0.079629518	  0.15908051
 0.079727173	  0.15937805
 0.079824828	  0.15952301
 0.079922482	  0.15967178
  0.08001709	  0.16006851
 0.080114745	  0.16028976
 0.080213927	  0.16057587
 0.080310062	  0.16064453
 0.080407716	  0.16101837
 0.080505371	  0.16129303
 0.080604553	  0.16152191
 0.080702208	  0.16166687
 0.080798343	  0.16200638
 0.080895998	   0.1623497
 0.080996707	  0.16256332
 0.081091307	  0.16270828
 0.081188962	  0.16294479
 0.081286624	  0.16326141
 0.081384279	  0.16354752
 0.081481934	  0.16381073
 0.081579588	  0.16396713
  0.08167877	  0.16418839
 0.081776425	  0.16452789
  0.08187256	   0.1648407
  0.08197327	  0.16503143
  0.08206787	  0.16531372
 0.082164004	  0.16558075
 0.082261659	  0.16576385
 0.082363889	  0.16609955
 0.082455441	  0.16634369
 0.082557678	  0.16659546
  0.08265686	  0.16679382
 0.082754515	  0.16708374
 0.082847595	  0.16734314
 0.082949832	  0.16756821
 0.083042905	  0.16780853
  0.08313904	  0.16798401
 0.083236694	  0.16821671
 0.083340451	  0.16851044
 0.083433531	  0.16877365
 0.083532713	  0.16899872
 0.083630368	   0.1692276
 0.083726503	  0.16947556
 0.083824158	  0.16969681
  0.08392334	  0.16997147
 0.084019467	  0.17016602
 0.084117129	  0.17045975
 0.084213257	  0.17068863
 0.084313966	  0.17098999
 0.084408566	  0.17123032
 0.084506229	   0.1714859
 0.084603883	  0.17168045
 0.084704593	  0.17194748
 0.084802248	  0.17215347
 0.084899902	  0.17238617
  0.08499603	  0.17261124
 0.085093692	  0.17284393
 0.085189819	  0.17306137
 0.085287474	  0.17337036
 0.085380554	   0.1735611
 0.085485838	  0.17383575
 0.085583493	  0.17407227
 0.085682675	  0.17429352
  0.08577881	  0.17448807
 0.085874937	  0.17472458
 0.085971072	  0.17491531
 0.086070254	  0.17511749
 0.086166382	  0.17536545
 0.086267091	  0.17555237
 0.086363219	  0.17576981
 0.086459354	  0.17601013
 0.086560056	  0.17625809
 0.086654663	  0.17646027
  0.08675079	  0.17674637
 0.086849973	  0.17701721
  0.08694458	  0.17726517
  0.08704529	  0.17747116
 0.087141417	   0.1777153
 0.087242126	  0.17787933
 0.087336734	  0.17807007
 0.087435916	  0.17828751
 0.087535098	  0.17849731
 0.087632753	  0.17874908
  0.08772888	  0.17902374
 0.087828062	  0.17921448
 0.087925717	  0.17943192
 0.088020325	  0.17970657
 0.088116452	  0.17990112
 0.088217162	   0.1801796
 0.088308714	  0.18046951
 0.088412479	  0.18069458
 0.088507079	  0.18091583
 0.088604733	   0.1811142
  0.08870697	  0.18135834
 0.088803098	  0.18158722
 0.088897705	   0.1817894
  0.08899536	  0.18205643
 0.089093015	  0.18228912
 0.089190677	  0.18251038
 0.089288332	  0.18275452
 0.089389041	   0.1830368
 0.089486696	  0.18321228
 0.089582823	  0.18344116
 0.089675903	  0.18364716
  0.08977814	  0.18390274
 0.089875795	  0.18413162
 0.089971922	  0.18435669
 0.090069577	  0.18455505
 0.090170287	   0.1848259
 0.090264894	  0.18501663
 0.090365604	  0.18524933
 0.090460204	  0.18546295
 0.090557858	  0.18570328
 0.090655521	  0.18587494
 0.090756223	  0.18610382
 0.090849303	  0.18634796
 0.090948485	  0.18654633
  0.09104614	  0.18677139
 0.091143802	  0.18701172
 0.091241457	  0.18725586
 0.091342166	  0.18743134
 0.091435239	  0.18770218
 0.091534421	  0.18793869
 0.091632083	  0.18818665
 0.091729738	  0.18841553
 0.091824338	  0.18861008
 0.091925047	  0.18884277
 0.092022702	  0.18912506
 0.092123412	  0.18935776
 0.092213437	  0.18957901
 0.092315674	  0.18980408
 0.092413329	  0.19003677
 0.092510983	  0.19025421
 0.092608646	  0.19049454
   0.0927063	  0.19071579
 0.092802428	  0.19093704
 0.092900082	  0.19116974
 0.092999265	   0.1913681
 0.093095399	  0.19159698
 0.093193054	  0.19178772
 0.093290709	  0.19204712
 0.093389891	   0.1922226
 0.093486026	  0.19243622
 0.093583681	  0.19265747
  0.09368591	  0.19288635
 0.093777463	  0.19311142
 0.093878172	  0.19335175
 0.093975827	  0.19355011
 0.094073489	  0.19377518
 0.094168089	   0.1939888
 0.094268799	  0.19424057
 0.094364926	  0.19448471
 0.094461061	  0.19468689
 0.094558716	  0.19487762
 0.094656371	  0.19515228
 0.094752505	  0.19536591
 0.094854735	  0.19558716
  0.09495087	  0.19580078
 0.095046997	  0.19599915
 0.095144652	  0.19625092
 0.095245361	  0.19644928
 0.095339969	  0.19668579
 0.095437624	  0.19691086
 0.095536806	   0.1971283
 0.095632933	  0.19733429
 0.095727541	  0.19757843
 0.095831297	  0.19779205
 0.095925905	  0.19797897
  0.09602356	   0.1981926
 0.096122742	  0.19841385
 0.096221924	  0.19865417
 0.096313477	  0.19888306
 0.096415713	  0.19908142
 0.096511841	   0.1992836
 0.096609496	  0.19952393
  0.09670563	  0.19974136
 0.096804813	   0.1999855
 0.096902467	  0.20018005
 0.097000122	  0.20039368
  0.09709473	  0.20063019
 0.097196959	  0.20085144
 0.097290039	  0.20108795
 0.097390749	  0.20127869
 0.097488403	  0.20146179
 0.097586058	  0.20167542
 0.097682193	  0.20188522
 0.097781375	  0.20210648
  0.09787903	  0.20232773
 0.097976685	   0.2025528
 0.098072812	  0.20277405
 0.098175049	  0.20301437
 0.098268129	  0.20320892
 0.098364256	  0.20341492
 0.098464966	  0.20363998
 0.098561093	  0.20384979
 0.098654173	  0.20407104
 0.098759457	   0.2042923
 0.098855592	  0.20449066
 0.098953247	  0.20468521
 0.099047855	  0.20491028
 0.099150084	  0.20511627
 0.099243164	  0.20533752
 0.099342346	  0.20557022
 0.099438474	  0.20579529
 0.099537656	  0.20598984
 0.099633791	  0.20620728
   0.0997345	  0.20640564
 0.099830627	  0.20660019
  0.09992981	     0.20681
 0.099996947	  0.20701599
 0.099996947	  0.20723724
 0.099996947	  0.20745468
