-0.099539183	 -0.19424438
 -0.09944763	 -0.19682693
-0.099348448	 -0.19670486
-0.099255368	 -0.19626999
-0.099154666	 -0.19384384
-0.099060059	 -0.19494629
-0.098962404	 -0.19517517
-0.098864749	 -0.19496536
 -0.09876404	 -0.19484329
-0.098672487	 -0.19466782
-0.098567203	 -0.19427109
-0.098474123	  -0.1934166
-0.098373413	 -0.19260788
-0.098277286	 -0.19231796
-0.098181151	 -0.19281387
-0.098083496	 -0.19287491
-0.097984314	 -0.19268417
-0.097886659	 -0.19235992
-0.097787477	  -0.1918869
-0.097694397	 -0.19060135
 -0.09759216	 -0.18729401
 -0.09749756	 -0.18426514
-0.097398378	 -0.18216324
-0.097300723	 -0.18270874
-0.097201541	 -0.17971802
-0.097108461	 -0.17844772
-0.097012326	 -0.17121506
-0.096913144	  -0.1739006
-0.096813962	 -0.17057037
-0.096716307	 -0.16897583
 -0.09662018	 -0.16478729
-0.096520998	 -0.16811371
-0.096421815	 -0.17241287
-0.096328735	 -0.16873169
-0.096228026	 -0.16271591
-0.096133426	 -0.15526199
-0.096032716	 -0.14251709
-0.095935062	 -0.14266968
-0.095838927	 -0.14015961
-0.095742799	 -0.13866806
 -0.09564209	 -0.13661957
-0.095547482	 -0.12659073
-0.095445253	 -0.12494278
-0.095350645	 -0.12454987
-0.095251463	 -0.12341309
-0.095158383	 -0.12379456
-0.095057681	 -0.12418365
-0.094958499	 -0.12414932
-0.094860837	 -0.12236786
-0.094767764	 -0.12219238
-0.094665527	 -0.12320328
 -0.09457092	 -0.12161636
-0.094471738	 -0.10715485
-0.094377138	 -0.10318756
-0.094274901	 -0.10216141
-0.094181821	 -0.10125351
-0.094082639	-0.096969604
-0.093983456	-0.084884644
-0.093888856	-0.079372406
-0.093792722	-0.076950073
 -0.09369202	-0.072532654
-0.093594357	-0.071075439
-0.093495175	-0.070919037
-0.093400575	-0.069778442
-0.093298338	-0.068588257
-0.093203738	-0.067447662
-0.093106076	-0.067565918
-0.093008421	-0.065860748
-0.092909239	-0.064662933
-0.092813112	-0.058795929
-0.092712402	-0.057498932
-0.092614748	-0.056495667
-0.092518613	-0.055450439
-0.092422485	-0.053775787
-0.092321776	-0.052696228
-0.092230223	-0.052150726
-0.092129514	-0.052078247
-0.092033386	-0.051322937
-0.091937259	-0.050811768
-0.091841124	-0.050621033
 -0.09173584	-0.050369263
-0.091641232	-0.050006866
 -0.09154205	-0.049694061
-0.091444395	-0.049606323
-0.091346741	-0.049331665
-0.091255188	 -0.04870224
-0.091156006	-0.048736572
-0.091053769	-0.048465729
-0.090957642	-0.048458099
-0.090863034	-0.047420502
-0.090762332	-0.047199249
 -0.09066467	-0.047145844
-0.090563968	 -0.04668045
-0.090473935	-0.046783447
-0.090370178	 -0.04649353
-0.090277098	-0.046363831
-0.090176389	-0.046386719
-0.090080261	-0.045936584
-0.089985654	-0.046062469
-0.089886472	 -0.04524231
-0.089784242	-0.044849396
-0.089689635	-0.044338226
-0.089590453	  -0.0440979
-0.089495853	 -0.04372406
 -0.08939667	-0.043102264
-0.089300536	-0.043117523
-0.089202881	-0.043117523
-0.089106753	-0.042736053
-0.089009091	-0.042701721
-0.088912964	-0.042987823
 -0.08880768	-0.042617798
  -0.0887146	-0.042312622
 -0.08861389	-0.042129517
-0.088517763	-0.041614532
-0.088417053	 -0.04120636
-0.088323973	 -0.04083252
-0.088227846	-0.040649414
-0.088127136	-0.040184021
-0.088031009	-0.039737701
-0.087936401	 -0.03944397
-0.087834165	  -0.0391922
-0.087739564	-0.039196014
-0.087637328	-0.039115906
-0.087542728	-0.038722992
-0.087442018	-0.038505554
-0.087347411	-0.038291931
-0.087249756	 -0.03805542
-0.087153628	 -0.03799057
-0.087054446	 -0.03793335
-0.086959839	-0.037563324
-0.086859129	-0.037193298
-0.086763002	-0.036830902
 -0.08666382	-0.036354065
-0.086567685	-0.036266327
-0.086468503	-0.036026001
-0.086370848	-0.035785675
-0.086271666	-0.035461426
-0.086175539	-0.034889221
-0.086079404	-0.034973145
-0.085984804	-0.034584045
-0.085882567	 -0.03458786
-0.085784912	-0.034420013
-0.085687257	-0.034263611
-0.085591123	-0.034233093
 -0.08549194	-0.034172058
-0.085398868	-0.034152985
-0.085298158	-0.033992767
-0.085202023	-0.033615112
-0.085104369	 -0.03358078
-0.085009769	-0.033359528
-0.084909059	-0.033123016
-0.084811404	-0.033123016
-0.084712222	-0.032840729
-0.084616087	-0.032783508
-0.084515378	-0.032718658
-0.084420778	-0.032634735
-0.084321596	-0.032329559
-0.084225461	 -0.03232193
-0.084127806	-0.032314301
-0.084031679	-0.032238007
-0.083930969	-0.031898499
-0.083836362	-0.031822205
 -0.08373718	-0.031829834
-0.083639525	-0.031906128
-0.083540343	-0.031970978
-0.083445743	-0.031963348
-0.083349608	-0.031822205
-0.083251953	-0.031719208
-0.083151244	 -0.03162384
-0.083055116	-0.031276703
-0.082954407	-0.030704498
-0.082859799	-0.030342102
-0.082759097	-0.030075073
-0.082662962	-0.029689789
-0.082565308	-0.029575348
  -0.0824707	-0.029582977
-0.082369998	-0.029506683
-0.082275391	 -0.02942276
-0.082176208	-0.029453278
-0.082083128	-0.029468536
-0.081976317	-0.029464722
-0.081880189	-0.029346466
-0.081784055	-0.029460907
  -0.0816864	-0.029251099
-0.081588745	-0.029121399
-0.081494138	-0.029079437
-0.081394956	-0.028930664
-0.081297301	-0.028831482
-0.081198119	-0.028678894
-0.081103519	-0.028686523
-0.081002809	-0.028663635
-0.080906674	-0.028556824
-0.080807492	-0.028343201
-0.080709837	-0.028095245
-0.080612183	-0.027946472
 -0.08052063	-0.027816772
 -0.08041992	-0.027568817
-0.080320738	  -0.0272789
-0.080224611	-0.026958466
-0.080126956	-0.026748657
-0.080026247	-0.026618958
-0.079928592	 -0.02658844
-0.079832457	-0.026527405
 -0.07973633	-0.026321411
-0.079634093	 -0.02627182
 -0.07954254	-0.026279449
-0.079444885	-0.026195526
-0.079342648	-0.026050568
-0.079244994	-0.025814056
-0.079150394	-0.025535583
-0.079049684	-0.025230408
-0.078953549	-0.024932861
-0.078854367	-0.024742126
-0.078761294	-0.024627686
-0.078662112	-0.024635315
-0.078565978	-0.024536133
-0.078466795	-0.024559021
-0.078369141	-0.024524689
-0.078271486	-0.024581909
-0.078176878	-0.024459839
-0.078074649	-0.024307251
-0.077978514	-0.024246216
-0.077882387	-0.024188995
-0.077786252	-0.024093628
 -0.07768555	-0.023990631
-0.077590942	-0.023929596
-0.077488706	-0.023834229
-0.077394105	-0.023796082
-0.077294923	-0.023788452
-0.077201843	-0.023658752
-0.077099606	-0.023475647
-0.077003479	-0.023326874
-0.076904297	-0.023239136
-0.076808169	-0.023147583
-0.076708987	-0.023040771
 -0.07661438	-0.022930145
-0.076512143	-0.022846222
-0.076416016	-0.022697449
-0.076321408	-0.022541046
-0.076222226	-0.022468567
-0.076123044	-0.022354126
-0.076029971	-0.022197723
-0.075929262	-0.022140503
-0.075833127	-0.022018433
-0.075733945	 -0.02191925
-0.075639345	-0.021881104
-0.075537108	-0.021808624
 -0.07544098	-0.021720886
-0.075343326	-0.021644592
-0.075250246	 -0.02148819
-0.075148009	-0.021305084
-0.075051881	-0.021194458
-0.074951172	-0.021030426
-0.074856564	-0.020904541
-0.074760437	-0.020751953
-0.074662782	 -0.02066803
-0.074562073	-0.020565033
-0.074468993	-0.020412445
-0.074371338	-0.020305634
-0.074272156	-0.020198822
-0.074171446	-0.020103455
-0.074075319	-0.020038605
-0.073980711	-0.019950867
-0.073883057	-0.019535065
-0.073783875	 -0.01940155
-0.073687747	-0.019252777
-0.073588565	-0.019130707
-0.073489383	-0.019058228
-0.073393248	-0.019012451
-0.073298648	-0.018936157
-0.073196411	-0.018890381
-0.073101804	-0.018798828
-0.073004149	 -0.01871109
-0.072906494	-0.018623352
-0.072807312	-0.018535614
-0.072711185	-0.018451691
-0.072610475	-0.018306732
-0.072515868	-0.018192291
-0.072418213	-0.018131256
-0.072320558	-0.018016815
-0.072222903	-0.017925262
-0.072126769	-0.017837524
-0.072027586	-0.017780304
-0.071925357	-0.017730713
-0.071829222	-0.017631531
-0.071734622	-0.017597198
-0.071633913	-0.017486572
-0.071539305	-0.017383575
 -0.07144165	 -0.01733017
-0.071347043	-0.017242432
-0.071243286	-0.017177582
-0.071148679	-0.017082214
-0.071051024	-0.016929626
-0.070953369	-0.016792297
-0.070854187	-0.016757965
 -0.07075806	-0.016765594
-0.070658877	-0.016685486
-0.070559695	-0.016609192
-0.070465088	-0.016544342
-0.070367433	-0.016456604
-0.070266724	-0.016342163
-0.070173644	-0.016262054
-0.070074461	 -0.01618576
-0.069979861	-0.016136169
-0.069879152	-0.016036987
-0.069783017	-0.015960693
-0.069683835	-0.015850067
-0.069589235	-0.015766144
 -0.06949158	-0.015693665
-0.069390871	-0.015651703
-0.069293216	-0.015602112
-0.069201663	-0.015529633
-0.069097899	-0.015441895
-0.069003299	-0.015357971
-0.068905637	-0.015274048
-0.068807982	-0.015182495
  -0.0687088	-0.015087128
-0.068609618	-0.014957428
-0.068515018	-0.014930725
-0.068417355	-0.014839172
-0.068316653	-0.014762878
-0.068225101	-0.014671326
-0.068124391	-0.014595032
-0.068028256	-0.014533997
-0.067926027	-0.014469147
-0.067834474	 -0.01442337
-0.067733765	-0.014343262
 -0.06763611	-0.014255524
-0.067536928	 -0.01417923
-0.067440793	 -0.01411438
-0.067340091	-0.014045715
-0.067248538	-0.013965607
-0.067147829	-0.013877869
-0.067051694	-0.013774872
-0.066949464	-0.013690948
 -0.06685333	-0.013626099
-0.066755675	-0.013580322
-0.066659547	-0.013526917
-0.066561893	-0.013450623
 -0.06646423	 -0.01335907
-0.066363528	-0.013267517
-0.066268921	-0.013191223
-0.066172794	-0.013118744
-0.066076659	-0.013038635
-0.065972902	-0.012992859
-0.065881349	-0.012908936
-0.065779112	-0.012817383
-0.065682985	-0.012741089
 -0.06558533	 -0.01266098
 -0.06549225	-0.012599945
-0.065390013	-0.012535095
-0.065292358	-0.012504578
-0.065194704	-0.012451172
-0.065100096	-0.012374878
-0.064999387	-0.012302399
-0.064901732	-0.012229919
-0.064804077	-0.012184143
-0.064706422	 -0.01210022
-0.064608768	-0.012039185
 -0.06451416	-0.011978149
-0.064410403	-0.011894226
-0.064318851	-0.011829376
-0.064219669	-0.011768341
-0.064118959	-0.011722565
-0.064024352	-0.011665344
-0.063928224	-0.011611938
-0.063827515	-0.011547089
-0.063732907	-0.011489868
-0.063632205	 -0.01140976
-0.063540652	 -0.01134491
-0.063436888	-0.011276245
-0.063342288	-0.011219025
-0.063243106	-0.011135101
-0.063145444	-0.011062622
-0.063049316	-0.010971069
-0.062954709	-0.010906219
 -0.06285248	-0.010848999
-0.062757872	-0.010795593
 -0.06265869	-0.010749817
 -0.06256409	-0.010692596
 -0.06246338	-0.010631561
-0.062367249	-0.010566711
-0.062265016	-0.010494232
-0.062171936	-0.010429382
-0.062071227	-0.010368347
-0.061975099	-0.010295868
 -0.06187439	-0.010242462
-0.061779786	-0.010169983
-0.061682127	 -0.01007843
-0.061584473	 -0.01002121
-0.061486818	-0.0099716187
-0.061389159	-0.0099258423
-0.061291505	-0.0098724365
-0.061196901	-0.0098114014
-0.061096191	-0.0097618103
 -0.06100006	-0.0096893311
-0.060900878	-0.0096282959
-0.060806274	-0.0095672607
-0.060707092	-0.009513855
-0.060610961	-0.0094490051
-0.060507201	-0.0093765259
-0.060412597	-0.0093002319
-0.060317993	-0.0092430115
-0.060220338	-0.0091781616
-0.060118102	-0.0091285706
-0.060025025	-0.0090866089
-0.059927367	-0.0090408325
-0.059829712	-0.0089874268
 -0.05973053	-0.008934021
-0.059634399	-0.0088653564
-0.059530638	-0.0088043213
-0.059439085	-0.0087394714
-0.059341431	-0.0086898804
-0.059243776	-0.0086364746
-0.059143066	-0.0085678101
-0.059048463	-0.0084953308
-0.058947753	-0.0084342957
-0.058851622	-0.0083885193
-0.058755495	-0.0083312988
-0.058657836	-0.0082969666
 -0.05855713	-0.0082511902
 -0.05846405	-0.0081939697
-0.058363341	-0.0081481934
-0.058270264	-0.0080909729
-0.058169555	-0.0080337524
-0.058074951	-0.0079727173
-0.057972718	-0.0079345703
-0.057878114	-0.0078659058
-0.057780456	-0.0077972412
-0.057684325	-0.0077285767
-0.057583619	-0.0076675415
-0.057487488	-0.0076293945
-0.057388306	-0.0075912476
-0.057293702	-0.0075531006
-0.057192992	-0.0075111389
-0.057098389	-0.0074615479
-0.056996156	-0.007396698
-0.056903075	-0.0073547363
-0.056800842	-0.0073051453
-0.056707762	-0.0072402954
-0.056605529	-0.0071792603
-0.056510925	-0.0071334839
-0.056414794	-0.0070648193
-0.056314088	-0.0070037842
 -0.05621643	-0.0069503784
-0.056118775	-0.0069160461
-0.056021117	-0.0068893433
-0.055924989	-0.006855011
 -0.05582428	-0.0068054199
  -0.0557312	-0.0067634583
-0.055632018	-0.006690979
 -0.05553589	-0.0066452026
-0.055433653	-0.0065994263
-0.055337526	-0.0065460205
-0.055238344	-0.0065002441
-0.055145264	-0.0064430237
-0.055043031	-0.0063858032
-0.054946899	-0.0063362122
-0.054849245	-0.0062904358
-0.054757692	-0.0062637329
-0.054653931	 -0.00623703
-0.054560851	-0.0061912537
-0.054461669	-0.0061531067
-0.054364014	-0.0060958862
-0.054266356	-0.0060424805
-0.054168701	-0.0060081482
-0.054069519	-0.0059661865
-0.053971864	-0.0059204102
-0.053878784	-0.0058631897
-0.053778075	-0.0057907104
 -0.05368042	-0.0057754517
-0.053582765	-0.0057373047
-0.053488158	-0.0056877136
-0.053387452	-0.005645752
-0.053289793	-0.0055923462
-0.053189088	-0.0055465698
-0.053091429	-0.0055007935
-0.052996825	-0.0054740906
-0.052900694	-0.0054168701
 -0.05280304	-0.0053710938
 -0.05270233	-0.0053062439
-0.052607726	-0.0052642822
-0.052508544	-0.0052185059
-0.052407838	-0.0051994324
-0.052313231	-0.0051651001
-0.052215576	-0.0051383972
-0.052119445	-0.0050811768
-0.052017212	-0.0050392151
-0.051922608	-0.004989624
 -0.05182495	-0.0049514771
-0.051727295	-0.0049133301
-0.051631164	-0.0048675537
-0.051533509	-0.0048141479
  -0.0514328	-0.0047645569
-0.051339723	-0.0047225952
-0.051237486	-0.0046768188
-0.051138304	-0.0046386719
-0.051042177	-0.0046005249
-0.050946046	-0.0045852661
-0.050851442	-0.0045394897
-0.050753783	-0.0044937134
-0.050654601	-0.0044631958
 -0.05055847	-0.0044212341
-0.050457764	-0.0043754578
-0.050360106	-0.0043449402
-0.050265502	-0.0043029785
 -0.05016632	-0.0042648315
-0.050067138	-0.0042190552
-0.049974062	-0.0041618347
-0.049871825	-0.0041275024
-0.049777221	-0.0041046143
-0.049678039	-0.004070282
-0.049581908	-0.0040512085
-0.049482726	-0.0039978027
-0.049383543	-0.0039672852
 -0.04928894	-0.0039176941
-0.049188234	-0.0038871765
-0.049093626	-0.0038452148
-0.048997499	-0.003818512
-0.048899841	-0.0037651062
-0.048800658	-0.0037384033
-0.048703004	-0.0036888123
-0.048605345	-0.0036430359
-0.048504639	-0.003616333
-0.048410036	-0.003578186
-0.048313905	-0.0035552979
-0.048214722	-0.003528595
-0.048114013	-0.0034942627
-0.048016358	-0.003452301
-0.047920227	-0.0034141541
-0.047825623	-0.0033836365
-0.047726441	-0.0033531189
-0.047628783	-0.0033187866
-0.047531128	-0.003276825
-0.047433473	-0.003238678
-0.047334291	-0.0031967163
 -0.04723816	-0.0031547546
-0.047140501	-0.0031318665
-0.047044374	-0.0031051636
-0.046945192	-0.0030670166
-0.046847533	-0.0030479431
 -0.04675293	-0.0030097961
-0.046655275	-0.0029754639
-0.046556093	-0.0029525757
-0.046459962	-0.002910614
 -0.04636078	-0.0028839111
-0.046264648	-0.0028457642
-0.046163939	-0.0028076172
-0.046069335	-0.0027694702
-0.045970153	-0.0027427673
-0.045872498	-0.0027084351
 -0.04577484	-0.0026779175
-0.045678712	-0.0026550293
-0.045578003	-0.0026321411
-0.045484923	-0.0026054382
 -0.04538269	-0.0025749207
-0.045285035	-0.0025444031
-0.045188904	-0.0025138855
-0.045095824	-0.0024757385
-0.044996642	-0.0024452209
-0.044895936	-0.0024108887
-0.044798277	-0.0023841858
 -0.04470215	-0.0023422241
-0.044604491	-0.0023155212
-0.044506837	-0.0022888184
-0.044409178	-0.0022659302
-0.044311523	-0.002243042
-0.044213869	-0.0022125244
 -0.04411621	-0.0021934509
-0.044021606	-0.0021591187
-0.043923952	-0.0021324158
 -0.04382477	-0.0020980835
 -0.04372406	-0.0020828247
-0.043629456	-0.0020446777
-0.043527223	-0.0020256042
-0.043428041	-0.001991272
-0.043330383	-0.0019493103
-0.043234251	-0.0019264221
-0.043139648	-0.0019073486
-0.043045044	-0.0018806458
-0.042944334	-0.0018615723
 -0.04284668	-0.0018424988
-0.042752076	-0.0018157959
-0.042648315	-0.001789093
-0.042553712	-0.0017623901
-0.042457581	-0.0017433167
-0.042361449	-0.0017089844
-0.042263795	-0.0016899109
-0.042166136	-0.0016555786
-0.042068481	-0.0016288757
-0.041969299	-0.0015945435
-0.041876219	-0.0015678406
-0.041775513	-0.0015525818
-0.041674804	-0.001537323
-0.041575622	-0.0015182495
-0.041477967	-0.0014953613
-0.041381836	-0.0014686584
-0.041285705	-0.0014419556
-0.041189574	-0.0014266968
-0.041091919	-0.0013923645
-0.040995788	-0.0013809204
-0.040898133	-0.0013504028
-0.040800475	-0.0013198853
-0.040701292	-0.0012931824
-0.040603638	-0.0012741089
-0.040505983	-0.0012512207
-0.040408324	-0.0012359619
 -0.04031067	-0.0012207031
-0.040211488	-0.001209259
-0.040116884	-0.0011787415
-0.040017702	-0.0011520386
-0.039920043	-0.0011405945
-0.039825439	-0.0011138916
 -0.03972473	-0.0010986328
-0.039627075	-0.0010757446
 -0.03952942	-0.0010604858
-0.039431762	-0.0010223389
 -0.03933258	-0.0010147095
-0.039239503	-0.0009803772
-0.039141845	-0.0009765625
-0.039042663	-0.00094985962
-0.038943481	-0.00093841553
-0.038848877	-0.00091934204
-0.038748167	-0.00089645386
 -0.03865204	-0.00088500977
-0.038552858	-0.00085830688
-0.038455199	-0.0008430481
-0.038357545	-0.0008354187
-0.038261414	-0.00081253052
-0.038162231	-0.00078201294
-0.038064577	-0.00075912476
-0.037966918	-0.00074768066
-0.037872314	-0.00073242188
 -0.03777466	-0.00072479248
-0.037677001	-0.00070571899
-0.037577819	-0.0006942749
-0.037480164	-0.00067138672
-0.037380982	-0.00066375732
-0.037286378	-0.00064468384
 -0.03718872	-0.00062561035
-0.037091065	-0.00061416626
-0.036993407	-0.00059509277
-0.036892701	-0.00058746338
-0.036795042	-0.00056838989
-0.036700439	-0.00054931641
-0.036602784	-0.00053405762
-0.036505125	-0.00052642822
-0.036405943	-0.00051498413
-0.036312867	-0.00050354004
-0.036212157	-0.00048828125
-0.036116026	-0.00047302246
-0.036018372	-0.00045394897
-0.035919189	-0.00044631958
-0.035821535	-0.00043869019
-0.035726927	-0.00042724609
-0.035626221	-0.000415802
-0.035528563	-0.00038146973
-0.035430908	-0.00038146973
-0.035333253	-0.00037384033
-0.035238646	-0.00036239624
 -0.03513794	-0.00034332275
-0.035041809	-0.00033569336
-0.034942627	-0.00032424927
-0.034846496	-0.00032806396
 -0.03474579	-0.00030899048
-0.034649659	-0.00029373169
   -0.034552	-0.00028991699
-0.034454346	-0.0002822876
-0.034356691	-0.00026321411
 -0.03426056	-0.00026321411
-0.034162901	-0.00024414063
-0.034063719	-0.00024032593
-0.033969115	-0.00022888184
-0.033871461	-0.00021743774
-0.033772279	-0.00022125244
-0.033670045	-0.00021362305
-0.033576965	-0.00020980835
-0.033477783	-0.00019836426
-0.033383179	-0.00019073486
-0.033285521	-0.00018310547
-0.033187866	-0.00017547607
-0.033091735	-0.00017166138
-0.032989502	-0.00015258789
-0.032894898	-0.00014877319
 -0.03279724	-0.0001449585
-0.032699585	-0.0001373291
 -0.03260193	-0.0001373291
-0.032502748	-0.00011825562
-0.032406617	-0.00011444092
-0.032308958	-0.00011444092
-0.032211304	-0.00011444092
  -0.0321167	-0.00010681152
-0.032014467	-9.9182129e-005
-0.031919859	-9.1552734e-005
-0.031820677	-9.1552734e-005
-0.031721495	-9.1552734e-005
 -0.03162384	-9.5367432e-005
-0.031527709	-8.0108643e-005
-0.031430054	-7.6293945e-005
-0.031332396	-8.7738037e-005
-0.031233216	-7.6293945e-005
 -0.03113861	-6.4849854e-005
-0.031039428	-6.8664551e-005
 -0.03093872	-6.1035156e-005
-0.030844117	-6.4849854e-005
-0.030747985	-5.3405762e-005
-0.030645752	-5.3405762e-005
-0.030551147	-5.3405762e-005
-0.030453492	-4.5776367e-005
-0.030355835	-4.5776367e-005
-0.030256653	-5.7220459e-005
-0.030162048	-4.9591064e-005
-0.030062865	-4.9591064e-005
-0.029965211	-4.196167e-005
-0.029867554	-4.5776367e-005
-0.029768372	-4.5776367e-005
-0.029675294	-4.196167e-005
-0.029577637	-3.8146973e-005
 -0.02947998	-4.5776367e-005
-0.029379273	-4.196167e-005
-0.029281616	-4.9591064e-005
 -0.02918396	-3.8146973e-005
-0.029086303	-3.0517578e-005
-0.028988648	-3.0517578e-005
-0.028894043	-3.4332275e-005
 -0.02879486	-2.6702881e-005
-0.028695678	-3.0517578e-005
-0.028599549	-3.8146973e-005
-0.028503418	-1.9073486e-005
-0.028401185	-3.0517578e-005
-0.028305054	-2.6702881e-005
-0.028207397	-3.0517578e-005
-0.028111268	-3.0517578e-005
-0.028012086	-3.8146973e-005
 -0.02791748	-3.0517578e-005
-0.027819823	-2.6702881e-005
-0.027720641	-3.0517578e-005
-0.027624512	-3.0517578e-005
-0.027528381	-3.0517578e-005
-0.027426148	-2.6702881e-005
-0.027328491	-3.0517578e-005
-0.027233887	-2.6702881e-005
-0.027136231	-3.0517578e-005
-0.027035523	-2.2888184e-005
-0.026939392	-3.0517578e-005
-0.026843261	-2.2888184e-005
-0.026748657	-2.2888184e-005
 -0.02664795	-2.6702881e-005
-0.026553344	-2.2888184e-005
-0.026451111	-1.9073486e-005
 -0.02635498	-2.6702881e-005
-0.026257325	-2.6702881e-005
-0.026156615	-2.6702881e-005
-0.026062012	-2.2888184e-005
-0.025964355	-2.6702881e-005
-0.025869751	-2.6702881e-005
-0.025769044	-2.2888184e-005
-0.025671387	-2.2888184e-005
-0.025576781	-2.2888184e-005
-0.025476074	-2.2888184e-005
-0.025376892	-1.9073486e-005
-0.025280762	-2.2888184e-005
-0.025183106	-2.6702881e-005
-0.025083924	-2.2888184e-005
-0.024990845	-2.2888184e-005
-0.024891663	-2.6702881e-005
-0.024795532	-3.4332275e-005
-0.024697876	-3.0517578e-005
-0.024600219	-2.6702881e-005
-0.024499511	-1.9073486e-005
-0.024404908	-2.2888184e-005
  -0.0243042	-2.2888184e-005
-0.024209594	-2.6702881e-005
-0.024108887	-2.2888184e-005
-0.024014283	-3.0517578e-005
-0.023916626	-2.2888184e-005
 -0.02381897	-2.2888184e-005
-0.023722839	-1.9073486e-005
-0.023626709	-2.6702881e-005
-0.023526002	-3.0517578e-005
-0.023425292	-3.0517578e-005
-0.023329163	-2.2888184e-005
-0.023233032	-2.6702881e-005
-0.023132324	-2.2888184e-005
-0.023036193	-1.9073486e-005
-0.022940064	-2.6702881e-005
-0.022842407	-2.6702881e-005
-0.022744751	-2.6702881e-005
-0.022648621	-1.5258789e-005
-0.022546386	-3.0517578e-005
-0.022451783	-3.0517578e-005
  -0.0223526	-1.9073486e-005
-0.022254944	-2.6702881e-005
-0.022158813	-1.9073486e-005
-0.022064209	-2.6702881e-005
-0.021968078	-2.6702881e-005
-0.021865845	-2.2888184e-005
-0.021768188	-2.2888184e-005
-0.021670531	-2.2888184e-005
-0.021574402	-3.0517578e-005
-0.021476746	-2.6702881e-005
-0.021377563	-2.6702881e-005
-0.021279907	-2.2888184e-005
 -0.02118225	-1.9073486e-005
-0.021087646	-3.0517578e-005
 -0.02098999	-3.4332275e-005
-0.020892333	-3.0517578e-005
-0.020797729	-3.0517578e-005
-0.020697022	-2.2888184e-005
 -0.02059784	-2.2888184e-005
-0.020501709	-2.2888184e-005
-0.020401001	-3.0517578e-005
-0.020301819	-2.6702881e-005
-0.020204162	-2.2888184e-005
-0.020111084	-2.2888184e-005
-0.020013427	-2.2888184e-005
 -0.01991272	-1.9073486e-005
-0.019815063	-2.2888184e-005
-0.019718934	-3.0517578e-005
-0.019621277	-2.6702881e-005
-0.019522095	-3.0517578e-005
-0.019427489	-3.0517578e-005
-0.019328307	-1.9073486e-005
  -0.0192276	-2.2888184e-005
-0.019134521	-2.6702881e-005
-0.019036865	-1.9073486e-005
-0.018939208	-2.6702881e-005
-0.018838501	-2.2888184e-005
-0.018746948	-2.2888184e-005
-0.018643189	-3.0517578e-005
-0.018545533	-2.6702881e-005
-0.018449401	-3.0517578e-005
-0.018351745	-3.4332275e-005
-0.018252563	-2.6702881e-005
 -0.01816101	-2.2888184e-005
-0.018060302	-3.0517578e-005
 -0.01796112	-2.2888184e-005
-0.017866516	-2.2888184e-005
-0.017770385	-2.2888184e-005
-0.017669678	-2.2888184e-005
-0.017572021	-2.2888184e-005
-0.017474364	-2.6702881e-005
 -0.01737671	-1.9073486e-005
-0.017279053	-3.0517578e-005
-0.017182922	-2.2888184e-005
-0.017086793	-2.6702881e-005
-0.016987611	-3.0517578e-005
-0.016888428	-2.6702881e-005
-0.016793823	-2.6702881e-005
-0.016690064	-2.6702881e-005
-0.016596984	-2.2888184e-005
-0.016497802	-2.6702881e-005
-0.016400147	-1.9073486e-005
-0.016302491	-2.6702881e-005
-0.016207885	-2.6702881e-005
-0.016107177	-2.2888184e-005
-0.016011048	-2.2888184e-005
-0.015913391	-3.0517578e-005
 -0.01581726	-2.2888184e-005
-0.015713502	-2.2888184e-005
-0.015618896	-2.2888184e-005
-0.015519714	-2.2888184e-005
-0.015426636	-3.0517578e-005
-0.015322876	-3.0517578e-005
-0.015228271	-3.0517578e-005
-0.015135193	-3.0517578e-005
-0.015032959	-2.2888184e-005
-0.014938354	-3.4332275e-005
-0.014840698	-2.6702881e-005
 -0.01473999	-1.9073486e-005
-0.014642334	-2.2888184e-005
 -0.01454773	-2.2888184e-005
-0.014450073	-3.0517578e-005
-0.014352417	-2.2888184e-005
-0.014254761	-2.2888184e-005
-0.014157104	-2.6702881e-005
-0.014059449	-3.0517578e-005
-0.013961792	-2.6702881e-005
-0.013868714	-2.6702881e-005
 -0.01376648	-2.2888184e-005
-0.013668823	-1.5258789e-005
-0.013569641	-2.6702881e-005
-0.013473511	-2.2888184e-005
-0.013372803	-3.0517578e-005
-0.013278198	-2.2888184e-005
-0.013180542	-2.2888184e-005
-0.013082886	-2.2888184e-005
-0.012985229	-2.2888184e-005
-0.012887573	-3.0517578e-005
-0.012789917	-1.9073486e-005
-0.012692261	-2.2888184e-005
-0.012594605	-3.0517578e-005
-0.012496948	-2.2888184e-005
-0.012397766	-2.2888184e-005
-0.012304688	-2.2888184e-005
-0.012207031	-3.0517578e-005
-0.012109375	-2.6702881e-005
-0.012011719	-2.2888184e-005
-0.011914062	-2.6702881e-005
-0.011813355	-2.6702881e-005
-0.011712646	-3.0517578e-005
-0.011618042	-3.8146973e-005
-0.011520386	-2.2888184e-005
-0.011427308	-1.9073486e-005
-0.011326599	-1.5258789e-005
-0.011228943	-1.5258789e-005
-0.011134339	-1.5258789e-005
-0.011035156	-2.2888184e-005
  -0.0109375	-1.9073486e-005
-0.010835266	-1.9073486e-005
-0.010739136	-2.6702881e-005
 -0.01064148	-2.2888184e-005
-0.010546875	-1.9073486e-005
-0.010444641	-3.4332275e-005
-0.010353088	-2.6702881e-005
-0.010255432	-3.0517578e-005
 -0.01015625	-3.0517578e-005
-0.010057067	-2.2888184e-005
-0.0099624638	-2.6702881e-005
-0.0098602297	-1.9073486e-005
-0.0097671505	-2.6702881e-005
-0.0096649174	-3.0517578e-005
-0.0095703127	-2.2888184e-005
-0.0094696041	-3.0517578e-005
-0.0093765259	-3.0517578e-005
-0.0092788693	-2.2888184e-005
-0.0091796871	-3.0517578e-005
-0.0090820314	-2.2888184e-005
-0.0089874268	-2.2888184e-005
-0.0088867191	-3.0517578e-005
-0.0087890625	-2.2888184e-005
-0.0086914059	-2.2888184e-005
-0.0085952757	-2.6702881e-005
-0.0084945681	-2.6702881e-005
-0.0084030153	-3.0517578e-005
-0.0083038332	-1.9073486e-005
-0.0082031246	-2.6702881e-005
-0.0081054689	-3.0517578e-005
-0.0080108643	-2.2888184e-005
-0.0079101566	-3.0517578e-005
  -0.0078125	-1.9073486e-005
-0.0077148438	-3.0517578e-005
-0.0076171877	-2.2888184e-005
-0.0075164796	-2.6702881e-005
-0.0074249269	-2.2888184e-005
-0.0073242188	-2.2888184e-005
-0.0072265626	-2.6702881e-005
-0.0071334839	-2.2888184e-005
-0.0070312498	-1.9073486e-005
-0.0069335937	-2.2888184e-005
-0.0068389894	-1.9073486e-005
-0.0067428588	-2.6702881e-005
-0.0066375732	-3.4332275e-005
-0.0065475465	-1.9073486e-005
-0.0064453124	-2.2888184e-005
-0.0063522337	-2.2888184e-005
-0.0062515261	-2.6702881e-005
-0.0061584474	-1.5258789e-005
-0.0060546873	-3.0517578e-005
-0.0059570312	-1.5258789e-005
-0.005859375	-1.9073486e-005
-0.0057647703	-2.6702881e-005
-0.0056671142	-2.2888184e-005
-0.005569458	-2.6702881e-005
-0.0054733278	-2.2888184e-005
-0.0053741457	-3.0517578e-005
-0.0052764891	-1.9073486e-005
-0.0051773069	-2.6702881e-005
-0.0050796508	-1.9073486e-005
-0.0049789427	-1.9073486e-005
-0.0048858644	-3.0517578e-005
-0.0047851563	-1.9073486e-005
-0.0046905517	-2.2888184e-005
-0.0045944215	-2.2888184e-005
-0.0044982908	-2.6702881e-005
-0.0043945313	-1.9073486e-005
-0.0042984011	-2.6702881e-005
-0.0042007444	-3.0517578e-005
-0.0041046143	-2.2888184e-005
-0.0040039062	-2.2888184e-005
-0.0039123534	-2.6702881e-005
-0.0038116456	-2.2888184e-005
-0.0037155151	-2.2888184e-005
-0.003617859	-3.0517578e-005
-0.0035232543	-2.2888184e-005
-0.0034194947	-2.6702881e-005
 -0.00332489	-2.6702881e-005
-0.0032272339	-2.2888184e-005
-0.0031280518	-3.0517578e-005
-0.0030288696	-3.0517578e-005
-0.0029342652	-2.2888184e-005
-0.0028350831	-2.6702881e-005
-0.0027404786	-2.2888184e-005
-0.0026397705	-2.2888184e-005
-0.0025451661	-2.6702881e-005
-0.002444458	-2.2888184e-005
-0.0023483275	-1.5258789e-005
-0.0022491454	-2.2888184e-005
-0.0021514893	-2.2888184e-005
-0.0020538331	-2.2888184e-005
-0.0019561767	-2.6702881e-005
-0.0018600464	-1.9073486e-005
-0.0017608643	-2.6702881e-005
-0.0016662597	-2.2888184e-005
-0.0015686036	-3.0517578e-005
-0.0014678955	-1.5258789e-005
-0.001373291	-2.6702881e-005
-0.001272583	-2.2888184e-005
-0.0011779785	-2.6702881e-005
-0.0010772705	-2.6702881e-005
-0.00098419189	-1.9073486e-005
-0.00088500977	-1.5258789e-005
-0.00078735349	-2.2888184e-005
-0.00069122313	-2.2888184e-005
-0.00059356692	-2.2888184e-005
-0.00049133302	-1.9073486e-005
-0.00039672852	-2.6702881e-005
-0.00029754639	-2.2888184e-005
-0.00019989014	-2.2888184e-005
-0.00010070801	-2.6702881e-005
-1.0681152e-005	-2.2888184e-005
9.1552734e-005	-1.9073486e-005
0.00018768311	-1.9073486e-005
0.00028381348	-2.2888184e-005
0.00038146973	-2.2888184e-005
0.00048370362	-2.2888184e-005
0.00057983398	-3.0517578e-005
0.00067749026	-2.2888184e-005
0.00077514647	-3.0517578e-005
0.00087585452	-2.2888184e-005
0.00096740725	-3.8146973e-005
0.0010650635	-2.6702881e-005
0.0011627197	-2.6702881e-005
0.0012619018	-3.0517578e-005
0.0013595581	-2.2888184e-005
0.0014587402	-1.9073486e-005
0.0015533448	-2.6702881e-005
0.0016525269	-2.2888184e-005
0.0017486572	-2.2888184e-005
0.0018493652	-2.2888184e-005
0.0019439697	-3.0517578e-005
 0.002041626	-2.2888184e-005
0.0021362305	-2.2888184e-005
0.0022338866	-3.0517578e-005
0.0023345947	-1.9073486e-005
0.0024353028	-2.2888184e-005
 0.002531433	-1.9073486e-005
0.0026260377	-1.5258789e-005
0.0027252198	-2.2888184e-005
0.0028259277	-2.6702881e-005
0.0029220581	-1.9073486e-005
0.0030181885	-2.2888184e-005
0.0031158447	-1.9073486e-005
0.0032165528	-2.2888184e-005
0.0033096313	-3.0517578e-005
0.0034088134	-1.9073486e-005
0.0035064698	-2.2888184e-005
0.0036041259	-2.2888184e-005
0.0037017823	-1.9073486e-005
0.0037994385	-3.0517578e-005
0.0038955689	-2.2888184e-005
0.0039916993	-2.2888184e-005
0.0040924074	-2.2888184e-005
0.0041870116	-3.0517578e-005
0.0042846678	-3.0517578e-005
0.0043853759	-2.6702881e-005
 0.004484558	-3.0517578e-005
0.0045791627	-2.6702881e-005
0.0046768188	-2.2888184e-005
 0.004776001	-2.2888184e-005
0.0048706057	-2.2888184e-005
0.0049682618	-2.6702881e-005
0.0050674439	-2.2888184e-005
0.0051635741	-1.9073486e-005
0.0052581788	-2.2888184e-005
0.0053634644	-1.5258789e-005
0.0054565431	-2.6702881e-005
0.0055572512	-2.2888184e-005
0.0056518554	-2.2888184e-005
0.0057495115	-2.6702881e-005
0.0058456422	-2.2888184e-005
0.0059463503	-2.2888184e-005
0.0060424805	-2.6702881e-005
0.0061386107	-2.6702881e-005
0.0062362673	-2.6702881e-005
0.0063400269	-2.2888184e-005
 0.006436157	-2.2888184e-005
0.0065353392	-2.6702881e-005
0.0066299438	-1.9073486e-005
0.0067321779	-2.2888184e-005
0.0068222047	-1.9073486e-005
0.0069213868	-3.0517578e-005
0.0070205689	-1.5258789e-005
0.0071166991	-2.2888184e-005
0.0072143553	-2.2888184e-005
0.0073150634	-1.9073486e-005
0.0074127195	-2.6702881e-005
0.0075088502	-2.2888184e-005
0.0076065063	-3.4332275e-005
0.0077056885	-2.2888184e-005
0.0078002932	-2.6702881e-005
0.0078979488	-3.0517578e-005
0.0079986574	-1.9073486e-005
0.0080932621	-2.2888184e-005
0.0081878658	-2.2888184e-005
0.0082885744	-1.9073486e-005
0.0083862301	-2.6702881e-005
0.0084838867	-3.0517578e-005
0.0085830688	-1.9073486e-005
 0.008682251	-1.9073486e-005
0.0087753292	-2.2888184e-005
0.0088729858	-3.4332275e-005
 0.008969116	-3.4332275e-005
0.0090698246	-3.0517578e-005
0.0091644283	-2.6702881e-005
0.0092651369	-3.0517578e-005
 0.009364319	-2.6702881e-005
0.0094604492	-3.0517578e-005
0.0095565794	-3.0517578e-005
0.0096557615	-1.5258789e-005
0.0097503662	-2.6702881e-005
0.0098495483	-2.2888184e-005
 0.009947205	-3.0517578e-005
 0.010043335	-2.6702881e-005
 0.010140991	-2.6702881e-005
 0.010244751	-2.6702881e-005
 0.010336304	-2.2888184e-005
 0.010435486	-2.2888184e-005
 0.010534668	-2.2888184e-005
 0.010632324	-3.0517578e-005
 0.010726929	-2.6702881e-005
 0.010824585	-1.9073486e-005
 0.010922241	-2.2888184e-005
 0.011019898	-2.2888184e-005
 0.011117553	-1.9073486e-005
 0.011216735	-3.0517578e-005
 0.011314392	-2.2888184e-005
 0.011410522	-2.6702881e-005
 0.011508179	-2.2888184e-005
 0.011608887	-1.9073486e-005
 0.011703491	-3.0517578e-005
 0.011799621	-2.2888184e-005
 0.011898804	-1.9073486e-005
 0.011994934	-1.5258789e-005
 0.012094116	-3.0517578e-005
 0.012191772	-1.5258789e-005
  0.01229248	-2.2888184e-005
 0.012390137	-3.0517578e-005
 0.012484741	-2.2888184e-005
 0.012582397	-1.9073486e-005
 0.012678528	-3.4332275e-005
  0.01277771	-2.2888184e-005
 0.012875366	-2.2888184e-005
 0.012974548	-3.4332275e-005
 0.013069153	-2.6702881e-005
  0.01316986	-2.2888184e-005
 0.013265992	-2.2888184e-005
 0.013363647	-1.9073486e-005
 0.013461304	-2.6702881e-005
 0.013560486	-2.2888184e-005
 0.013653564	-2.2888184e-005
 0.013752746	-3.0517578e-005
 0.013851929	-2.6702881e-005
 0.013949585	-1.5258789e-005
 0.014047241	-2.6702881e-005
 0.014146423	-2.6702881e-005
  0.01424408	-2.2888184e-005
 0.014343262	-3.0517578e-005
  0.01443634	-1.9073486e-005
 0.014535522	-3.0517578e-005
 0.014631653	-3.0517578e-005
 0.014730835	-3.4332275e-005
 0.014826966	-2.6702881e-005
 0.014923096	-3.0517578e-005
 0.015020752	-2.2888184e-005
 0.015118408	-3.0517578e-005
 0.015219117	-1.9073486e-005
 0.015316772	-2.2888184e-005
 0.015412902	-2.6702881e-005
 0.015513611	-3.0517578e-005
 0.015606689	-2.2888184e-005
 0.015704345	-1.9073486e-005
 0.015802002	-2.6702881e-005
 0.015901184	-3.0517578e-005
 0.015997315	-2.2888184e-005
 0.016094971	-2.2888184e-005
 0.016192626	-2.2888184e-005
 0.016293336	-3.0517578e-005
 0.016389465	-1.5258789e-005
 0.016487122	-2.6702881e-005
 0.016583253	-2.6702881e-005
 0.016680907	-2.2888184e-005
 0.016778564	-3.0517578e-005
 0.016876221	-1.9073486e-005
 0.016970824	-3.0517578e-005
 0.017074585	-2.2888184e-005
 0.017170716	-1.9073486e-005
 0.017268371	-2.2888184e-005
 0.017366027	-1.9073486e-005
 0.017462159	-2.2888184e-005
 0.017559815	-2.2888184e-005
  0.01765747	-2.2888184e-005
 0.017755127	-3.0517578e-005
 0.017851258	-2.2888184e-005
 0.017948914	-2.6702881e-005
 0.018048096	-2.2888184e-005
 0.018145751	-3.4332275e-005
 0.018246461	-2.2888184e-005
 0.018341064	-1.5258789e-005
 0.018440247	-2.2888184e-005
 0.018533325	-2.2888184e-005
 0.018634032	-3.0517578e-005
 0.018731689	-3.0517578e-005
 0.018829346	-3.0517578e-005
 0.018927002	-3.0517578e-005
 0.019024659	-3.0517578e-005
 0.019119263	-1.9073486e-005
  0.01921997	-2.2888184e-005
 0.019314576	-1.5258789e-005
 0.019415284	-2.6702881e-005
 0.019506836	-1.5258789e-005
 0.019613648	-3.4332275e-005
 0.019709777	-2.2888184e-005
 0.019805908	-2.6702881e-005
 0.019900512	-2.6702881e-005
 0.020001221	-3.0517578e-005
   0.0200943	-2.2888184e-005
 0.020193482	-2.2888184e-005
 0.020292664	-1.9073486e-005
 0.020388793	-2.2888184e-005
  0.02048645	-1.9073486e-005
 0.020585632	-2.6702881e-005
 0.020681763	-2.2888184e-005
 0.020782471	-2.6702881e-005
 0.020880127	-3.0517578e-005
 0.020977784	-2.6702881e-005
 0.021072388	-2.2888184e-005
 0.021170044	-2.2888184e-005
 0.021267701	-3.0517578e-005
 0.021366883	-1.9073486e-005
 0.021461487	-2.2888184e-005
  0.02156372	-2.6702881e-005
 0.021661377	-2.2888184e-005
 0.021757508	-3.0517578e-005
 0.021855164	-2.2888184e-005
 0.021954346	-2.6702881e-005
  0.02204895	-2.2888184e-005
 0.022145081	-2.2888184e-005
 0.022241211	-3.0517578e-005
 0.022341918	-3.0517578e-005
 0.022438049	-2.2888184e-005
 0.022540282	-3.0517578e-005
 0.022636414	-3.4332275e-005
 0.022732545	-3.0517578e-005
 0.022830199	-1.1444092e-005
 0.022927856	-2.2888184e-005
 0.023022462	-2.2888184e-005
 0.023120116	-1.9073486e-005
 0.023219299	-2.2888184e-005
 0.023316955	-1.9073486e-005
 0.023416137	-1.5258789e-005
 0.023515319	-3.0517578e-005
 0.023611451	-2.2888184e-005
 0.023709107	-1.9073486e-005
 0.023806762	-2.2888184e-005
 0.023907471	-2.2888184e-005
 0.024002075	-2.2888184e-005
 0.024098206	-1.9073486e-005
 0.024197388	-2.6702881e-005
 0.024295043	-2.2888184e-005
 0.024389649	-1.9073486e-005
 0.024491882	-2.2888184e-005
 0.024588013	-2.2888184e-005
  0.02468567	-2.6702881e-005
 0.024781799	-2.2888184e-005
 0.024879456	-2.2888184e-005
 0.024977112	-2.6702881e-005
 0.025073241	-2.2888184e-005
 0.025172424	-2.2888184e-005
  0.02527008	-3.0517578e-005
 0.025363158	-3.0517578e-005
 0.025466919	-2.2888184e-005
 0.025561523	-2.6702881e-005
 0.025660705	-2.6702881e-005
 0.025756836	-2.6702881e-005
 0.025857544	-2.2888184e-005
 0.025949096	-3.0517578e-005
 0.026049804	-2.2888184e-005
  0.02614441	-2.6702881e-005
 0.026246643	-2.2888184e-005
 0.026339721	-3.0517578e-005
  0.02644043	-2.2888184e-005
 0.026538085	-2.6702881e-005
 0.026637267	-2.6702881e-005
 0.026730347	-3.0517578e-005
 0.026832581	-2.2888184e-005
 0.026927184	-2.2888184e-005
 0.027023315	-2.2888184e-005
 0.027120972	-2.2888184e-005
 0.027218629	-1.9073486e-005
 0.027319336	-2.2888184e-005
 0.027420044	-2.2888184e-005
 0.027513122	-1.5258789e-005
 0.027612304	-2.6702881e-005
 0.027711486	-1.1444092e-005
 0.027807618	-2.2888184e-005
  0.02789917	-2.2888184e-005
 0.027999878	-2.2888184e-005
 0.028097535	-1.9073486e-005
 0.028198242	-3.0517578e-005
  0.02829132	-2.2888184e-005
 0.028393555	-2.6702881e-005
  0.02849121	-3.0517578e-005
 0.028588867	-2.2888184e-005
 0.028683472	-2.2888184e-005
 0.028781127	-3.0517578e-005
 0.028877258	-1.9073486e-005
 0.028973389	-2.2888184e-005
 0.029072572	-2.6702881e-005
 0.029173279	-2.2888184e-005
 0.029266357	-1.5258789e-005
 0.029370118	-1.5258789e-005
 0.029464722	-2.2888184e-005
 0.029562378	-7.6293945e-006
  0.02966156	-1.9073486e-005
 0.029760743	-1.9073486e-005
 0.029855346	-1.5258789e-005
 0.029953003	-1.1444092e-005
 0.030049134	-1.1444092e-005
 0.030151367	-1.9073486e-005
 0.030245971	-7.6293945e-006
  0.03034668	           0
 0.030439759	-3.8146973e-006
 0.030541992	-7.6293945e-006
 0.030636597	-7.6293945e-006
 0.030737305	-7.6293945e-006
 0.030830383	7.6293945e-006
 0.030926514	-3.8146973e-006
 0.031025697	           0
  0.03112793	           0
 0.031221008	3.8146973e-006
 0.031321716	           0
 0.031419374	1.1444092e-005
 0.031513978	1.1444092e-005
 0.031611633	1.1444092e-005
 0.031712342	1.5258789e-005
 0.031805418	7.6293945e-006
 0.031906128	1.5258789e-005
 0.032000732	1.9073486e-005
 0.032101441	1.5258789e-005
 0.032196045	1.9073486e-005
 0.032296754	1.9073486e-005
 0.032391358	1.5258789e-005
 0.032492064	2.2888184e-005
 0.032589722	3.4332275e-005
 0.032687377	3.0517578e-005
  0.03277893	3.8146973e-005
 0.032881163	3.4332275e-005
 0.032980345	4.196167e-005
 0.033078004	4.5776367e-005
 0.033172607	5.3405762e-005
 0.033276368	4.5776367e-005
 0.033372499	5.7220459e-005
 0.033468626	6.1035156e-005
 0.033563234	6.8664551e-005
  0.03366394	6.8664551e-005
 0.033758543	6.8664551e-005
 0.033856202	7.6293945e-005
 0.033955384	8.392334e-005
 0.034054566	9.1552734e-005
 0.034150697	9.9182129e-005
 0.034251403	0.00010681152
 0.034347534	0.00011062622
 0.034445189	0.00011444092
 0.034539796	0.00011444092
 0.034640502	0.00011825562
 0.034735106	0.0001335144
 0.034835815	0.0001411438
 0.034930419	0.0001449585
 0.035028078	0.00016784668
 0.035124205	0.00015640259
 0.035226442	0.00016784668
 0.035322569	0.00017929077
   0.0354187	0.00018310547
 0.035514832	0.00019073486
 0.035615541	0.00019454956
 0.035710145	0.00021362305
 0.035806276	0.00021743774
 0.035906982	0.00022125244
 0.036001585	0.00024414063
 0.036100768	0.00025177002
 0.036201477	0.00026321411
 0.036297608	0.0002746582
 0.036398314	0.0002822876
 0.036492921	0.00028991699
 0.036593627	0.00030136108
 0.036688231	0.00032043457
  0.03678894	0.00031661987
 0.036882021	0.00033569336
 0.036982726	0.00035476685
 0.037075806	0.00035858154
  0.03717804	0.00036621094
 0.037275694	0.00038146973
 0.037371825	0.00039291382
 0.037469484	0.0004196167
  0.03757019	0.0004234314
 0.037658691	0.00044631958
 0.037762452	0.00045394897
 0.037857056	0.00046539307
 0.037953187	0.00048065186
  0.03805542	0.00049591064
 0.038153075	0.00051116943
 0.038249206	0.00051879883
 0.038345337	0.00053024292
 0.038442992	0.00054931641
 0.038543701	0.0005569458
 0.038641356	0.00057983398
 0.038739014	0.00060272217
 0.038833618	0.00062561035
 0.038931273	0.00063705444
 0.039027404	0.00065231323
 0.039129637	0.00066375732
 0.039225768	0.00067901611
  0.03932495	0.0007019043
 0.039419554	0.00072097778
 0.039517213	0.00073242188
 0.039616395	0.00074768066
 0.039712526	0.00076675415
 0.039810181	0.00077819824
 0.039909363	0.00079345703
 0.040002443	0.00081634521
   0.0401062	0.0008392334
 0.040203858	0.00086212158
 0.040298462	0.00088500977
 0.040394593	0.00090789795
 0.040496826	0.00092315674
  0.04059143	0.00093460083
 0.040690612	0.00096130371
 0.040786743	0.00098419189
 0.040884398	0.00099945068
 0.040980529	0.0010147095
 0.041078188	0.0010299683
  0.04117737	0.0010490417
 0.041275024	0.0010795593
 0.041375734	0.0011138916
 0.041470338	0.0011291504
 0.041566469	 0.001159668
 0.041662596	0.0011787415
 0.041763306	0.0011863708
 0.041857909	 0.001209259
 0.041955568	0.0012435913
 0.042056274	0.0012664795
 0.042153932	 0.001285553
 0.042248536	0.0013084412
 0.042350769	0.0013160706
 0.042448424	0.0013542175
 0.042538453	0.0013809204
 0.042643737	0.0014038086
 0.042738341	0.0014305115
 0.042837523	0.0014533997
 0.042935181	0.0014762878
 0.043035887	0.0015068054
  0.04312744	0.0015220642
 0.043225098	0.0015487671
  0.04332123	0.0015563965
 0.043420412	  0.00157547
 0.043516539	0.0016174316
 0.043618776	0.0016441345
 0.043716431	0.0016708374
 0.043811034	0.0017089844
 0.043908693	 0.001739502
 0.044006348	0.0017547607
  0.04410553	0.0017852783
 0.044203185	0.0018081665
 0.044299316	0.0018310547
 0.044398498	0.0018615723
 0.044493102	0.0018844604
 0.044596862	0.0019073486
 0.044692993	0.0019302368
 0.044792175	0.0019607544
 0.044885255	0.0019950867
 0.044985961	0.0020217896
 0.045080565	0.0020599365
 0.045178223	0.0020904541
 0.045275878	0.0021133423
 0.045373537	0.0021476746
 0.045469664	0.0021743774
 0.045568846	0.0022010803
 0.045666505	0.0022315979
  0.04576721	0.0022697449
 0.045861818	0.0022888184
    0.045961	0.0023040771
 0.046058655	  0.00233078
 0.046154786	0.0023727417
 0.046252441	0.0024108887
 0.046350099	0.0024337769
 0.046444703	0.0024719238
 0.046545409	0.0025177002
 0.046643067	0.0025367737
 0.046740722	0.0025672913
 0.046839904	0.0026092529
 0.046937563	0.0026397705
 0.047030639	0.0026626587
 0.047128297	0.0027008057
 0.047225952	0.0027275085
 0.047326662	 0.002746582
 0.047421265	0.0027770996
 0.047523499	0.0028152466
 0.047621153	0.0028457642
 0.047717284	0.0028953552
 0.047810365	0.0029296875
 0.047912598	0.0029602051
 0.048007201	0.0029983521
 0.048106384	0.0030212402
 0.048202515	0.0030593872
 0.048301697	0.0031013489
 0.048397828	0.0031242371
 0.048498534	 0.003162384
 0.048596192	0.0031929016
 0.048693847	0.0032272339
 0.048793029	0.0032577515
 0.048892211	 0.003288269
 0.048985291	0.0033378601
 0.049081422	0.0033798218
 0.049176026	0.0034217834
 0.049278259	0.0034561157
 0.049375914	0.0034866333
 0.049473573	0.0035247803
 0.049569704	0.0035552979
 0.049668886	0.0036010742
 0.049766541	0.0036468506
 0.049862672	0.0036735535
 0.049957275	 0.003692627
 0.050057985	0.0037269592
 0.050154112	0.0037612915
 0.050256349	0.0037956238
 0.050347902	0.0038452148
 0.050451659	0.0038909912
 0.050546266	 0.003944397
 0.050643921	0.0039749146
 0.050741576	0.0040168762
 0.050840758	0.0040550232
 0.050936889	0.0040969849
 0.051029969	0.0041275024
 0.051129151	0.0041694641
 0.051228333	0.0042037964
 0.051330566	0.0042419434
 0.051426698	0.0042724609
 0.051524352	0.0043106079
 0.051617432	0.0043563843
 0.051718138	  0.00440979
 0.051818848	0.0044517517
 0.051908873	0.0045013428
 0.052009583	0.0045433044
 0.052107237	0.0045700073
 0.052204896	0.0046234131
 0.052301027	0.0046615601
 0.052401733	0.0047073364
 0.052499391	0.0047531128
 0.052597046	0.0047721863
  0.05269165	0.0048027039
 0.052792359	0.0048446655
  0.05288849	0.0048942566
 0.052980043	0.0049514771
 0.053080749	0.0049972534
 0.053179931	0.0050544739
 0.053277589	0.0050926208
 0.053375244	0.0051307678
 0.053475954	0.0051841736
 0.053570557	0.0052261353
 0.053668212	0.0052642822
 0.053765871	0.0053100586
 0.053860474	0.0053482056
  0.05396118	0.0053749084
 0.054058839	0.0054092407
 0.054156493	0.0054626465
 0.054255676	0.0055160522
 0.054354858	0.0055732727
  0.05444641	0.0056190491
  0.05454712	0.0056762695
 0.054644775	0.0057296753
 0.054742433	0.0057678223
 0.054837037	0.0058174133
 0.054936219	 0.005859375
 0.055035401	0.0059051514
 0.055131532	0.0059623718
 0.055230714	0.0059967041
 0.055328369	0.0060348511
 0.055427551	 0.006072998
 0.055523682	0.0061264038
 0.055618286	0.0061836243
 0.055718996	0.0062446594
 0.055813599	0.0062980652
 0.055912782	0.0063438416
 0.056008913	0.0063934326
 0.056106567	0.0064353943
 0.056202698	0.0064811707
 0.056304932	0.0065345764
 0.056404114	0.0065879822
 0.056501769	0.0066261292
   0.0565979	0.0066719055
 0.056695558	0.0067100525
 0.056790162	0.0067596436
 0.056887817	0.0068130493
 0.056986999	0.0068893433
  0.05708313	 0.006942749
 0.057180785	0.0069961548
 0.057281494	0.0070495605
 0.057382204	0.0070877075
 0.057476807	0.0071487427
 0.057571411	 0.007194519
 0.057672121	0.0072555542
 0.057766724	0.0073127747
 0.057864379	0.0073509216
 0.057962038	0.0073928833
  0.05806122	0.0074310303
 0.058154296	 0.007484436
 0.058255006	0.0075416565
 0.058355711	0.0076141357
 0.058450319	 0.007686615
 0.058547974	0.0077209473
 0.058648683	0.0077972412
 0.058743287	0.0078430176
 0.058840942	 0.007900238
 0.058935545	0.0079536438
 0.059034728	0.0080184937
 0.059132386	  0.00806427
 0.059233092	0.0081100464
  0.05933075	0.0081558228
 0.059428405	0.0082092285
 0.059524536	 0.008266449
 0.059622191	0.0083274841
 0.059716798	0.0084037781
 0.059817504	0.0084686279
 0.059915163	0.0085220337
 0.060012817	0.0085792542
 0.060107421	0.0086364746
 0.060208131	 0.008682251
 0.060305785	0.0087509155
 0.060404968	0.0088119507
 0.060501099	0.0088653564
  0.06059723	0.0089111328
 0.060693361	0.0089645386
 0.060791016	0.0090141296
 0.060891725	0.0090789795
  0.06098938	0.0091514587
 0.061087035	0.0092353821
 0.061184693	0.0093002319
 0.061283875	0.0093536377
 0.061378479	0.0094108582
 0.061476134	0.0094718933
 0.061573792	0.0095176697
 0.061669923	0.0095901489
 0.061769105	0.0096588135
 0.061865233	0.0097122192
 0.061964415	0.0097579956
 0.062059022	0.0098114014
 0.062161256	0.0098724365
  0.06225891	0.0099449158
 0.062356569	 0.010009766
 0.062454224	 0.010093689
 0.062551878	 0.010158539
 0.062648013	 0.010223389
 0.062745668	 0.010276794
 0.062840268	  0.01033783
 0.062942505	 0.010398865
 0.063037112	 0.010471344
 0.063137814	 0.010528564
 0.063235477	   0.0105896
 0.063330077	 0.010635376
 0.063427731	 0.010704041
 0.063526914	 0.010757446
 0.063619994	  0.01083374
 0.063717648	 0.010925293
 0.063816831	 0.011016846
 0.063916013	 0.011070251
  0.06401062	 0.011138916
 0.064112857	  0.01121521
  0.06420593	 0.011276245
 0.064309694	  0.01134491
 0.064405821	 0.011405945
 0.064500429	 0.011474609
 0.064599611	 0.011528015
 0.064694211	 0.011573792
  0.06479492	 0.011646271
 0.064892575	 0.011726379
 0.064987183	 0.011817932
 0.065089419	 0.011901855
 0.065185547	 0.011978149
 0.065284729	 0.012046814
 0.065377809	 0.012104034
 0.065478519	 0.012184143
 0.065573119	 0.012245178
 0.065673828	 0.012317657
 0.065768436	 0.012386322
  0.06586609	 0.012443542
 0.065963745	 0.012504578
 0.066064455	 0.012546539
 0.066162109	 0.012611389
 0.066259764	 0.012687683
 0.066357419	 0.012783051
 0.066455081	 0.012878418
 0.066548154	 0.012950897
 0.066650391	 0.013019562
 0.066748045	  0.01309967
  0.06684418	 0.013160706
 0.066937253	 0.013198853
 0.067041017	 0.013275146
 0.067135617	 0.013343811
 0.067233279	 0.013431549
 0.067330934	 0.013515472
 0.067428589	 0.013607025
 0.067524716	 0.013698578
 0.067626953	 0.013767242
 0.067723081	 0.013820648
 0.067822263	  0.01386261
  0.06791687	 0.013931274
 0.068014525	  0.01399231
 0.068109132	 0.014057159
 0.068206787	 0.014118195
 0.068305969	   0.0141716
 0.068405151	 0.014228821
 0.068502806	 0.014282227
 0.068603516	 0.014381409
 0.068699643	 0.014469147
 0.068797305	 0.014549255
 0.068891905	 0.014614105
 0.068992615	 0.014667511
 0.069085695	 0.014762878
 0.069189452	 0.014770508
 0.069282532	  0.01486969
 0.069384769	 0.014972687
 0.069479369	 0.015026093
 0.069580078	 0.015087128
 0.069674686	 0.015125275
  0.06977234	 0.015190125
 0.069869995	 0.015277863
  0.06996765	 0.015384674
 0.070062257	 0.015449524
 0.070164487	 0.015483856
 0.070257567	 0.015583038
 0.070359804	 0.015621185
 0.070452884	 0.015693665
 0.070552066	 0.015769958
 0.070651248	 0.015842438
 0.070748903	 0.015907288
 0.070843503	 0.015960693
 0.070944212	 0.015995026
 0.071041867	 0.016067505
 0.071136475	 0.016136169
 0.071234129	 0.016220093
 0.071333311	 0.016311646
 0.071429446	 0.016387939
 0.071530148	 0.016441345
 0.071627811	 0.016525269
 0.071722411	 0.016601563
 0.071817018	 0.016693115
 0.071922302	  0.01676178
 0.072015382	 0.016777039
 0.072116092	 0.016868591
 0.072212219	 0.016880035
 0.072308347	 0.017063141
 0.072406009	 0.017097473
 0.072506711	 0.017131805
 0.072602846	 0.017295837
 0.072698973	  0.01738739
 0.072792053	 0.017505646
  0.07289581	 0.017562866
 0.072991945	 0.017650604
   0.0730896	 0.017711639
 0.073184207	 0.017780304
 0.073284909	  0.01789093
 0.073382571	 0.017990112
 0.073484801	 0.018054962
 0.073580936	 0.018074036
 0.073677063	 0.018138885
 0.073770143	 0.018241882
 0.073872373	 0.018295288
 0.073965453	 0.018348694
 0.074066162	  0.01845932
 0.074163817	 0.018547058
 0.074261472	 0.018722534
 0.074354552	 0.018764496
 0.074452206	 0.018825531
 0.074551389	  0.01890564
 0.074652098	  0.01902771
 0.074748233	 0.019111633
  0.07484436	 0.019207001
 0.074943542	 0.019241333
 0.075044252	 0.019332886
 0.075138852	 0.019371033
 0.075236514	 0.019477844
 0.075332642	 0.019584656
 0.075431824	 0.019668579
 0.075527951	 0.019752502
 0.075628661	 0.019802094
 0.075723268	 0.019886017
 0.075825498	 0.020050049
 0.075918578	 0.020168304
 0.076016232	 0.020252228
 0.076113895	 0.020366669
 0.076213077	 0.020404816
 0.076307677	 0.020492554
 0.076406859	 0.020568848
 0.076506041	 0.020690918
 0.076602176	 0.020702362
 0.076696776	 0.020797729
 0.076797485	 0.020637512
  0.07689514	 0.020812988
 0.076992795	 0.021038055
 0.077090457	  0.02110672
 0.077188112	 0.021377563
 0.077282712	 0.021320343
 0.077383421	 0.021438599
 0.077481076	 0.021438599
 0.077580258	 0.021484375
 0.077674866	 0.021453857
 0.077777103	 0.021629333
 0.077871703	 0.021644592
  0.07796631	 0.021839142
  0.07806702	  0.02186203
 0.078167722	 0.022121429
 0.078260802	 0.022136688
 0.078361511	 0.022281647
 0.078460693	  0.02230835
 0.078552246	 0.022346497
 0.078649901	 0.022499084
  0.07875061	 0.022678375
 0.078848265	 0.022830963
   0.0789444	 0.022888184
 0.079040527	 0.023075104
 0.079141237	 0.023124695
 0.079235837	 0.023292542
 0.079336546	 0.023365021
 0.079432681	 0.023563385
 0.079531863	 0.023601532
 0.079626463	 0.023826599
 0.079725645	 0.023891449
  0.07982178	 0.023929596
 0.079919435	 0.024108887
  0.08001709	 0.024219513
 0.080116272	 0.024303436
 0.080210879	 0.024482727
 0.080310062	  0.02457428
 0.080407716	 0.024597168
 0.080505371	 0.024742126
 0.080599979	 0.024730682
 0.080700681	 0.024875641
 0.080798343	 0.025016785
 0.080897525	 0.025287628
 0.080993652	  0.02538681
 0.081094362	 0.025505066
 0.081188962	 0.025550842
 0.081288144	 0.025680542
 0.081387326	 0.025707245
 0.081484988	 0.025783539
 0.081579588	 0.025814056
 0.081680298	 0.025714874
 0.081774905	  0.02557373
  0.08187256	 0.025665283
 0.081970215	 0.025836945
 0.082069397	 0.026050568
 0.082165524	 0.026168823
 0.082266234	 0.026317596
 0.082363889	 0.026306152
 0.082458496	 0.026367188
 0.082553104	  0.02652359
 0.082655333	 0.026638031
 0.082751468	 0.026756287
 0.082849123	 0.026947021
 0.082943723	 0.026950836
 0.083044432	 0.027290344
 0.083142087	 0.027591705
 0.083238222	  0.02759552
 0.083337404	 0.027786255
 0.083433531	 0.028076172
 0.083532713	 0.028400421
 0.083631895	 0.028610229
 0.083726503	  0.02866745
 0.083825685	 0.028747559
 0.083920285	 0.028842926
 0.084019467	 0.028614044
 0.084115602	 0.028339386
 0.084213257	 0.028438568
 0.084317014	 0.028598785
 0.084411621	 0.028884888
 0.084504701	 0.029346466
 0.084606931	 0.029605865
 0.084703065	 0.029693604
 0.084802248	 0.029655457
 0.084898375	 0.029838562
  0.08499603	 0.029899597
  0.08508911	 0.030170441
 0.085191347	 0.030250549
 0.085290529	 0.030384064
 0.085385129	 0.030223846
 0.085485838	 0.030540466
 0.085586548	 0.030384064
 0.085678101	 0.030628204
 0.085775755	 0.030578613
  0.08587341	 0.030986786
 0.085971072	 0.031421661
 0.086068727	 0.031135559
 0.086172484	   0.0313797
 0.086265564	 0.031925201
 0.086363219	 0.032154083
 0.086456299	 0.032123566
 0.086560056	 0.032566071
  0.08665619	 0.032871246
 0.086753845	 0.033073425
 0.086849973	 0.033748627
 0.086947635	 0.033721924
  0.08704529	 0.033397675
 0.087145999	 0.033550262
 0.087240599	 0.034065247
 0.087341309	 0.033958435
 0.087435916	 0.034244537
 0.087533571	 0.034233093
 0.087628171	 0.034797668
  0.08772888	 0.035053253
 0.087825015	 0.035240173
 0.087924197	 0.035312653
 0.088020325	 0.035259247
 0.088119507	 0.034915924
 0.088215634	 0.034713745
 0.088314816	 0.034999847
 0.088409424	 0.035118103
 0.088510133	 0.035694122
 0.088603213	 0.036022186
  0.08870697	  0.03660202
 0.088803098	 0.036991119
 0.088899232	 0.037521362
 0.088998415	 0.037086487
 0.089099124	 0.037010193
 0.089196779	 0.037212372
 0.089291379	 0.037651062
 0.089392088	 0.037765503
 0.089489743	 0.038078308
 0.089582823	 0.038074493
 0.089683533	 0.038829803
  0.08977966	 0.038993835
 0.089878842	 0.038879395
 0.089974977	 0.038764954
 0.090072632	 0.038761139
 0.090170287	 0.038761139
 0.090269469	  0.03862381
 0.090368651	  0.03868866
 0.090463258	 0.039646149
 0.090560913	  0.03660965
 0.090658568	 0.036502838
 0.090754703	 0.036891937
  0.09085083	  0.03768158
 0.090950012	 0.037536621
  0.09104614	 0.038200378
 0.091148376	  0.03855896
 0.091241457	 0.039134979
 0.091345213	 0.039024353
 0.091436766	 0.038761139
  0.09154053	 0.039466858
  0.09163513	 0.039020538
 0.091732785	 0.039604187
  0.09182892	 0.040512085
 0.091929629	 0.039833069
 0.092024229	 0.040721893
 0.092121884	  0.04158783
 0.092218019	 0.042079926
 0.092318729	 0.042327881
 0.092413329	 0.042732239
 0.092514038	 0.042545319
 0.092607118	 0.042942047
 0.092709348	 0.043704987
 0.092803955	 0.043369293
 0.092904665	 0.043766022
 0.093002319	 0.044559479
 0.093098447	 0.045261383
 0.093194582	 0.045593262
 0.093292236	 0.045562744
 0.093389891	 0.045913696
 0.093489073	 0.045894623
 0.093585208	 0.046253204
  0.09368439	 0.047080994
 0.093783572	 0.047492981
 0.093881227	 0.047756195
 0.093977354	 0.047286987
 0.094073489	 0.047874451
 0.094171144	 0.049110413
 0.094268799	 0.048355103
 0.094363406	  0.04927063
 0.094465636	 0.049575806
 0.094564818	 0.049316406
 0.094662473	  0.05059433
  0.09475708	 0.051860809
 0.094856262	 0.052043915
 0.094949342	 0.053630829
 0.095053099	 0.054962158
 0.095147707	 0.055351257
 0.095246889	 0.055915833
 0.095339969	 0.057437897
 0.095442198	  0.05764389
  0.09554138	 0.059326172
 0.095635988	 0.059082031
 0.095733643	 0.058109283
 0.095831297	 0.058265686
 0.095925905	 0.057849884
 0.096025087	 0.057376862
 0.096124269	 0.059494019
 0.096224979	 0.060752869
 0.096316531	 0.061977386
 0.096420288	 0.063549042
 0.096514896	 0.064071655
 0.096614078	 0.063610077
 0.096710205	 0.064014435
  0.09680786	 0.065425873
 0.096899413	 0.087005615
 0.097003177	 0.088630676
  0.09709473	  0.12648773
 0.097198486	  0.12760544
 0.097293094	  0.13365936
 0.097393796	  0.13485336
 0.097494505	  0.13655472
 0.097587585	  0.14289856
 0.097686768	  0.13993454
  0.09778595	  0.13175583
 0.097882077	  0.13218689
 0.097978212	  0.13489532
 0.098072812	  0.13866043
 0.098175049	  0.14601517
 0.098263547	  0.15699005
 0.098371886	  0.15507507
 0.098468021	  0.15995026
 0.098567203	  0.17010498
  0.09866333	  0.16708755
 0.098760985	   0.1671257
 0.098852538	  0.17524719
 0.098956302	  0.15723038
 0.099050902	  0.15838623
 0.099143982	   0.1751976
 0.099246219	  0.17770004
 0.099343874	  0.17947769
 0.099440001	  0.18751526
 0.099539183	  0.18672562
 0.099639893	  0.18213272
 0.099740602	  0.19533539
 0.099835202	  0.19400024
 0.099932864	  0.19760513
 0.099996947	  0.19701004
 0.099996947	  0.19596481
 0.099996947	  0.19844437
