-0.099545285	 -0.20625687
-0.099444583	 -0.20603561
-0.099349976	 -0.20583725
-0.099250793	  -0.2056427
-0.099153139	 -0.20542526
-0.099057004	 -0.20521545
-0.098957822	 -0.20501328
-0.098861694	  -0.2048111
 -0.09876404	 -0.20460129
-0.098667905	 -0.20439529
-0.098571777	 -0.20418549
-0.098471068	 -0.20396423
-0.098373413	 -0.20376968
-0.098278806	 -0.20355988
-0.098181151	 -0.20335007
-0.098081969	 -0.20315552
-0.097982787	 -0.20293808
-0.097885132	 -0.20272446
-0.097787477	 -0.20251846
-0.097689822	 -0.20230103
-0.097593687	 -0.20211411
-0.097494505	 -0.20189285
-0.097398378	 -0.20169449
-0.097300723	 -0.20148468
-0.097203061	 -0.20128632
-0.097105406	 -0.20107269
-0.097009279	  -0.2008667
-0.096908569	 -0.20065308
-0.096813962	  -0.2004509
-0.096716307	 -0.20024109
 -0.09662018	 -0.20002365
-0.096516415	 -0.19981384
-0.096423343	 -0.19960785
-0.096327208	 -0.19940948
-0.096228026	 -0.19919586
-0.096128844	 -0.19897461
-0.096032716	  -0.1987648
-0.095933534	 -0.19854736
-0.095835879	 -0.19835663
-0.095739745	 -0.19813538
 -0.09564209	 -0.19792557
 -0.09554138	 -0.19772339
 -0.09544678	 -0.19750977
-0.095349118	  -0.1973114
-0.095251463	 -0.19709015
-0.095150754	 -0.19688034
-0.095057681	 -0.19668198
-0.094958499	 -0.19647217
-0.094860837	 -0.19626617
-0.094761655	 -0.19605637
-0.094667055	 -0.19585037
-0.094566345	 -0.19563293
-0.094473265	 -0.19543076
-0.094374083	 -0.19522095
-0.094277956	 -0.19500732
-0.094178773	 -0.19480133
-0.094082639	 -0.19460297
-0.093981937	 -0.19438171
-0.093884274	 -0.19417572
-0.093788147	 -0.19397354
 -0.09369354	 -0.19377899
 -0.09359131	 -0.19356537
-0.093496703	 -0.19335938
-0.093399048	 -0.19315338
-0.093301393	 -0.19294739
-0.093199156	 -0.19272995
-0.093106076	 -0.19252396
-0.093005374	 -0.19231033
-0.092909239	  -0.1920929
-0.092813112	 -0.19189453
-0.092715457	 -0.19169617
-0.092614748	 -0.19147491
-0.092517093	 -0.19126892
-0.092419431	 -0.19104767
-0.092323303	 -0.19084167
-0.092225648	 -0.19063187
-0.092127994	 -0.19041443
-0.092030331	 -0.19021606
-0.091934204	 -0.19001389
-0.091833495	 -0.18979263
-0.091737367	 -0.18958282
-0.091641232	  -0.1893692
-0.091546632	 -0.18917465
-0.091445923	 -0.18895721
-0.091348268	 -0.18877029
-0.091242984	 -0.18854523
-0.091154478	 -0.18835068
-0.091055296	 -0.18813705
-0.090956114	 -0.18792343
-0.090856932	 -0.18771744
-0.090762332	     -0.1875
 -0.09066467	 -0.18729019
-0.090567015	 -0.18708801
-0.090470888	 -0.18688965
-0.090371706	 -0.18667603
-0.090270996	 -0.18646622
-0.090176389	 -0.18624878
-0.090077206	  -0.1860466
-0.089984134	 -0.18582535
-0.089881897	 -0.18562698
-0.089788817	 -0.18540955
-0.089686587	 -0.18519974
-0.089593507	 -0.18499374
-0.089497373	 -0.18478775
-0.089395143	 -0.18457413
-0.089299008	 -0.18435669
-0.089202881	 -0.18415451
-0.089103699	 -0.18393707
-0.089007571	 -0.18372726
-0.088906862	 -0.18351746
-0.088812254	 -0.18330383
-0.088711545	 -0.18309402
-0.088616945	  -0.1828804
 -0.08851929	 -0.18267059
-0.088421628	  -0.1824646
-0.088323973	 -0.18225098
-0.088226318	 -0.18204498
-0.088127136	  -0.1818161
-0.088027954	 -0.18161392
-0.087931827	 -0.18139648
-0.087835692	 -0.18118286
-0.087733462	 -0.18097305
-0.087640382	 -0.18077087
  -0.0875412	 -0.18055344
-0.087445065	 -0.18034363
-0.087344363	 -0.18012238
-0.087249756	 -0.17990875
-0.087152101	 -0.17969513
-0.087054446	 -0.17948532
-0.086955264	 -0.17926407
-0.086862184	 -0.17905426
-0.086763002	 -0.17884445
-0.086666867	  -0.1786232
-0.086566165	 -0.17841339
 -0.08647003	 -0.17819977
-0.086370848	 -0.17798615
-0.086276248	 -0.17777634
-0.086175539	 -0.17755127
-0.086076356	 -0.17733002
-0.085980222	 -0.17711639
-0.085885622	 -0.17689514
-0.085784912	 -0.17668915
-0.085690305	 -0.17647171
 -0.08559265	  -0.1762619
-0.085496522	 -0.17604065
-0.085394286	 -0.17583847
-0.085299686	 -0.17560959
-0.085200503	 -0.17538834
-0.085101321	 -0.17517471
-0.085005186	 -0.17496109
-0.084910586	 -0.17475128
 -0.08480835	 -0.17453766
-0.084712222	 -0.17430878
 -0.08461456	 -0.17408752
-0.084516905	 -0.17388153
-0.084420778	 -0.17365646
-0.084324643	 -0.17346191
-0.084223941	  -0.1732254
-0.084124759	 -0.17300797
-0.084030151	  -0.1727829
-0.083932497	 -0.17257309
-0.083834842	 -0.17235565
 -0.08373566	 -0.17213821
-0.083639525	 -0.17192459
 -0.08354187	 -0.17169571
-0.083444215	 -0.17146301
-0.083343506	 -0.17124939
-0.083248898	 -0.17101288
-0.083151244	 -0.17079926
-0.083052061	 -0.17057419
-0.082958981	 -0.17034149
-0.082858279	 -0.17012024
-0.082760617	 -0.16992188
-0.082662962	 -0.16970062
-0.082565308	 -0.16946411
-0.082467653	 -0.16924667
-0.082369998	 -0.16900635
-0.082270816	 -0.16879272
-0.082174681	 -0.16854095
-0.082077026	 -0.16833878
-0.081980899	 -0.16807556
-0.081881717	 -0.16788101
-0.081784055	 -0.16766357
-0.081689455	 -0.16742706
-0.081588745	  -0.1672287
 -0.08149109	 -0.16701126
-0.081396483	 -0.16679382
-0.081295773	 -0.16656494
-0.081198119	 -0.16631317
-0.081100464	 -0.16610336
-0.081005856	 -0.16591263
-0.080905154	 -0.16566849
-0.080807492	 -0.16545486
-0.080709837	 -0.16523743
-0.080612183	 -0.16500854
-0.080514528	 -0.16480255
 -0.08041992	 -0.16455841
-0.080319211	  -0.1643486
-0.080221556	 -0.16409302
-0.080123901	 -0.16387177
-0.080029294	 -0.16364288
-0.079927064	 -0.16340256
-0.079832457	 -0.16322708
 -0.07973633	  -0.1629982
-0.079638675	 -0.16277313
-0.079536438	 -0.16256714
-0.079444885	  -0.1623497
-0.079342648	 -0.16213608
-0.079244994	 -0.16188049
-0.079148866	 -0.16164017
-0.079055786	 -0.16142654
-0.078955077	 -0.16119385
-0.078857422	 -0.16100693
-0.078759767	 -0.16074371
-0.078660585	 -0.16055298
 -0.07856293	 -0.16032791
-0.078466795	 -0.16009521
-0.078369141	 -0.15986252
-0.078271486	 -0.15967941
-0.078172304	 -0.15943909
-0.078076169	 -0.15913391
-0.077978514	 -0.15890503
-0.077883914	 -0.15868759
-0.077784732	 -0.15847778
 -0.07768555	 -0.15825653
-0.077586368	 -0.15804291
 -0.07749176	 -0.15783691
-0.077394105	 -0.15761948
-0.077291869	 -0.15739822
-0.077200316	 -0.15715027
-0.077101134	 -0.15691376
-0.077005006	 -0.15667725
-0.076905824	 -0.15644836
-0.076806642	 -0.15622711
-0.076708987	 -0.15600586
-0.076611325	 -0.15578079
 -0.07651367	 -0.15555954
-0.076417543	 -0.15531158
-0.076316833	 -0.15507507
-0.076223753	 -0.15483093
-0.076126099	  -0.1546669
-0.076026917	 -0.15435028
-0.075927734	  -0.1541748
-0.075833127	 -0.15388489
-0.075730897	 -0.15364456
 -0.07563629	 -0.15343094
-0.075534061	  -0.1532135
-0.075442508	 -0.15299225
-0.075341798	 -0.15277481
-0.075247191	 -0.15255737
-0.075149536	 -0.15232086
-0.075051881	 -0.15216827
-0.074952699	  -0.1518898
-0.074858092	 -0.15166473
-0.074757382	  -0.1514473
-0.074661255	 -0.15123367
  -0.0745636	 -0.15102768
-0.074465945	 -0.15080643
-0.074365236	 -0.15054321
-0.074272156	 -0.15033722
-0.074172974	 -0.15011597
-0.074073792	 -0.14989853
-0.073977664	 -0.14974213
-0.073883057	 -0.14945602
  -0.0737793	 -0.14923477
-0.073681638	 -0.14900208
-0.073587038	 -0.14880753
-0.073489383	 -0.14855957
-0.073388673	 -0.14834976
-0.073297121	 -0.14817047
-0.073197939	 -0.14793396
-0.073101804	 -0.14770508
-0.073004149	 -0.14747238
-0.072904967	 -0.14724731
-0.072804257	 -0.14702225
 -0.07270813	 -0.14680099
-0.072608948	 -0.14658356
-0.072515868	 -0.14634705
-0.072416686	 -0.14611053
-0.072320558	 -0.14588547
-0.072221376	 -0.14565659
-0.072123721	 -0.14543152
-0.072027586	 -0.14519501
-0.071929932	  -0.1449585
-0.071829222	 -0.14471054
-0.071733095	 -0.14449692
-0.071633913	 -0.14424896
-0.071539305	 -0.14400101
-0.071440123	 -0.14376831
-0.071343996	 -0.14353561
-0.071243286	 -0.14331818
-0.071147159	 -0.14310455
-0.071051024	 -0.14287186
-0.070954897	 -0.14264679
 -0.07085266	 -0.14245605
 -0.07075958	 -0.14218521
 -0.07065735	 -0.14195633
-0.070562743	 -0.14169312
-0.070463561	 -0.14144897
-0.070367433	 -0.14122009
-0.070268251	 -0.14096832
-0.070173644	 -0.14069366
-0.070074461	 -0.14049911
-0.069979861	 -0.14019394
-0.069877625	 -0.13979721
-0.069781497	 -0.13970566
-0.069683835	 -0.13964844
-0.069589235	 -0.13940048
-0.069486998	 -0.13915253
-0.069393918	 -0.13892365
-0.069296263	 -0.13867188
-0.069195554	 -0.13838196
-0.069096372	 -0.13820267
-0.069003299	 -0.13792038
-0.068901062	 -0.13768768
-0.068803407	 -0.13749313
-0.068705752	 -0.13725281
-0.068611145	 -0.13700867
-0.068511963	 -0.13676071
-0.068415835	 -0.13650513
-0.068315126	 -0.13632965
-0.068218991	 -0.13605499
-0.068121336	 -0.13580704
-0.068026736	 -0.13565445
-0.067926027	 -0.13534164
-0.067831419	  -0.1350441
 -0.06773071	 -0.13488388
-0.067637637	 -0.13469315
-0.067536928	  -0.1344986
-0.067439273	 -0.13422775
-0.067343138	 -0.13393021
-0.067245483	 -0.13368607
-0.067146301	 -0.13362122
-0.067051694	 -0.13331604
-0.066947937	 -0.13311005
-0.066854857	 -0.13281631
-0.066754147	 -0.13252258
-0.066659547	 -0.13246155
-0.066558838	 -0.13205719
-0.066465758	 -0.13176346
-0.066366576	 -0.13146973
-0.066268921	 -0.13130951
-0.066172794	 -0.13114929
-0.066072084	 -0.13080215
-0.065972902	 -0.13056564
-0.065878294	 -0.13041687
-0.065777585	 -0.13020706
-0.065684512	 -0.12999725
-0.065582275	 -0.12971878
-0.065486148	 -0.12930679
-0.065390013	  -0.1292038
-0.065292358	  -0.1289978
-0.065194704	 -0.12874222
-0.065098569	 -0.12849426
-0.064999387	 -0.12830734
-0.064903259	 -0.12817764
-0.064801022	 -0.12776947
-0.064706422	 -0.12763977
-0.064605713	 -0.12727737
 -0.06451416	 -0.12700653
-0.064414978	 -0.12679291
-0.064315796	 -0.12657928
-0.064218141	  -0.1263237
-0.064123534	 -0.12615585
-0.064021304	 -0.12591171
-0.063925169	 -0.12570953
-0.063830569	 -0.12539291
-0.063731387	 -0.12520218
-0.063630678	 -0.12495041
-0.063539125	 -0.12480164
-0.063439943	  -0.1244545
-0.063342288	 -0.12429047
-0.063243106	 -0.12404633
-0.063146971	 -0.12375259
-0.063047789	 -0.12355804
-0.062951662	 -0.12341309
-0.062855527	 -0.12291336
-0.062756345	 -0.12295151
-0.062655643	 -0.12253189
-0.062562563	 -0.12227249
 -0.06246338	 -0.12196732
-0.062365722	   -0.121521
-0.062265016	 -0.12117767
-0.062170409	 -0.12105179
-0.062069703	 -0.12085342
-0.061970521	  -0.1204834
-0.061875917	   -0.120224
-0.061779786	 -0.11990356
-0.061680604	 -0.11994171
-0.061587524	 -0.11972046
-0.061486818	 -0.11935043
-0.061389159	 -0.11881256
-0.061289977	 -0.11847687
-0.061195374	 -0.11846924
-0.061096191	 -0.11815643
-0.060998537	 -0.11794662
-0.060897827	 -0.11756897
-0.060803223	 -0.11713409
-0.060705565	 -0.11700821
-0.060612489	 -0.11700439
-0.060511779	 -0.11687469
-0.060415648	 -0.11672592
-0.060314942	   -0.116539
-0.060221862	 -0.11598587
-0.060116578	 -0.11614609
-0.060021974	 -0.11584473
-0.059924316	 -0.11555099
-0.059829712	 -0.11534119
-0.059729002	 -0.11509323
-0.059634399	 -0.11486053
-0.059536744	 -0.11476517
-0.059439085	 -0.11466217
 -0.05933838	 -0.11428833
-0.059243776	 -0.11386108
-0.059143066	 -0.11374664
-0.059046935	 -0.11309052
-0.058944702	 -0.11336136
-0.058850098	 -0.11319351
 -0.05875244	 -0.11276627
-0.058657836	 -0.11243439
-0.058563232	  -0.1121254
 -0.05846405	 -0.11199188
-0.058364868	 -0.11175537
-0.058268737	 -0.11142349
-0.058166504	 -0.11116791
  -0.0580719	  -0.1111412
-0.057969667	 -0.11082077
-0.057876587	 -0.11063385
-0.057772826	 -0.11024094
-0.057684325	 -0.11014557
-0.057585143	 -0.10997009
 -0.05748596	 -0.10969925
-0.057386778	 -0.10897827
-0.057293702	 -0.10889435
-0.057189941	 -0.10947037
-0.057095338	 -0.10923386
-0.056996156	  -0.1089859
-0.056900024	 -0.10874176
 -0.05680237	 -0.10771561
-0.056704711	 -0.10726547
-0.056610107	 -0.10604095
-0.056510925	 -0.10604095
-0.056414794	 -0.10543442
-0.056317139	 -0.10536957
-0.056213379	 -0.10554123
-0.056118775	 -0.10485077
-0.056021117	 -0.10437393
-0.055923462	  -0.1043129
-0.055822752	 -0.10360336
-0.055726625	 -0.10337448
-0.055630494	  -0.1036644
 -0.05553589	 -0.10302734
-0.055438232	 -0.10290146
-0.055340577	 -0.10268784
-0.055236816	 -0.10246277
-0.055145264	 -0.10245514
-0.055044554	 -0.10204315
-0.054946899	 -0.10185623
-0.054849245	 -0.10148621
-0.054754637	 -0.10176849
-0.054655455	-0.099868774
-0.054559328	-0.099853516
-0.054458618	-0.099746704
-0.054365538	-0.099872589
-0.054260254	-0.099510193
 -0.05416565	-0.099308014
-0.054067992	-0.098937988
-0.053971864	-0.098869324
-0.053875733	-0.098384857
-0.053778075	 -0.09822464
-0.053677369	-0.098320007
-0.053582765	-0.097808838
-0.053480528	-0.097633362
-0.053385925	 -0.09709549
 -0.05328827	 -0.09677887
-0.053193666	-0.095794678
-0.053092957	-0.096012115
-0.052995302	-0.095928192
-0.052899171	 -0.09569931
-0.052798461	-0.095062256
-0.052700806	-0.095104218
-0.052603148	-0.094875336
-0.052505493	-0.094478607
-0.052412413	-0.094360352
-0.052313231	-0.093021393
-0.052218627	-0.093063354
-0.052117921	-0.093219757
-0.052023314	-0.093078613
-0.051919557	-0.092735291
-0.051826477	-0.092559814
-0.051728822	-0.092224121
-0.051631164	-0.092014313
-0.051531982	-0.092002869
-0.051438905	-0.090068817
-0.051336668	-0.089607239
-0.051239014	-0.090087891
-0.051142883	-0.089744568
  -0.0510437	-0.089832306
-0.050946046	-0.090244293
-0.050852966	-0.089626312
-0.050750732	-0.089332581
-0.050654601	-0.088550568
-0.050556947	-0.088428497
-0.050460815	-0.088256836
-0.050360106	-0.087738037
-0.050262451	-0.087352753
-0.050167847	-0.086845398
-0.050070189	-0.086864471
-0.049969483	-0.086406708
-0.049873352	-0.087436676
-0.049772643	 -0.08681488
-0.049679566	 -0.08649826
-0.049578857	-0.086349487
-0.049484253	-0.084896088
-0.049385071	 -0.08506012
-0.049287416	-0.085475922
-0.049189758	-0.085132599
-0.049092103	-0.084514618
-0.048994444	-0.083629608
-0.048899841	-0.083190918
-0.048802186	-0.081840515
-0.048699953	-0.082302094
-0.048605345	-0.082759857
-0.048509218	-0.083538055
-0.048406981	-0.083683014
-0.048312377	-0.083599091
-0.048214722	-0.083499908
-0.048120119	-0.083305359
-0.048017882	-0.082725525
-0.047923278	-0.082717896
-0.047827147	-0.081329346
-0.047726441	-0.081230164
-0.047628783	-0.080581665
-0.047529601	-0.079860687
-0.047436524	  -0.0795784
-0.047338866	-0.079399109
 -0.04723816	-0.078342438
-0.047140501	-0.078315735
-0.047044374	-0.077758789
-0.046948243	-0.077480316
-0.046847533	-0.077125549
-0.046749879	-0.076625824
 -0.04665222	-0.075370789
-0.046557616	-0.074531555
-0.046456911	-0.074008942
-0.046362303	-0.073684692
-0.046264648	-0.072055817
-0.046166994	-0.071025848
-0.046066284	-0.071224213
-0.045970153	-0.070281982
-0.045875549	-0.069980621
-0.045776367	-0.069927216
-0.045678712	-0.069847107
-0.045578003	 -0.06893158
-0.045483399	-0.068286896
-0.045385741	-0.068267822
-0.045288086	-0.067352295
-0.045190431	-0.066875458
-0.045092773	-0.067050934
-0.044995118	-0.066791534
-0.044897459	-0.066665649
-0.044796754	-0.066188812
-0.044700623	-0.066661835
-0.044607542	-0.066631317
-0.044505309	-0.065944672
-0.044409178	-0.065704346
-0.044311523	-0.064918518
-0.044213869	-0.065109253
 -0.04411621	-0.064620972
-0.044021606	-0.064220428
-0.043920897	-0.064109802
 -0.04382477	-0.062774658
 -0.04372406	  -0.0623703
 -0.04363098	-0.061344147
-0.043525696	-0.061649323
-0.043432616	-0.062015533
-0.043334961	-0.061725616
-0.043234251	-0.061229706
-0.043138124	-0.061859131
-0.043041993	-0.061527252
-0.042944334	 -0.06086731
 -0.04284668	-0.060783386
-0.042747498	-0.060771942
-0.042649843	-0.060173035
-0.042550661	-0.060077667
-0.042456053	-0.060203552
-0.042361449	-0.060665131
-0.042262267	-0.060436249
-0.042163085	-0.059841156
-0.042068481	-0.059650421
-0.041970827	 -0.05947876
-0.041870117	-0.059684753
-0.041777037	-0.058963776
-0.041676331	-0.058933258
-0.041577149	-0.058624268
-0.041482545	-0.058296204
-0.041381836	-0.057601929
-0.041287232	-0.057804108
-0.041184999	-0.057723999
-0.041088868	-0.057342529
-0.040991209	-0.056480408
-0.040893555	-0.056007385
-0.040797424	-0.055706024
-0.040699769	-0.055419922
 -0.04060211	-0.055118561
-0.040505983	 -0.05475235
-0.040408324	-0.054683685
-0.040309142	 -0.05424881
-0.040211488	-0.054012299
-0.040115356	-0.053699493
-0.040017702	 -0.05342865
-0.039920043	 -0.05311203
-0.039822388	-0.052871704
 -0.03972473	-0.052417755
-0.039627075	-0.052330017
-0.039530944	-0.051994324
-0.039431762	-0.051620483
-0.039334107	-0.051166534
-0.039236449	-0.050785065
-0.039141845	-0.050418854
-0.039041139	-0.050067902
-0.038943481	-0.049667358
-0.038842775	-0.049312592
-0.038749695	 -0.04889679
-0.038650513	-0.048786163
-0.038554382	-0.048519135
-0.038455199	-0.048286438
-0.038360596	-0.048084259
-0.038264465	-0.047523499
-0.038163759	-0.047332764
-0.038064577	-0.046985626
-0.037966918	-0.046825409
-0.037869263	-0.046611786
-0.037776183	-0.046360016
 -0.03767395	 -0.04599762
-0.037576295	-0.045555115
-0.037478637	-0.045215607
-0.037384033	-0.045005798
-0.037283324	-0.044834137
-0.037187196	-0.044631958
-0.037088014	-0.044300079
-0.036990356	-0.043922424
-0.036895752	-0.043651581
 -0.03679657	 -0.04335022
-0.036697388	-0.043052673
-0.036599733	-0.042835236
-0.036505125	-0.042449951
 -0.03640442	-0.042156219
-0.036306761	-0.041828156
-0.036209106	-0.041606903
-0.036111452	-0.041374207
-0.036016844	-0.041217804
-0.035919189	-0.040985107
-0.035820007	-0.040756226
-0.035723876	-0.040470123
-0.035626221	-0.040172577
-0.035528563	-0.039932251
-0.035430908	-0.039646149
-0.035330199	-0.039363861
-0.035234071	-0.039100647
-0.035136413	-0.038768768
-0.035041809	-0.038326263
-0.034942627	-0.037963867
-0.034846496	-0.037670135
-0.034747314	-0.037387848
-0.034651183	-0.037242889
-0.034550477	-0.037067413
-0.034455873	-0.036922455
-0.034356691	-0.036773682
-0.034259032	-0.036594391
-0.034162901	-0.036365509
-0.034063719	-0.036018372
-0.033966064	-0.035793304
-0.033869933	-0.035495758
-0.033770751	-0.035247803
 -0.03367462	-0.034988403
-0.033575438	-0.034751892
-0.033474732	 -0.03446579
-0.033378601	-0.034263611
-0.033285521	-0.034080505
-0.033184815	-0.033931732
-0.033085633	-0.033679962
-0.032989502	-0.033473969
-0.032893371	 -0.03320694
-0.032794189	-0.033016205
-0.032696534	-0.032794952
 -0.03260193	-0.032604218
-0.032504272	-0.032337189
-0.032402039	-0.032039642
-0.032308958	-0.031784058
-0.032209776	-0.031528473
-0.032110594	-0.031318665
-0.032012939	-0.031162262
-0.031915285	-0.030982971
-0.031819154	-0.030769348
-0.031719971	-0.030544281
 -0.03162384	-0.030281067
-0.031524658	-0.030067444
-0.031427003	-0.029830933
-0.031332396	 -0.02961731
-0.031233216	-0.029396057
-0.031137085	-0.029148102
-0.031039428	   -0.028862
-0.030941773	-0.028617859
-0.030841064	-0.028438568
-0.030743409	-0.028263092
-0.030647278	-0.028091431
-0.030552674	-0.027896881
-0.030450439	-0.027687073
-0.030358886	 -0.02747345
-0.030258179	-0.027267456
-0.030160522	-0.027053833
-0.030062865	-0.026847839
-0.029962158	-0.026611328
-0.029867554	 -0.02627182
-0.029771423	-0.026115417
-0.029673766	-0.025947571
-0.029574584	-0.025802612
-0.029473877	-0.025611877
-0.029379273	-0.025402069
-0.029280091	-0.025222778
-0.029180909	-0.025032043
-0.029089356	-0.024829865
-0.028988648	-0.024665833
-0.028894043	-0.024440765
-0.028796386	-0.024234772
-0.028701782	-0.024009705
-0.028598022	-0.023803711
-0.028501892	 -0.02362442
-0.028404236	-0.023475647
-0.028308105	-0.023323059
-0.028208923	-0.023162842
-0.028112793	-0.022968292
-0.028009033	-0.022773743
-0.027919006	-0.022590637
-0.027815247	-0.022407532
-0.027720641	-0.022239685
-0.027621459	-0.022045135
-0.027523804	-0.021835327
-0.027426148	 -0.02161026
-0.027330017	 -0.02141571
-0.027230835	-0.021244049
-0.027136231	-0.021087646
-0.027038574	  -0.0209198
-0.026940918	-0.020767212
-0.026841735	-0.020610809
-0.026744079	-0.020423889
-0.026644897	-0.020236969
-0.026547242	-0.020042419
-0.026452636	-0.019866943
-0.026353454	-0.019714355
-0.026255798	 -0.01953125
-0.026158143	  -0.0193367
-0.026062012	-0.019123077
-0.025965881	-0.018947601
-0.025866698	-0.018779755
-0.025770569	-0.018661499
-0.025668334	-0.018527985
-0.025572205	-0.018386841
-0.025474548	-0.018218994
-0.025376892	-0.018032074
 -0.02527771	-0.017845154
-0.025186157	-0.017677307
  -0.0250885	-0.017513275
-0.024989318	-0.017349243
-0.024890136	-0.017166138
-0.024792481	-0.016967773
-0.024693299	-0.016784668
-0.024597168	-0.016624451
-0.024499511	-0.016490936
-0.024403382	-0.016376495
-0.024302673	 -0.01625061
-0.024209594	-0.016117096
-0.024110412	-0.015956879
-0.024014283	-0.015800476
-0.023915101	-0.015647888
 -0.02381897	-0.015506744
-0.023718262	-0.015357971
-0.023620605	-0.015205383
-0.023524474	-0.015029907
-0.023428345	-0.014862061
-0.023330688	-0.014690399
-0.023236085	-0.014533997
-0.023135375	-0.014400482
-0.023036193	-0.014289856
-0.022937011	-0.014156342
-0.022842407	-0.014022827
  -0.0227417	-0.013870239
-0.022644043	-0.013702393
-0.022546386	-0.013557434
-0.022450257	-0.013420105
-0.022351075	-0.013282776
-0.022259522	-0.013145447
-0.022158813	-0.012962341
-0.022062683	-0.012805939
-0.021963501	-0.012653351
-0.021868896	-0.012523651
-0.021766663	-0.012413025
 -0.02166748	-0.012321472
-0.021572877	-0.012187958
 -0.02147522	-0.012054443
-0.021372985	  -0.0119133
 -0.02128296	-0.011764526
 -0.02118225	-0.011646271
-0.021086121	-0.011512756
-0.020988464	-0.011367798
-0.020889282	-0.011219025
-0.020793151	-0.011066437
-0.020693969	-0.010917664
-0.020596314	-0.010791779
-0.020500183	-0.010665894
-0.020399475	-0.010570526
-0.020306397	-0.010475159
-0.020207215	-0.010341644
-0.020109558	 -0.01020813
-0.020011902	 -0.01007843
-0.019914245	-0.0099449158
-0.019813538	-0.0098228455
-0.019720459	-0.0096969604
-0.019619752	-0.0095748901
-0.019525146	-0.0094223022
-0.019422913	-0.0092849731
-0.019329835	-0.0091514587
-0.019230653	-0.0090332031
 -0.01913147	-0.0089416504
-0.019033814	-0.0088348389
-0.018939208	-0.0087242126
-0.018836975	-0.008605957
-0.018740844	-0.0084648132
-0.018643189	-0.008354187
-0.018548584	-0.008228302
-0.018447876	-0.0081138611
-0.018353272	-0.0079956055
-0.018255616	-0.0078811646
-0.018157959	-0.0077438354
-0.018057251	-0.007610321
-0.017962646	-0.0075035095
-0.017861938	-0.0073890686
-0.017764281	-0.0073013306
-0.017666627	-0.007194519
-0.017573547	-0.0070991516
-0.017471313	-0.006980896
 -0.01737671	-0.0068740845
-0.017279053	-0.0067596436
-0.017179871	-0.0066375732
-0.017082214	-0.0065345764
-0.016987611	-0.0064239502
-0.016888428	-0.0063018799
-0.016790772	-0.0061798096
-0.016693115	-0.0060653687
-0.016595459	-0.0059700012
-0.016494751	-0.0058670044
-0.016400147	-0.0057830811
-0.016302491	-0.0056991577
-0.016204834	-0.0055847168
-0.016107177	-0.0054855347
-0.016009521	-0.0053749084
-0.015911866	-0.005279541
-0.015812684	-0.0051727295
-0.015716553	-0.0050888062
-0.015618896	-0.0049667358
-0.015519714	-0.0048561096
-0.015426636	-0.0047607422
-0.015328979	-0.004650116
-0.015231323	-0.0045547485
-0.015129089	-0.0044746399
-0.015036011	-0.0043945313
-0.014935303	-0.0043182373
 -0.01483612	-0.0042190552
 -0.01473999	-0.0041275024
-0.014642334	-0.0040206909
-0.014544678	-0.0039367676
-0.014450073	-0.0038490295
-0.014352417	-0.0037536621
-0.014254761	 -0.00365448
-0.014157104	-0.0035629272
-0.014060974	-0.0034637451
 -0.01395874	-0.0033798218
-0.013864135	-0.0032958984
-0.013764953	-0.0032234192
-0.013667298	-0.0031509399
-0.013571167	-0.0030670166
-0.013473511	-0.0029830933
-0.013375854	-0.0029029846
-0.013278198	-0.0028152466
 -0.01317749	-0.0027351379
-0.013085937	-0.0026626587
-0.012983704	-0.002571106
-0.012884522	-0.0024986267
-0.012786865	-0.0024032593
-0.012692261	-0.0023269653
-0.012591553	-0.0022583008
-0.012496948	-0.0021896362
-0.012397766	-0.0021286011
-0.012303161	-0.0020713806
-0.012203979	-0.001991272
-0.012109375	-0.0019302368
-0.012005615	-0.0018463135
 -0.01191101	-0.0017852783
-0.011810303	-0.0017204285
-0.011717224	-0.0016517639
-0.011618042	-0.0015945435
-0.011521911	-0.0015144348
-0.011422729	-0.001449585
-0.011328125	-0.0013809204
-0.011228943	-0.0013313293
-0.011132812	-0.0012817383
-0.011030579	-0.0012207031
-0.010935974	-0.0011749268
-0.010836792	-0.0011138916
-0.010739136	-0.0010604858
 -0.01064148	-0.0010070801
-0.010546875	-0.00095748901
-0.010449219	-0.00091552734
-0.010354614	-0.00086975098
-0.010250854	-0.00080490112
 -0.01015625	-0.00075531006
-0.010055542	-0.00070953369
-0.0099609373	-0.00066375732
-0.0098602297	-0.00062942505
-0.009765625	-0.00059509277
-0.0096649174	-0.0005607605
-0.0095718382	-0.00052261353
-0.0094741825	-0.00048446655
-0.0093765259	-0.00045013428
-0.0092758182	-0.0004234314
-0.0091796871	-0.00039291382
-0.009080505	-0.00036239624
-0.0089813229	-0.00032424927
-0.0088851927	-0.00030517578
-0.0087890625	-0.0002746582
-0.0086883549	-0.00025939941
-0.0085968021	-0.00023269653
 -0.00849762	-0.00021362305
-0.0084014889	-0.00019836426
-0.0083023068	-0.00018310547
-0.0082061766	-0.00017166138
-0.0081039425	-0.00015640259
-0.0080062868	-0.0001411438
-0.0079101566	-0.00012969971
  -0.0078125	-0.00011825562
-0.0077148438	-0.00010681152
-0.0076202392	-9.9182129e-005
-0.007521057	-9.1552734e-005
-0.0074218749	-8.0108643e-005
-0.0073242188	-8.0108643e-005
-0.0072296141	-6.8664551e-005
-0.0071289064	-6.8664551e-005
-0.0070312498	-5.3405762e-005
-0.0069351196	-5.7220459e-005
-0.0068359375	-5.7220459e-005
-0.0067382813	-4.5776367e-005
-0.0066467286	-3.8146973e-005
-0.0065460205	-4.196167e-005
-0.0064483644	-4.5776367e-005
-0.0063507082	-3.4332275e-005
-0.0062530516	-3.8146973e-005
-0.006149292	-3.0517578e-005
-0.0060577393	-3.0517578e-005
-0.0059585571	-3.4332275e-005
-0.0058624269	-2.6702881e-005
-0.0057586669	-2.2888184e-005
-0.0056640627	-2.6702881e-005
-0.005569458	-2.2888184e-005
-0.0054702759	-3.0517578e-005
-0.0053741457	-3.0517578e-005
-0.0052719116	-3.0517578e-005
-0.0051788329	-2.2888184e-005
-0.0050781248	-1.9073486e-005
-0.0049835206	-3.0517578e-005
-0.0048858644	-2.2888184e-005
-0.0047882078	-3.0517578e-005
-0.0046905517	-2.2888184e-005
-0.0045898436	-2.2888184e-005
-0.0044937134	-2.6702881e-005
-0.0043975832	-3.0517578e-005
-0.0042968751	-2.6702881e-005
-0.0042022704	-1.9073486e-005
-0.0041030883	-3.0517578e-005
-0.0040084841	-2.6702881e-005
-0.0039093019	-3.0517578e-005
-0.0038085938	-3.4332275e-005
-0.0037139892	-3.0517578e-005
-0.003617859	-2.2888184e-005
-0.0035171509	-2.6702881e-005
-0.0034240722	-2.6702881e-005
 -0.00332489	-3.0517578e-005
-0.0032257079	-2.2888184e-005
-0.0031280518	-1.5258789e-005
-0.0030303956	-2.6702881e-005
-0.0029357909	-2.2888184e-005
-0.0028366088	-3.0517578e-005
-0.0027420043	-2.2888184e-005
-0.0026412965	-2.6702881e-005
-0.0025451661	-3.8146973e-005
-0.002444458	-3.0517578e-005
-0.0023468018	-1.5258789e-005
-0.0022491454	-3.8146973e-005
-0.0021514893	-2.6702881e-005
-0.0020553588	-3.0517578e-005
-0.0019577027	-3.0517578e-005
-0.0018615723	-2.2888184e-005
-0.0017623901	-3.0517578e-005
-0.0016662597	-2.6702881e-005
-0.0015655517	-3.0517578e-005
-0.0014663696	-3.0517578e-005
-0.0013702393	-1.5258789e-005
-0.001272583	-3.0517578e-005
-0.0011749268	-3.0517578e-005
-0.0010787963	-2.2888184e-005
-0.00097961421	-2.2888184e-005
-0.00088500977	-3.0517578e-005
-0.00078735349	-2.2888184e-005
-0.00068664551	-3.4332275e-005
-0.00058898923	-2.2888184e-005
-0.00049438479	-3.0517578e-005
-0.00039520263	-2.6702881e-005
-0.00029907227	-3.0517578e-005
-0.00020141601	-3.0517578e-005
-0.00010375977	-3.0517578e-005
-6.1035157e-006	-3.0517578e-005
9.1552734e-005	-3.0517578e-005
0.00018768311	-3.0517578e-005
0.00028533937	-1.9073486e-005
0.0003845215	-2.2888184e-005
0.00048217774	-3.0517578e-005
0.00057678221	-2.6702881e-005
0.00067596434	-2.2888184e-005
0.00077514647	-3.0517578e-005
0.00087280275	-3.0517578e-005
0.00096740725	-3.0517578e-005
0.0010681152	-2.6702881e-005
0.0011642457	-2.6702881e-005
 0.001260376	-2.6702881e-005
0.0013610839	-2.6702881e-005
0.0014556885	-2.6702881e-005
0.0015533448	-3.0517578e-005
0.0016540528	-2.2888184e-005
0.0017501831	-2.6702881e-005
0.0018463135	-3.4332275e-005
0.0019439697	-3.0517578e-005
 0.002041626	-2.6702881e-005
0.0021392822	-3.0517578e-005
0.0022369386	-3.0517578e-005
0.0023345947	-3.0517578e-005
0.0024353028	-2.6702881e-005
 0.002531433	-4.5776367e-005
0.0026306151	-3.4332275e-005
0.0027267456	-3.0517578e-005
 0.002822876	-2.6702881e-005
0.0029190064	-2.2888184e-005
0.0030197143	-2.2888184e-005
 0.003112793	-2.6702881e-005
0.0032135011	-2.6702881e-005
0.0033126832	-2.2888184e-005
0.0034072876	-3.0517578e-005
0.0035064698	-2.6702881e-005
0.0036041259	-3.0517578e-005
0.0037033081	-2.2888184e-005
0.0037994385	-3.0517578e-005
0.0038986206	-3.4332275e-005
0.0039947508	-2.2888184e-005
0.0040893555	-2.6702881e-005
0.0041885376	-3.0517578e-005
0.0042877197	-3.0517578e-005
0.0043853759	-3.4332275e-005
 0.004484558	-3.0517578e-005
0.0045776367	-2.2888184e-005
0.0046783448	-2.2888184e-005
 0.004776001	-3.0517578e-005
0.0048736571	-3.0517578e-005
0.0049713133	-3.0517578e-005
 0.005065918	-3.0517578e-005
0.0051666261	-2.6702881e-005
0.0052627563	-2.2888184e-005
0.0053604124	-1.9073486e-005
0.0054595945	-2.6702881e-005
0.0055541992	-2.2888184e-005
0.0056533813	-2.6702881e-005
 0.005747986	-2.6702881e-005
0.0058471682	-3.0517578e-005
0.0059478758	-2.2888184e-005
0.0060409545	-2.2888184e-005
0.0061401366	-3.0517578e-005
0.0062393188	-1.9073486e-005
0.0063369749	-1.1444092e-005
 0.006436157	-2.2888184e-005
0.0065307617	-1.1444092e-005
0.0066284179	-1.5258789e-005
 0.006726074	-3.8146973e-006
0.0068252562	           0
0.0069244383	7.6293945e-006
 0.007019043	           0
0.0071166991	1.5258789e-005
0.0072143553	1.9073486e-005
0.0073120119	3.0517578e-005
 0.007411194	3.0517578e-005
0.0075073242	4.5776367e-005
0.0076065063	5.3405762e-005
0.0076995851	6.4849854e-005
0.0078002932	6.8664551e-005
0.0078979488	7.6293945e-005
 0.007997131	9.1552734e-005
0.0080902101	0.00010299683
0.0081909178	0.00012207031
 0.008287048	0.0001373291
0.0083862301	0.00014877319
0.0084838867	0.00016021729
0.0085815433	0.00018310547
0.0086761471	0.00020599365
0.0087768557	0.00023651123
0.0088745113	0.00024414063
 0.008972168	0.0002746582
0.0090698246	0.00029754639
0.0091690067	0.00032424927
0.0092651369	0.00035095215
0.0093627926	0.00038146973
0.0094604492	0.0004119873
0.0095581058	0.00044631958
0.0096557615	0.00046539307
0.0097503662	0.00050735474
0.0098526003	0.0005569458
0.0099456785	0.00059509277
 0.010046387	0.00063323975
 0.010144043	0.00067138672
 0.010241699	0.00071716309
 0.010339355	0.00076293945
 0.010437012	0.00080871582
 0.010533142	0.00084686279
 0.010627747	0.00089263916
 0.010728454	0.00093078613
 0.010830688	0.0009765625
 0.010925293	0.0010299683
  0.01102295	0.0010948181
  0.01111908	0.0011444092
 0.011216735	0.0012054443
 0.011315918	0.0012664795
 0.011412049	0.0013313293
 0.011509704	0.0013885498
 0.011605835	0.0014419556
 0.011703491	0.0015029907
 0.011802673	0.0015716553
 0.011898804	 0.001625061
  0.01199646	0.0016937256
 0.012097168	0.0017471313
 0.012194824	0.0018081665
  0.01229248	0.0018730164
 0.012391662	0.0019493103
 0.012487793	0.0020294189
 0.012582397	0.0021057129
 0.012680054	0.0021820068
  0.01277771	0.0022468567
 0.012875366	0.0023193359
 0.012973023	0.0024032593
  0.01307373	0.0024681091
 0.013168335	0.0025482178
 0.013269043	0.0026168823
 0.013366699	0.0026931763
 0.013461304	0.0027542114
  0.01355896	0.0028305054
 0.013656616	0.0029220581
 0.013752746	0.0030250549
 0.013850403	0.0031051636
 0.013949585	0.0031967163
 0.014047241	0.0032920837
 0.014144897	0.0033683777
 0.014242554	0.0034561157
  0.01434021	0.0035476685
 0.014437866	0.0036277771
 0.014535522	0.0037155151
 0.014631653	0.0037994385
 0.014727783	0.0038833618
 0.014825439	0.0039596558
 0.014924621	0.0040473938
 0.015023803	0.0041542053
  0.01512146	0.0042572021
 0.015219117	0.0043640137
 0.015316772	0.0044708252
 0.015414429	0.0045623779
 0.015509034	0.0046463013
 0.015606689	 0.004737854
 0.015707398	0.0048370361
 0.015802002	0.0049362183
 0.015901184	0.0050392151
 0.015995789	0.0051345825
 0.016096497	0.0052146912
 0.016192626	0.0053024292
 0.016290283	0.0054168701
 0.016394043	 0.005531311
 0.016484071	0.0056419373
 0.016583253	0.0057601929
 0.016680907	 0.005859375
 0.016778564	0.0059585571
 0.016879272	0.0060653687
 0.016976928	0.0061759949
 0.017071534	0.0062789917
 0.017172242	 0.006401062
 0.017266845	0.0065002441
 0.017367553	0.0065917969
 0.017459106	0.0066871643
 0.017556762	0.0067901611
  0.01765747	0.0069160461
 0.017756652	0.0070419312
 0.017851258	0.0071678162
 0.017951965	0.0072975159
 0.018048096	0.0074081421
 0.018145751	0.0075187683
 0.018243408	0.0076255798
 0.018339539	0.0077476501
 0.018438721	0.0078201294
 0.018536378	0.0079345703
 0.018634032	0.0080604553
 0.018731689	0.0081939697
 0.018829346	0.0083427429
 0.018930053	0.0084648132
 0.019021606	0.0085868835
 0.019120788	0.0087013245
  0.01921997	0.0088157654
 0.019317627	0.0089416504
 0.019413758	0.0090675354
  0.01951294	0.0091896057
 0.019609069	0.0093078613
 0.019708252	0.0094146729
 0.019802857	0.0095291138
 0.019906616	0.0096473694
 0.019998169	0.0097808838
 0.020098876	0.0099372864
 0.020196533	 0.010055542
 0.020292664	  0.01020813
 0.020388793	 0.010334015
 0.020491028	   0.0104599
 0.020585632	  0.01058197
 0.020684814	 0.010726929
  0.02077942	 0.010860443
 0.020880127	 0.010993958
 0.020974731	 0.011100769
 0.021072388	 0.011219025
  0.02117157	 0.011329651
 0.021269226	 0.011474609
  0.02136383	 0.011611938
 0.021464538	 0.011779785
 0.021560669	 0.011924744
 0.021662902	 0.012077332
 0.021759033	 0.012203217
 0.021858215	 0.012336731
 0.021948243	  0.01247406
  0.02204895	 0.012619019
 0.022148132	 0.012767792
 0.022244263	 0.012893677
 0.022341918	 0.013008118
 0.022439575	 0.013134003
 0.022537231	 0.013267517
 0.022636414	  0.01342392
 0.022732545	 0.013584137
 0.022830199	 0.013755798
 0.022924805	 0.013893127
 0.023022462	 0.014053345
 0.023121644	 0.014190674
 0.023220826	 0.014320374
 0.023316955	 0.014469147
 0.023416137	 0.014640808
 0.023515319	 0.014778137
 0.023609925	 0.014930725
  0.02370758	 0.015048981
 0.023806762	  0.01518631
 0.023901368	 0.015338898
 0.024002075	   0.0154953
 0.024098206	  0.01568222
 0.024197388	 0.015861511
 0.024293518	 0.016021729
   0.0243927	 0.016166687
 0.024490356	  0.01631546
 0.024586488	 0.016479492
 0.024682617	  0.01663208
 0.024783324	 0.016799927
 0.024874877	 0.016944885
 0.024975587	 0.017086029
 0.025073241	 0.017227173
 0.025173951	 0.017372131
 0.025268555	 0.017539978
 0.025369262	 0.017726898
 0.025465393	 0.017913818
 0.025561523	 0.018104553
 0.025659179	 0.018260956
 0.025758361	 0.018428802
 0.025849914	 0.018585205
 0.025952149	 0.018756866
 0.026048278	 0.018924713
  0.02614441	  0.01908493
 0.026245117	 0.019248962
 0.026344299	  0.01940155
 0.026437378	 0.019546509
 0.026541138	 0.019721985
 0.026634216	  0.01990509
 0.026733398	 0.020103455
 0.026828002	 0.020301819
 0.026924133	 0.020488739
 0.027023315	 0.020664215
 0.027124023	 0.020839691
 0.027218629	 0.021003723
 0.027319336	 0.021190643
 0.027416993	 0.021373749
 0.027516175	  0.02155304
 0.027612304	 0.021717072
 0.027709961	 0.021865845
 0.027807618	 0.022033691
 0.027902221	 0.022228241
 0.028001403	 0.022422791
 0.028097535	 0.022632599
 0.028192138	 0.022850037
 0.028295899	 0.023044586
 0.028390503	 0.023231506
 0.028488159	 0.023414612
 0.028585816	 0.023601532
 0.028686523	 0.023796082
 0.028781127	 0.023994446
 0.028881837	 0.024169922
  0.02897644	 0.024345398
 0.029074097	 0.024520874
 0.029171754	 0.024703979
 0.029272461	 0.024909973
 0.029367065	 0.025131226
 0.029464722	 0.025352478
 0.029562378	  0.02557373
  0.02966156	 0.025787354
 0.029756164	 0.025970459
 0.029852295	 0.026172638
 0.029953003	 0.026382446
 0.030047607	 0.026596069
 0.030148316	 0.026794434
 0.030245971	  0.02696991
 0.030343628	 0.027153015
  0.03044281	 0.027336121
 0.030538941	 0.027549744
  0.03063507	 0.027786255
 0.030734252	 0.028022766
 0.030828858	 0.028266907
  0.03092804	 0.028495789
 0.031024169	 0.028709412
 0.031121826	 0.028915405
 0.031222533	 0.029136658
 0.031320192	 0.029361725
 0.031416319	 0.029594421
  0.03151245	 0.029800415
  0.03161316	 0.030014038
 0.031707764	 0.030204773
 0.031808473	 0.030410767
 0.031904601	 0.030647278
  0.03200531	 0.030879974
 0.032101441	  0.03119278
 0.032196045	 0.031440735
   0.0322937	 0.031684875
 0.032394409	 0.031944275
 0.032489013	 0.032161713
 0.032589722	 0.032382965
 0.032682799	 0.032554626
 0.032781981	 0.032859802
 0.032879639	 0.033023834
 0.032977294	 0.033184052
 0.033071898	 0.033309937
 0.033175658	 0.033390045
 0.033270262	 0.033527374
 0.033370972	 0.033718109
 0.033468626	 0.033840179
 0.033566285	 0.033966064
 0.033660889	 0.034168243
 0.033761598	 0.034328461
 0.033856202	 0.034454346
 0.033956908	 0.034633636
 0.034051515	 0.034759521
 0.034152221	 0.034923553
 0.034248352	 0.035110474
 0.034347534	 0.035247803
 0.034442138	 0.035469055
 0.034542847	 0.035709381
 0.034638979	 0.035861969
 0.034736633	 0.036167145
 0.034834288	 0.036422729
  0.03493347	 0.036663055
  0.03502655	 0.036846161
 0.035125732	 0.036994934
 0.035223387	 0.037284851
 0.035322569	 0.037464142
 0.035417177	 0.037708282
 0.035516359	 0.037979126
 0.035614014	  0.03805542
 0.035711668	  0.03817749
 0.035806276	 0.038478851
 0.035906982	 0.038803101
 0.036001585	 0.039070129
 0.036102295	 0.039268494
 0.036198426	  0.03956604
 0.036297608	 0.039768219
 0.036395263	 0.039985657
 0.036495972	   0.0402565
 0.036587525	 0.040512085
 0.036686707	 0.040740967
 0.036785889	  0.04088974
 0.036882021	 0.040924072
 0.036978148	 0.041149139
 0.037080385	 0.041561127
  0.03717804	  0.04177475
 0.037277222	 0.041965485
 0.037368774	 0.042293549
 0.037469484	 0.042491913
 0.037564088	 0.042621613
 0.037661742	 0.042980194
 0.037762452	 0.043323517
 0.037858583	 0.043579102
  0.03795471	 0.043823242
  0.03805542	  0.04417038
 0.038151551	   0.0442276
 0.038250733	 0.044403076
 0.038345337	 0.044754028
 0.038446046	 0.044872284
 0.038537599	 0.045223236
 0.038639832	 0.045341492
 0.038735963	 0.045806885
 0.038836669	 0.046134949
 0.038931273	 0.046615601
 0.039031982	  0.04668045
 0.039128114	   0.0470047
 0.039227296	 0.047374725
  0.03932495	 0.047718048
 0.039422609	 0.047904968
 0.039517213	 0.048248291
 0.039617918	 0.048530579
 0.039709471	 0.048713684
 0.039811708	 0.048622131
 0.039904784	 0.048446655
 0.040008545	  0.04857254
 0.040104676	 0.049232483
 0.040202331	 0.050170898
 0.040296935	 0.050621033
 0.040397644	 0.050773621
 0.040490724	 0.050888062
  0.04059143	  0.05083847
 0.040689088	 0.051376343
 0.040786743	 0.051868439
 0.040884398	 0.052574158
 0.040982056	 0.052482605
 0.041079711	 0.052909851
 0.041178893	 0.053218842
 0.041273497	  0.05329895
 0.041375734	 0.053901672
 0.041470338	 0.054130554
 0.041567992	  0.05450058
 0.041664124	 0.054912567
 0.041761778	 0.055194855
  0.04186096	 0.055503845
 0.041960143	 0.056064606
 0.042056274	 0.056488037
 0.042153932	 0.056621552
 0.042251587	 0.057331085
 0.042349242	 0.056938171
 0.042443849	 0.056690216
 0.042541504	  0.05821228
 0.042642213	 0.058364868
 0.042739868	 0.058563232
 0.042835999	 0.058540344
 0.042935181	 0.059658051
 0.043032836	 0.059623718
  0.04312744	 0.059936523
 0.043226622	 0.058719635
 0.043322753	 0.059375763
 0.043420412	 0.060142517
 0.043515015	 0.061264038
 0.043618776	 0.062046051
 0.043714903	 0.062019348
 0.043814085	 0.062419891
 0.043910217	 0.062511444
 0.044007875	  0.06306839
 0.044104002	 0.063434601
 0.044200134	 0.062908173
 0.044299316	 0.063919067
 0.044396974	 0.064289093
 0.044493102	 0.063625336
 0.044592284	 0.063102722
 0.044689942	 0.061443329
 0.044790648	 0.063747406
 0.044886779	 0.064552307
 0.044985961	 0.064395905
 0.045079041	 0.066596985
 0.045175172	 0.066345215
 0.045275878	  0.06659317
 0.045372009	 0.067340851
 0.045469664	 0.067886353
 0.045571901	 0.067527771
 0.045669556	 0.067695618
 0.045764159	   0.0676651
 0.045860291	 0.068477631
 0.045959473	 0.069076538
 0.046057127	 0.068904877
  0.04615631	   0.0691185
 0.046252441	 0.069313049
 0.046347044	 0.069454193
 0.046443176	 0.069519043
 0.046545409	 0.069671631
 0.046643067	 0.070674896
 0.046740722	 0.071037292
 0.046835326	  0.07144165
 0.046936035	 0.071285248
 0.047030639	 0.072246552
 0.047129821	 0.072319031
 0.047225952	 0.071617126
 0.047323607	 0.072593689
 0.047421265	 0.073554993
 0.047521971	 0.074504852
 0.047618102	 0.073673248
 0.047715761	 0.073600769
 0.047811888	 0.075019836
 0.047912598	 0.075191498
 0.048007201	 0.076274872
  0.04810486	  0.07686615
 0.048199464	 0.076694489
 0.048301697	 0.076408386
 0.048396301	 0.076335907
  0.04849701	 0.077430725
 0.048593141	 0.077121735
 0.048692323	 0.077354431
 0.048786927	 0.078525543
  0.04888916	 0.078624725
 0.048983764	 0.079463959
 0.049081422	 0.080188751
  0.04917755	 0.080608368
 0.049276732	 0.080448151
 0.049372863	  0.08058548
 0.049472045	 0.080463409
 0.049571227	 0.079116821
 0.049668886	 0.078536987
  0.04976349	 0.079612732
 0.049865723	 0.080604553
 0.049957275	 0.081481934
 0.050056458	 0.081787109
 0.050157167	 0.082550049
 0.050250243	 0.083488464
 0.050346375	 0.084701538
 0.050448608	 0.084377289
 0.050543211	 0.084209442
 0.050643921	 0.083934784
 0.050738525	  0.08524704
 0.050840758	 0.086448669
 0.050935365	 0.087535858
 0.051036071	 0.086528778
 0.051129151	 0.084911346
 0.051229857	 0.085357666
  0.05132141	 0.086776733
 0.051422119	 0.086910248
 0.051522829	 0.086959839
 0.051617432	 0.087799072
 0.051715087	 0.088230133
 0.051814269	 0.089179993
 0.051908873	 0.089355469
 0.052008055	 0.090564728
 0.052105714	 0.091121674
 0.052203368	  0.09079361
 0.052297972	  0.09141922
 0.052404784	 0.091598511
 0.052497864	 0.091217041
 0.052597046	  0.09072876
  0.05269165	 0.089954376
 0.052790832	 0.092842102
 0.052883912	 0.094085693
 0.052983094	 0.094490051
 0.053082276	 0.094959259
 0.053182982	 0.093914032
 0.053276062	 0.093158722
 0.053375244	 0.093166351
 0.053472899	 0.092754364
 0.053572081	 0.092063904
 0.053671263	 0.093299866
 0.053764343	 0.093921661
 0.053863525	 0.094551086
  0.05396118	 0.095630646
 0.054058839	 0.096843719
 0.054153442	 0.096408844
 0.054252625	 0.097072601
 0.054348756	  0.09778595
 0.054449461	 0.098228455
 0.054550171	 0.097793579
 0.054644775	 0.098865509
 0.054742433	 0.099033356
 0.054837037	 0.099273682
 0.054936219	  0.09935379
  0.05503235	  0.09985733
 0.055133056	  0.10005569
 0.055229187	  0.10098648
 0.055328369	  0.10204697
 0.055422973	  0.10061646
 0.055523682	  0.10079575
 0.055621337	  0.10131073
 0.055717468	  0.10177231
 0.055813599	  0.10126877
 0.055915833	  0.10121918
 0.056010436	  0.10178757
  0.05610504	  0.10204315
  0.05620575	  0.10297012
 0.056304932	  0.10304642
 0.056404114	  0.10394287
 0.056498718	  0.10391998
   0.0565979	  0.10418701
 0.056694031	  0.10483551
 0.056791686	  0.10504532
 0.056887817	  0.10460281
 0.056985475	  0.10507202
 0.057086181	  0.10556793
 0.057179261	  0.10602188
 0.057278443	  0.10660553
 0.057377625	  0.10639191
 0.057478331	  0.10427856
 0.057571411	  0.10515594
 0.057672121	  0.10618591
 0.057765197	  0.10713959
 0.057865907	  0.10726547
 0.057962038	  0.10682297
 0.058059692	   0.1072731
 0.058155823	  0.10780716
 0.058253478	  0.10882568
 0.058354188	  0.10814285
 0.058450319	  0.10906601
 0.058551025	  0.10906601
 0.058647156	  0.10913849
 0.058740236	  0.10945129
 0.058839418	  0.10918427
 0.058937073	  0.10892487
 0.059036255	  0.10968399
  0.05913391	  0.11005783
 0.059231568	  0.10991287
 0.059329223	  0.10852051
 0.059431456	   0.1093483
 0.059524536	    0.110672
 0.059622191	  0.11200333
 0.059716798	  0.11218262
 0.059817504	  0.11233139
 0.059915163	  0.11257553
 0.060009766	  0.11307907
 0.060105897	  0.11319733
 0.060206603	  0.11408234
 0.060304262	  0.11413193
 0.060403444	  0.11507034
 0.060501099	  0.11523819
 0.060595702	  0.11559296
 0.060693361	  0.11588669
 0.060792543	  0.11553192
 0.060891725	  0.11566925
  0.06098938	  0.11589432
 0.061083984	  0.11685944
 0.061183166	  0.11743927
 0.061282348	  0.11730957
 0.061384581	  0.11754608
 0.061476134	  0.11776352
 0.061573792	  0.11798477
 0.061669923	  0.11854935
 0.061767578	  0.11935043
 0.061868288	  0.11920929
  0.06195984	  0.11923981
 0.062057495	  0.11927414
 0.062161256	  0.11957169
 0.062255859	    0.120121
 0.062353514	  0.12055969
 0.062452696	  0.12051392
 0.062551878	  0.12067032
 0.062644958	  0.12126923
 0.062745668	  0.12119293
 0.062840268	  0.12163162
  0.06293945	   0.1221962
 0.063035585	  0.12220383
 0.063134767	  0.12230301
 0.063232422	  0.12257767
 0.063330077	  0.12282562
 0.063427731	  0.12249374
 0.063525394	  0.12316132
 0.063616946	  0.12336731
 0.063719176	  0.12362671
 0.063815311	  0.12391663
 0.063911438	  0.12414551
 0.064009093	  0.12475586
  0.06411133	  0.12488174
 0.064210512	       0.125
 0.064306639	  0.12532806
 0.064401247	  0.12599945
 0.064498901	  0.12622452
 0.064598083	  0.12633514
 0.064694211	  0.12586975
  0.06479492	  0.12674332
 0.064889528	  0.12673569
 0.064985655	  0.12705994
 0.065087892	  0.12778854
 0.065182492	  0.12794113
 0.065280154	   0.1282196
 0.065379336	  0.12776947
 0.065478519	  0.12825775
 0.065573119	  0.12857056
 0.065673828	  0.12929153
 0.065766908	  0.12950134
 0.065867618	  0.12994385
 0.065963745	  0.13020325
   0.0660614	  0.13049316
 0.066162109	  0.13082504
 0.066259764	  0.13070679
 0.066357419	  0.13097382
 0.066452026	  0.13096619
 0.066549681	  0.13175964
 0.066647336	  0.13212585
 0.066744998	  0.13232803
   0.0668457	  0.13254929
 0.066940308	  0.13274384
 0.067041017	  0.13306046
 0.067134097	  0.13328934
 0.067233279	   0.1335144
 0.067327879	  0.13380432
 0.067428589	  0.13402557
 0.067524716	  0.13433456
 0.067626953	  0.13458252
 0.067720033	  0.13474274
 0.067819215	  0.13503265
 0.067913815	  0.13531113
 0.068014525	  0.13554382
  0.06811066	  0.13575363
 0.068211362	   0.1360817
 0.068302915	  0.13633347
 0.068405151	  0.13652802
 0.068499759	  0.13673782
 0.068600461	  0.13686371
 0.068695068	  0.13717651
 0.068795778	  0.13734818
 0.068891905	  0.13768005
 0.068991087	  0.13788986
 0.069084167	    0.138134
 0.069186404	  0.13835907
 0.069282532	  0.13856506
 0.069384769	  0.13869858
 0.069476321	   0.1389389
 0.069580078	  0.13916779
 0.069674686	  0.13937378
 0.069770813	  0.13969421
  0.06986694	  0.13995361
 0.069970705	  0.14016724
 0.070065305	  0.14039993
 0.070159912	  0.14056396
 0.070260622	  0.14078903
 0.070358276	  0.14107132
 0.070452884	  0.14135742
 0.070553586	  0.14160919
 0.070652768	  0.14183807
 0.070748903	  0.14201355
 0.070843503	  0.14226532
 0.070944212	  0.14248657
  0.07103882	  0.14271164
 0.071136475	  0.14290237
 0.071234129	  0.14310455
 0.071334839	  0.14331818
 0.071427919	  0.14350128
 0.071528628	  0.14382172
 0.071623228	  0.14403152
 0.071723938	  0.14425278
 0.071815491	  0.14451218
 0.071917728	  0.14477921
 0.072015382	  0.14499664
 0.072113037	  0.14524078
 0.072210692	  0.14552307
 0.072308347	  0.14569092
 0.072404481	  0.14588547
 0.072506711	  0.14631653
 0.072604373	  0.14653397
 0.072698973	  0.14658356
 0.072795108	  0.14682388
  0.07289581	  0.14708328
 0.072991945	   0.1472702
   0.0730896	  0.14753342
 0.073187254	  0.14775467
 0.073283389	  0.14793396
 0.073377989	  0.14813995
 0.073480226	  0.14839935
 0.073580936	  0.14862061
 0.073677063	  0.14884186
 0.073770143	  0.14904022
 0.073870853	  0.14929581
 0.073965453	  0.14953995
 0.074066162	  0.14981079
 0.074163817	  0.15003586
 0.074267581	  0.15021896
 0.074356079	  0.15045166
 0.074459836	  0.15072632
 0.074551389	  0.15090561
 0.074649051	  0.15117264
 0.074748233	  0.15143585
  0.07484436	  0.15168762
 0.074942015	  0.15184021
 0.075042725	  0.15214539
 0.075138852	  0.15237045
 0.075239561	  0.15267944
 0.075332642	  0.15287781
 0.075434878	  0.15309143
 0.075527951	  0.15330505
 0.075625613	  0.15354538
 0.075723268	  0.15378189
  0.07582245	  0.15398026
 0.075918578	  0.15421295
 0.076016232	  0.15446854
 0.076115415	  0.15470505
 0.076217651	  0.15494537
 0.076309204	  0.15513611
 0.076406859	  0.15536499
 0.076507568	  0.15560532
 0.076605223	  0.15582275
 0.076699831	  0.15604401
 0.076797485	  0.15625763
  0.07689514	  0.15647125
 0.076992795	  0.15668488
 0.077087402	  0.15691757
 0.077188112	  0.15713501
 0.077282712	  0.15733337
 0.077383421	  0.15753937
 0.077478029	  0.15772629
 0.077578738	  0.15790176
 0.077676393	  0.15808487
 0.077774048	  0.15832901
 0.077868655	  0.15849304
 0.077970885	  0.15874481
 0.078063965	  0.15898895
 0.078167722	  0.15921783
 0.078260802	  0.15946198
 0.078359984	  0.15970612
 0.078454591	  0.15997314
 0.078553773	  0.16024017
 0.078649901	  0.16044998
  0.07875061	  0.16056442
  0.07884369	  0.16078568
  0.07894592	  0.16098785
 0.079043582	  0.16125107
 0.079141237	  0.16149139
 0.079235837	  0.16166687
 0.079336546	  0.16190338
 0.079431154	   0.1621666
 0.079527281	  0.16236496
 0.079626463	  0.16253662
   0.0797287	   0.1628418
 0.079818726	  0.16309357
 0.079919435	  0.16332245
  0.08001709	   0.1635437
 0.080120847	  0.16373825
 0.080212399	  0.16394806
 0.080310062	  0.16417313
 0.080407716	  0.16447067
 0.080508426	  0.16467285
 0.080604553	   0.1648941
 0.080700681	  0.16511154
 0.080798343	  0.16534424
 0.080895998	  0.16559219
 0.080990598	   0.1657753
  0.08108978	  0.16605759
 0.081188962	  0.16625977
 0.081289671	  0.16646194
 0.081385806	   0.1666832
 0.081483461	  0.16688538
 0.081579588	    0.167099
  0.08167877	  0.16734314
 0.081773378	  0.16754913
  0.08187256	   0.1678009
 0.081968687	  0.16804886
 0.082073972	  0.16821289
 0.082164004	   0.1684494
 0.082263187	  0.16867065
 0.082360841	  0.16883087
 0.082456969	  0.16906738
 0.082556151	  0.16927719
 0.082650758	  0.16951752
 0.082751468	  0.16975021
 0.082849123	  0.16999054
 0.082943723	  0.17022324
 0.083045959	  0.17041779
 0.083140567	  0.17060089
 0.083239749	  0.17084503
 0.083337404	   0.1710701
 0.083435059	  0.17134476
 0.083532713	  0.17153549
 0.083630368	  0.17174911
 0.083726503	  0.17195511
  0.08382263	  0.17217636
  0.08392334	  0.17245102
 0.084020995	  0.17266083
 0.084118649	  0.17287445
 0.084216312	  0.17309189
 0.084310912	  0.17334747
 0.084408566	   0.1735611
 0.084506229	  0.17375946
 0.084605411	  0.17401123
 0.084700011	  0.17423248
 0.084802248	  0.17444611
 0.084896848	  0.17466736
 0.085000612	  0.17483521
 0.085087582	  0.17507172
 0.085192874	  0.17529297
 0.085289001	  0.17549133
 0.085385129	  0.17566681
 0.085482791	  0.17587662
 0.085580446	  0.17612457
 0.085678101	  0.17636108
 0.085772708	  0.17661285
  0.08587189	  0.17682648
 0.085975647	  0.17703247
 0.086065672	  0.17717361
 0.086166382	  0.17741394
 0.086264037	  0.17761612
 0.086361691	  0.17782974
 0.086459354	  0.17805481
 0.086557008	  0.17831421
 0.086653136	  0.17852402
 0.086752318	   0.1787262
 0.086849973	  0.17894363
 0.086947635	  0.17914963
 0.087042235	  0.17935944
 0.087142944	  0.17955399
 0.087240599	  0.17976761
 0.087339781	  0.17999649
 0.087432861	  0.18022919
 0.087533571	  0.18045044
 0.087631226	  0.18068695
  0.08772888	  0.18088913
 0.087825015	  0.18109131
 0.087924197	  0.18128967
 0.088018797	  0.18153381
 0.088117979	  0.18177032
 0.088217162	  0.18199158
 0.088311769	  0.18218231
 0.088407896	  0.18240356
 0.088508606	   0.1825943
 0.088604733	  0.18279648
 0.088705443	  0.18302155
 0.088803098	  0.18325424
 0.088899232	  0.18344879
  0.08899536	  0.18363953
 0.089096069	  0.18386841
 0.089193724	  0.18407822
 0.089291379	  0.18428421
 0.089387514	  0.18450165
 0.089486696	  0.18471527
 0.089581296	  0.18494415
 0.089680478	  0.18516159
 0.089775085	  0.18537521
 0.089874268	  0.18558121
 0.089970395	  0.18577957
 0.090072632	  0.18599701
 0.090170287	  0.18621063
 0.090266421	  0.18641663
 0.090364076	  0.18663788
 0.090460204	  0.18683624
 0.090556338	  0.18702698
 0.090655521	  0.18724823
 0.090756223	  0.18743134
  0.09085083	  0.18764496
 0.090950012	  0.18784714
 0.091043092	  0.18806839
 0.091143802	  0.18825912
 0.091241457	  0.18844604
 0.091337584	   0.1886673
 0.091435239	  0.18889236
 0.091534421	  0.18912506
 0.091629028	  0.18933105
 0.091729738	  0.18956757
  0.09182892	  0.18978119
 0.091925047	  0.18998337
 0.092021182	  0.19020844
 0.092123412	  0.19041824
 0.092214964	  0.19061279
 0.092314146	  0.19081497
 0.092410281	  0.19102859
 0.092507936	  0.19121552
 0.092604063	  0.19143295
   0.0927063	  0.19165802
 0.092805482	   0.1918869
  0.09290161	   0.1920929
 0.092996217	  0.19227982
 0.093096927	  0.19250107
 0.093191527	  0.19271851
 0.093287662	   0.1929245
 0.093388364	  0.19314575
 0.093484499	  0.19334412
 0.093580626	  0.19354248
 0.093682863	  0.19375992
  0.09377899	  0.19397354
 0.093878172	  0.19415665
 0.093974307	  0.19439697
 0.094070435	  0.19460297
 0.094168089	  0.19481659
 0.094265744	   0.1950264
 0.094364926	  0.19524002
 0.094461061	  0.19544983
 0.094557188	  0.19566727
 0.094659425	  0.19588089
  0.09475708	   0.1960907
 0.094851688	  0.19630432
 0.094949342	  0.19650269
 0.095046997	  0.19671631
 0.095144652	  0.19693375
 0.095242307	  0.19714355
 0.095338441	  0.19735336
 0.095437624	  0.19755554
 0.095533751	  0.19774628
  0.09563446	  0.19796371
 0.095732115	  0.19816971
  0.09582977	  0.19837189
 0.095925905	  0.19858932
 0.096025087	  0.19878387
 0.096121214	  0.19898605
 0.096220396	  0.19918823
 0.096315004	  0.19940948
 0.096412659	  0.19961929
 0.096510313	  0.19983673
 0.096609496	  0.20002747
  0.09670715	  0.20024109
 0.096804813	  0.20044708
 0.096902467	  0.20067215
 0.097003177	  0.20087433
 0.097097777	  0.20108032
 0.097192384	  0.20129395
 0.097291566	  0.20152664
 0.097389221	  0.20170593
 0.097485349	  0.20191193
 0.097586058	  0.20213699
 0.097683713	  0.20233917
 0.097781375	   0.2025528
  0.09787903	   0.2027359
 0.097978212	  0.20295334
 0.098071292	  0.20315933
 0.098168947	  0.20336914
 0.098268129	  0.20357513
 0.098364256	  0.20378876
 0.098461911	  0.20402145
 0.098561093	  0.20423508
 0.098658755	  0.20443726
  0.09875641	  0.20465469
 0.098855592	  0.20485306
 0.098950192	  0.20505905
 0.099047855	  0.20526505
 0.099143982	  0.20548248
 0.099244691	  0.20570374
 0.099337772	   0.2059021
 0.099436954	  0.20610428
 0.099536136	   0.2063179
 0.099630736	  0.20651627
 0.099732973	  0.20671844
   0.0998291	   0.2069397
 0.099928282	  0.20713806
 0.099996947	  0.20735168
 0.099996947	  0.20755386
 0.099996947	  0.20776749
